lh.aparc.thickness	lh_bankssts_thickness	lh_caudalanteriorcingulate_thickness	lh_caudalmiddlefrontal_thickness	lh_cuneus_thickness	lh_entorhinal_thickness	lh_fusiform_thickness	lh_inferiorparietal_thickness	lh_inferiortemporal_thickness	lh_isthmuscingulate_thickness	lh_lateraloccipital_thickness	lh_lateralorbitofrontal_thickness	lh_lingual_thickness	lh_medialorbitofrontal_thickness	lh_middletemporal_thickness	lh_parahippocampal_thickness	lh_paracentral_thickness	lh_parsopercularis_thickness	lh_parsorbitalis_thickness	lh_parstriangularis_thickness	lh_pericalcarine_thickness	lh_postcentral_thickness	lh_posteriorcingulate_thickness	lh_precentral_thickness	lh_precuneus_thickness	lh_rostralanteriorcingulate_thickness	lh_rostralmiddlefrontal_thickness	lh_superiorfrontal_thickness	lh_superiorparietal_thickness	lh_superiortemporal_thickness	lh_supramarginal_thickness	lh_frontalpole_thickness	lh_temporalpole_thickness	lh_transversetemporal_thickness	lh_insula_thickness	lh_MeanThickness_thickness	BrainSegVolNotVent	eTIV
sub-0016	2.367	2.211	2.023	1.719	2.799	2.708	2.135	2.768	1.895	2.147	2.409	1.894	2.089	2.618	2.526	1.898	2.262	2.563	2.199	1.572	1.827	1.783	2.374	1.924	2.355	1.78	2.102	2.177	2.502	2.326	1.843	3.267	1.99	2.657	2.17962	1139479.0	1826103.15575
sub-0061	2.308	1.687	2.43	1.953	3.766	2.769	2.447	2.758	2.052	2.357	2.636	2.059	2.36	2.669	3.199	2.313	2.317	2.597	2.224	1.961	2.068	2.148	2.559	2.328	2.715	2.279	2.49	2.361	2.424	2.414	2.895	3.804	1.804	2.891	2.41497	1123551.0	1588960.31993
sub-0081	2.264	2.044	2.398	1.967	3.432	2.919	2.414	2.936	2.294	2.294	2.625	2.158	2.586	2.66	2.877	2.303	2.223	2.569	2.224	2.01	2.1	2.087	2.54	2.306	2.655	2.142	2.439	2.199	2.536	2.395	3.002	4.068	2.071	2.932	2.41483	1062350.0	1543150.95008
sub-0119	2.437	2.068	2.273	1.934	3.526	2.817	2.447	2.739	2.24	2.294	2.6	2.078	2.435	2.743	2.615	2.369	2.373	2.629	2.237	1.849	2.048	2.313	2.468	2.332	2.55	2.316	2.478	2.219	2.457	2.341	2.667	3.082	2.305	2.88	2.3908	1107517.0	1561030.35302
sub-0122	2.183	2.284	2.222	1.88	2.991	2.69	2.281	2.653	1.812	2.156	2.415	1.856	2.306	2.561	2.582	1.907	1.961	2.29	1.814	1.993	1.543	2.042	2.268	2.083	2.347	1.936	2.22	1.947	2.182	2.258	2.337	3.42	1.835	2.663	2.1768	1019573.0	1551132.50624
sub-0134	2.47	2.424	2.403	2.001	3.756	2.963	2.471	3.051	2.332	2.338	2.682	2.194	2.756	2.864	3.245	2.271	2.474	2.914	2.588	1.862	2.096	2.367	2.35	2.285	2.762	2.594	2.601	2.132	2.698	2.516	3.085	3.636	2.241	2.919	2.50807	1092548.0	1584051.21033
sub-0139	1.929	1.983	2.358	1.714	3.275	2.407	2.124	2.709	1.906	1.911	2.122	1.765	2.223	2.645	2.286	1.953	2.198	1.853	1.936	1.654	1.714	1.922	2.091	2.018	2.306	1.823	2.198	1.81	2.173	2.072	2.077	2.961	1.725	2.432	2.07164	1084432.0	1675398.01476
sub-0140	2.008	2.488	2.131	2.09	3.154	2.247	2.114	2.535	1.848	1.941	2.372	1.601	2.056	2.299	2.587	2.075	2.078	2.117	1.946	1.693	1.648	2.313	2.239	2.054	2.579	1.944	2.228	2.042	2.336	2.197	2.137	2.918	1.947	2.603	2.12231	1133888.0	1864168.92205
sub-0141	1.859	1.959	1.698	1.38	2.386	2.205	1.845	2.314	1.637	1.766	2.47	1.821	2.389	2.302	2.443	2.142	1.944	2.33	1.861	1.712	1.409	1.798	1.793	1.78	2.649	1.798	2.083	1.41	2.043	1.99	2.383	3.037	1.341	2.343	1.92493	1103716.0	1776912.23698
sub-0142	2.182	1.646	2.119	1.762	2.687	2.422	2.206	2.663	2.25	1.989	2.564	1.625	2.266	2.402	2.119	2.172	2.083	2.503	2.218	1.556	1.738	2.027	1.979	2.254	2.385	1.91	2.205	1.999	2.159	2.175	2.184	3.588	1.685	2.433	2.13377	953081.0	1571695.22621
sub-0143	2.362	2.122	2.161	1.648	2.924	2.54	2.284	2.713	2.078	2.107	2.431	1.885	2.277	2.533	2.472	2.069	2.118	2.4	1.994	1.456	1.761	2.172	2.155	1.929	2.472	2.014	2.291	1.863	2.536	2.249	2.367	3.416	2.286	2.583	2.18136	981705.0	1522261.2378
sub-0145	2.375	2.081	2.292	1.925	3.425	2.865	2.405	2.944	2.013	2.383	2.822	2.15	2.578	2.775	3.065	2.043	2.223	2.899	2.207	1.954	1.908	2.118	2.358	2.071	2.801	2.294	2.414	2.15	2.432	2.426	2.673	3.652	1.841	2.922	2.38162	861309.0	1308071.76882
sub-0146	2.059	2.005	2.254	1.708	3.502	2.442	2.184	2.664	1.913	1.953	2.287	1.789	2.324	2.598	2.518	2.053	2.209	2.028	1.93	1.624	1.703	1.908	2.003	2.087	2.501	1.806	2.172	1.813	2.12	2.111	2.203	2.951	1.701	2.463	2.08677	1083115.0	1678452.56595
sub-0147	2.436	2.243	2.263	1.811	3.625	2.739	2.391	2.716	1.959	2.261	2.461	1.915	2.385	2.675	2.42	2.353	2.318	2.574	2.196	1.64	1.791	2.213	2.318	2.038	2.693	2.039	2.352	2.06	2.311	2.318	2.204	3.334	1.973	2.899	2.27841	975130.0	1420751.78049
sub-0178	2.557	2.596	2.223	1.661	3.103	2.66	2.47	2.772	1.788	2.205	2.655	1.804	2.506	2.783	2.784	2.082	2.239	2.254	2.086	1.641	1.793	2.718	2.16	2.328	2.729	1.973	2.383	2.157	2.553	2.435	2.626	3.463	2.231	2.695	2.30057	951378.0	1628257.527
sub-1012	1.846	1.975	1.694	1.425	2.467	2.253	1.87	2.312	1.685	1.76	2.473	1.831	2.29	2.249	2.452	2.14	1.961	2.354	1.904	1.718	1.431	1.788	1.795	1.759	2.554	1.818	2.07	1.413	2.061	1.996	2.406	3.144	1.35	2.409	1.93275	1091304.0	1776912.23698
sub-1120	2.284	1.777	2.294	1.798	3.504	2.582	2.245	2.592	2.021	2.157	2.304	1.923	2.176	2.635	2.609	2.012	2.206	2.178	2.115	1.799	1.744	2.085	2.274	2.107	2.37	1.983	2.233	1.911	2.268	2.25	2.241	3.163	1.826	2.671	2.19966	980907.0	1466001.81932
sub-1160	2.121	2.139	2.215	1.892	3.309	2.606	2.237	2.675	2.251	2.115	2.374	1.916	2.445	2.5	1.912	2.311	2.193	2.413	2.183	1.85	1.706	2.122	2.354	2.238	2.446	2.053	2.433	1.919	2.326	2.177	2.315	3.309	2.063	2.623	2.22954	926802.0	1410364.85514
sub-1230	1.915	2.023	2.276	1.56	2.644	2.706	2.158	2.688	1.77	2.156	2.3	1.749	2.017	2.434	3.08	2.459	2.147	2.324	1.961	1.441	1.825	2.131	2.189	2.326	2.436	1.847	2.28	2.161	2.153	1.976	2.212	2.889	1.539	2.294	2.15962	988762.0	1605694.46145
sub-1310	2.62	2.146	2.401	2.047	3.396	2.883	2.512	2.903	2.434	2.399	2.497	1.917	2.4	2.861	2.476	2.34	2.254	2.406	2.214	1.907	1.947	2.259	2.501	2.381	2.555	2.089	2.402	2.218	2.385	2.377	2.704	3.224	2.094	2.784	2.38093	1099366.0	1466356.06766
sub-1340	2.657	1.76	2.321	1.659	3.739	2.719	2.398	2.639	2.05	2.266	2.379	1.949	2.276	2.777	3.207	2.269	2.285	2.529	2.134	1.772	1.922	2.144	2.313	2.12	2.445	1.9	2.338	2.035	2.671	2.382	2.09	3.419	2.025	2.764	2.29188	1011163.0	1484843.46002
sub-1450	2.417	2.02	2.207	1.866	3.682	2.492	2.265	2.644	1.936	2.312	2.33	1.777	2.436	2.406	2.665	2.219	2.179	2.356	2.046	1.67	1.787	2.308	2.269	2.217	2.875	1.945	2.377	2.066	2.553	2.308	2.335	3.609	1.989	2.649	2.2555	1084249.0	1607898.84288
sub-1500	2.152	1.774	1.961	1.669	3.443	2.337	2.07	2.265	2.01	1.964	2.311	1.494	2.259	2.217	1.944	2.072	2.134	2.34	2.045	1.558	1.657	1.966	2.198	1.931	2.252	1.804	2.076	1.837	2.177	2.094	2.289	3.423	1.54	2.652	2.04344	1051642.0	1506246.19348
sub-1690	2.527	2.288	2.341	1.845	3.5	2.799	2.459	2.773	2.021	2.331	2.578	1.997	2.413	2.749	2.531	2.325	2.403	2.658	2.309	1.69	1.864	2.308	2.416	2.125	2.727	2.148	2.43	2.167	2.397	2.398	2.291	3.461	2.027	2.928	2.35478	983208.0	1420751.78049
sub-1890	2.183	1.969	2.207	1.894	3.348	2.549	2.1	2.495	1.919	2.128	2.43	2.02	2.384	2.719	1.995	1.849	2.438	2.214	2.184	1.798	1.694	1.997	2.331	1.974	2.321	2.032	2.239	1.847	2.414	2.166	2.336	3.666	2.336	2.682	2.18943	1046898.0	1678899.17855
sub-1920	1.888	2.071	1.91	1.445	2.234	2.265	1.892	2.298	1.669	1.815	2.372	1.865	2.126	2.296	2.333	2.03	2.01	2.237	1.931	1.859	1.46	1.792	1.9	1.799	2.636	1.886	2.107	1.484	2.16	2.007	2.453	3.185	1.531	2.593	1.97299	1106637.0	1776912.23698
sub-2400	2.375	2.179	2.182	1.699	3.114	2.617	2.314	2.707	2.192	2.095	2.433	1.964	2.294	2.551	2.491	2.121	2.134	2.402	1.971	1.504	1.78	2.16	2.155	1.935	2.573	2.048	2.332	1.855	2.554	2.269	2.42	3.454	2.299	2.642	2.20755	984603.0	1522261.2378
sub-3600	1.949	2.009	2.358	1.702	2.957	2.374	2.137	2.705	1.995	1.902	2.127	1.761	2.252	2.627	2.336	1.967	2.15	1.843	1.906	1.691	1.718	1.991	2.076	2.042	2.354	1.802	2.197	1.809	2.181	2.056	2.054	2.979	1.759	2.492	2.07367	1087420.0	1675398.01476
sub-3700	2.043	2.527	2.201	2.08	3.123	2.313	2.18	2.532	1.881	1.999	2.392	1.645	2.137	2.394	2.739	2.138	2.156	2.246	2.064	1.727	1.694	2.315	2.312	2.095	2.668	2.04	2.301	2.098	2.347	2.267	2.178	3.268	1.964	2.734	2.18046	1134983.0	1864168.92205
sub-3900	2.137	1.656	2.15	1.796	3.035	2.478	2.187	2.648	2.254	2.023	2.603	1.7	2.326	2.469	2.233	2.153	2.061	2.566	2.188	1.651	1.724	2.092	1.942	2.238	2.436	1.969	2.198	1.93	2.24	2.193	2.384	3.781	1.634	2.487	2.14915	955801.0	1571695.22621
sub-4200	2.405	2.066	2.328	1.938	3.438	2.877	2.435	2.942	2.005	2.379	2.793	2.129	2.561	2.769	3.107	2.02	2.254	2.757	2.293	1.923	1.946	2.126	2.388	2.078	2.84	2.288	2.394	2.192	2.467	2.449	2.786	3.744	1.862	2.859	2.39144	866419.0	1308071.76882
sub-4300	2.004	1.859	2.19	1.696	3.403	2.383	2.159	2.693	1.9	1.948	2.28	1.775	2.284	2.596	2.501	2.018	2.173	2.032	1.93	1.643	1.704	1.884	1.982	2.059	2.233	1.801	2.154	1.791	2.109	2.097	2.186	2.91	1.656	2.461	2.06572	1083157.0	1678452.56595
sub-4700	2.394	2.423	2.364	1.877	3.41	2.737	2.361	2.888	2.253	2.268	2.538	2.064	2.607	2.98	3.042	2.222	2.554	2.748	2.516	1.922	1.873	2.15	2.514	2.337	2.736	2.373	2.666	2.129	2.839	2.426	2.57	3.649	1.996	3.195	2.45692	1159421.0	1595195.52215
sub-5700	2.52	2.173	2.353	1.855	3.337	2.634	2.331	2.692	2.167	2.225	2.385	1.897	2.235	2.777	2.54	2.24	2.295	2.279	2.121	1.859	1.719	2.155	2.369	2.14	2.456	2.016	2.313	1.832	2.559	2.177	2.359	3.07	2.275	2.896	2.25676	1184958.0	1602228.03219
sub-7000	2.521	2.343	2.454	1.926	3.068	2.732	2.422	2.762	2.052	2.307	2.49	2.094	2.243	2.737	1.921	2.365	2.466	2.216	2.225	1.884	1.896	2.27	2.537	2.339	2.482	2.209	2.54	2.247	2.598	2.481	2.229	3.935	2.078	2.765	2.39714	1120441.0	1543189.56642
sub-7400	2.374	2.299	2.282	1.922	3.8	2.824	2.553	2.676	2.103	2.24	2.476	2.043	2.609	2.6	3.211	2.139	2.204	2.555	2.172	1.664	1.833	2.252	2.264	2.258	2.449	2.108	2.37	1.925	2.496	2.467	2.685	4.112	1.782	2.78	2.32253	924943.0	1378966.1517
sub-7800	2.286	2.08	2.091	1.61	3.864	2.789	2.072	2.81	2.114	2.002	2.607	1.82	2.718	2.786	3.01	1.631	2.202	2.816	2.211	1.453	1.634	2.06	1.866	1.778	3.255	2.35	2.323	1.667	2.457	2.075	2.955	3.409	1.61	2.729	2.16496	905148.0	1230589.13272
sub-8000	1.961	2.503	2.246	1.821	2.995	2.52	2.288	2.466	1.971	2.032	2.317	1.939	2.122	2.46	1.826	2.052	2.49	2.364	2.311	1.556	1.817	2.346	2.151	2.245	2.252	2.091	2.314	2.02	2.361	2.163	2.326	3.445	2.03	2.676	2.20441	987159.0	1539278.46331
