lh.BA_exvivo.meancurv	lh_BA1_exvivo_meancurv	lh_BA2_exvivo_meancurv	lh_BA3a_exvivo_meancurv	lh_BA3b_exvivo_meancurv	lh_BA4a_exvivo_meancurv	lh_BA4p_exvivo_meancurv	lh_BA6_exvivo_meancurv	lh_BA44_exvivo_meancurv	lh_BA45_exvivo_meancurv	lh_V1_exvivo_meancurv	lh_V2_exvivo_meancurv	lh_MT_exvivo_meancurv	lh_perirhinal_exvivo_meancurv	lh_entorhinal_exvivo_meancurv	BrainSegVolNotVent	eTIV
sub-0016	0.117	0.117	0.129	0.108	0.118	0.092	0.12	0.132	0.137	0.141	0.132	0.141	0.173	0.154	1139479.0	1826103.15575
sub-0061	0.111	0.105	0.133	0.113	0.095	0.093	0.119	0.109	0.125	0.126	0.128	0.126	0.096	0.113	1123551.0	1588960.31993
sub-0081	0.115	0.106	0.128	0.118	0.087	0.095	0.109	0.121	0.127	0.119	0.134	0.129	0.086	0.128	1062350.0	1543150.95008
sub-0119	0.117	0.109	0.134	0.107	0.086	0.105	0.108	0.123	0.128	0.121	0.136	0.133	0.119	0.123	1107517.0	1561030.35302
sub-0122	0.102	0.093	0.11	0.09	0.087	0.081	0.103	0.121	0.126	0.119	0.133	0.117	0.097	0.129	1019573.0	1551132.50624
sub-0134	0.135	0.117	0.135	0.124	0.109	0.114	0.124	0.111	0.145	0.143	0.147	0.132	0.111	0.177	1092548.0	1584051.21033
sub-0139	0.103	0.096	0.132	0.102	0.079	0.079	0.106	0.111	0.121	0.115	0.128	0.115	0.103	0.106	1084432.0	1675398.01476
sub-0140	0.113	0.094	0.118	0.101	0.119	0.103	0.114	0.11	0.131	0.131	0.137	0.126	0.142	0.15	1133888.0	1864168.92205
sub-0141	0.112	0.095	0.119	0.096	0.092	0.096	0.1	0.102	0.121	0.131	0.133	0.126	0.151	0.183	1103716.0	1776912.23698
sub-0142	0.133	0.106	0.12	0.104	0.126	0.145	0.125	0.115	0.124	0.137	0.142	0.134	0.126	0.101	953081.0	1571695.22621
sub-0143	0.108	0.105	0.133	0.114	0.104	0.107	0.107	0.108	0.141	0.131	0.136	0.128	0.094	0.135	981705.0	1522261.2378
sub-0145	0.13	0.109	0.131	0.112	0.11	0.094	0.119	0.126	0.144	0.122	0.145	0.132	0.116	0.153	861309.0	1308071.76882
sub-0146	0.112	0.098	0.131	0.105	0.082	0.086	0.106	0.108	0.121	0.118	0.131	0.116	0.1	0.125	1083115.0	1678452.56595
sub-0147	0.092	0.099	0.138	0.093	0.085	0.097	0.104	0.117	0.132	0.124	0.126	0.125	0.097	0.086	975130.0	1420751.78049
sub-0178	0.132	0.103	0.12	0.111	0.12	0.09	0.126	0.12	0.122	0.11	0.132	0.128	0.133	0.158	951378.0	1628257.527
sub-1012	0.113	0.092	0.12	0.094	0.099	0.096	0.098	0.104	0.122	0.13	0.132	0.127	0.147	0.167	1091304.0	1776912.23698
sub-1120	0.12	0.1	0.126	0.103	0.097	0.088	0.117	0.112	0.132	0.113	0.133	0.143	0.108	0.155	980907.0	1466001.81932
sub-1160	0.118	0.101	0.138	0.088	0.086	0.095	0.104	0.098	0.132	0.128	0.13	0.122	0.096	0.101	926802.0	1410364.85514
sub-1230	0.109	0.11	0.13	0.091	0.114	0.094	0.119	0.101	0.133	0.132	0.14	0.136	0.11	0.157	988762.0	1605694.46145
sub-1310	0.109	0.109	0.152	0.104	0.092	0.086	0.11	0.114	0.123	0.13	0.137	0.123	0.119	0.099	1099366.0	1466356.06766
sub-1340	0.119	0.103	0.137	0.113	0.119	0.112	0.112	0.115	0.116	0.141	0.14	0.138	0.123	0.158	1011163.0	1484843.46002
sub-1450	0.102	0.129	0.136	0.105	0.103	0.092	0.117	0.123	0.123	0.134	0.141	0.131	0.115	0.157	1084249.0	1607898.84288
sub-1500	0.101	0.107	0.124	0.104	0.09	0.078	0.102	0.116	0.128	0.133	0.134	0.139	0.122	0.112	1051642.0	1506246.19348
sub-1690	0.093	0.1	0.14	0.092	0.085	0.102	0.105	0.116	0.132	0.122	0.128	0.125	0.099	0.094	983208.0	1420751.78049
sub-1890	0.107	0.104	0.123	0.096	0.102	0.093	0.106	0.109	0.115	0.126	0.133	0.137	0.115	0.103	1046898.0	1678899.17855
sub-1920	0.113	0.093	0.119	0.093	0.097	0.095	0.099	0.101	0.119	0.128	0.134	0.12	0.144	0.169	1106637.0	1776912.23698
sub-2400	0.112	0.104	0.132	0.114	0.098	0.116	0.108	0.109	0.138	0.13	0.137	0.128	0.093	0.126	984603.0	1522261.2378
sub-3600	0.104	0.097	0.133	0.105	0.081	0.084	0.108	0.111	0.12	0.115	0.127	0.119	0.11	0.105	1087420.0	1675398.01476
sub-3700	0.113	0.095	0.122	0.102	0.12	0.097	0.115	0.109	0.126	0.126	0.137	0.124	0.134	0.126	1134983.0	1864168.92205
sub-3900	0.126	0.104	0.126	0.104	0.115	0.134	0.127	0.118	0.122	0.138	0.143	0.134	0.124	0.102	955801.0	1571695.22621
sub-4200	0.131	0.109	0.129	0.109	0.103	0.088	0.117	0.122	0.143	0.118	0.143	0.131	0.126	0.15	866419.0	1308071.76882
sub-4300	0.109	0.1	0.13	0.105	0.08	0.086	0.105	0.113	0.121	0.119	0.131	0.114	0.103	0.116	1083157.0	1678452.56595
sub-4700	0.109	0.107	0.137	0.114	0.117	0.099	0.108	0.108	0.12	0.12	0.134	0.12	0.113	0.151	1159421.0	1595195.52215
sub-5700	0.102	0.103	0.143	0.098	0.091	0.097	0.107	0.116	0.123	0.134	0.132	0.127	0.09	0.104	1184958.0	1602228.03219
sub-7000	0.106	0.108	0.158	0.1	0.094	0.089	0.11	0.119	0.129	0.117	0.133	0.12	0.162	0.099	1120441.0	1543189.56642
sub-7400	0.11	0.107	0.145	0.104	0.099	0.114	0.119	0.112	0.125	0.115	0.145	0.123	0.084	0.157	924943.0	1378966.1517
sub-7800	0.135	0.132	0.134	0.125	0.139	0.145	0.134	0.139	0.152	0.147	0.151	0.144	0.109	0.156	905148.0	1230589.13272
sub-8000	0.177	0.148	0.146	0.135	0.157	0.167	0.154	0.129	0.138	0.174	0.154	0.146	0.121	0.106	987159.0	1539278.46331
