rh.aparc.area	rh_bankssts_area	rh_caudalanteriorcingulate_area	rh_caudalmiddlefrontal_area	rh_cuneus_area	rh_entorhinal_area	rh_fusiform_area	rh_inferiorparietal_area	rh_inferiortemporal_area	rh_isthmuscingulate_area	rh_lateraloccipital_area	rh_lateralorbitofrontal_area	rh_lingual_area	rh_medialorbitofrontal_area	rh_middletemporal_area	rh_parahippocampal_area	rh_paracentral_area	rh_parsopercularis_area	rh_parsorbitalis_area	rh_parstriangularis_area	rh_pericalcarine_area	rh_postcentral_area	rh_posteriorcingulate_area	rh_precentral_area	rh_precuneus_area	rh_rostralanteriorcingulate_area	rh_rostralmiddlefrontal_area	rh_superiorfrontal_area	rh_superiorparietal_area	rh_superiortemporal_area	rh_supramarginal_area	rh_frontalpole_area	rh_temporalpole_area	rh_transversetemporal_area	rh_insula_area	rh_WhiteSurfArea_area	BrainSegVolNotVent	eTIV
sub-3000	918.0	682.0	2203.0	1711.0	529.0	3240.0	4507.0	4060.0	876.0	5208.0	3152.0	3459.0	2520.0	3483.0	652.0	1405.0	1450.0	853.0	1509.0	1651.0	3988.0	1097.0	5102.0	3675.0	560.0	6059.0	7085.0	6235.0	3767.0	4052.0	322.0	388.0	329.0	2248.0	88971.0	1108330.0	1569766.840465
sub-3004	1215.0	555.0	2086.0	1345.0	547.0	3132.0	5056.0	4012.0	854.0	4830.0	3394.0	2609.0	2069.0	4073.0	618.0	1610.0	1560.0	906.0	1523.0	1117.0	4157.0	1183.0	4857.0	4032.0	663.0	5215.0	7176.0	6573.0	3965.0	4858.0	329.0	471.0	328.0	2338.0	89248.3	1175445.0	1617853.482109
sub-3008	931.0	482.0	1886.0	1306.0	421.0	2952.0	4102.0	3402.0	479.0	4674.0	2778.0	2361.0	2106.0	3793.0	557.0	1224.0	1568.0	832.0	1689.0	1206.0	3078.0	796.0	4969.0	2683.0	405.0	5113.0	5994.0	3360.0	3744.0	2839.0	292.0	346.0	326.0	1992.0	74683.8	873285.0	1282019.510828
sub-3011	1162.0	966.0	2747.0	1442.0	338.0	3612.0	6282.0	3806.0	765.0	4715.0	2984.0	2861.0	2276.0	4284.0	720.0	1692.0	1677.0	769.0	1591.0	1565.0	4120.0	1235.0	4962.0	3707.0	582.0	6400.0	7437.0	4555.0	3961.0	3749.0	405.0	543.0	304.0	2787.0	90989.0	1256798.0	1722963.923116
sub-3013	911.0	456.0	2164.0	1602.0	444.0	2941.0	5304.0	3958.0	884.0	5104.0	3185.0	2672.0	2204.0	3687.0	683.0	1896.0	1726.0	939.0	1331.0	1443.0	4565.0	1228.0	5367.0	4266.0	604.0	7528.0	7816.0	5715.0	4113.0	4159.0	384.0	497.0	420.0	2615.0	92793.8	1185073.0	1637599.895668
sub-3016	943.0	895.0	1968.0	1653.0	590.0	3289.0	5544.0	3782.0	703.0	5803.0	3034.0	2921.0	2413.0	4051.0	539.0	1760.0	1626.0	925.0	2433.0	1476.0	3306.0	1009.0	4039.0	3393.0	696.0	8875.0	7781.0	4269.0	3578.0	3164.0	310.0	505.0	388.0	2400.0	90007.2	1142925.0	1587662.051107
sub-3029	934.0	595.0	2416.0	1667.0	424.0	3046.0	4582.0	3381.0	926.0	5180.0	2288.0	3428.0	1919.0	3530.0	674.0	1421.0	1321.0	841.0	1367.0	1718.0	3999.0	1075.0	4944.0	3757.0	498.0	5804.0	7133.0	5753.0	3284.0	4297.0	344.0	420.0	296.0	2744.0	86001.9	1131226.0	1591404.683586
sub-3104	805.0	573.0	2077.0	1540.0	367.0	3119.0	5382.0	3101.0	791.0	5386.0	2185.0	2945.0	1526.0	3218.0	613.0	1543.0	1228.0	590.0	1276.0	1534.0	3490.0	965.0	4597.0	4086.0	458.0	4000.0	6372.0	5703.0	3529.0	3300.0	280.0	416.0	353.0	2595.0	79931.9	1017494.0	1530767.14906
sub-3106	620.0	613.0	1960.0	1568.0	329.0	2528.0	4633.0	2074.0	721.0	4645.0	1832.0	2912.0	1459.0	2193.0	508.0	1647.0	1217.0	679.0	1117.0	1419.0	3968.0	791.0	5072.0	3745.0	376.0	4990.0	6180.0	5142.0	2912.0	3342.0	280.0	185.0	288.0	1971.0	73908.6	967156.0	1540262.400118
sub-3112	754.0	529.0	1413.0	1549.0	353.0	2437.0	4770.0	2703.0	760.0	4017.0	1743.0	2439.0	1457.0	2881.0	508.0	1295.0	975.0	448.0	1179.0	1409.0	3640.0	1026.0	4510.0	3325.0	299.0	3563.0	4638.0	4444.0	2887.0	3273.0	252.0	434.0	347.0	2075.0	68322.2	854197.0	1233595.151979
sub-3114	753.0	596.0	1514.0	1443.0	321.0	2757.0	4173.0	2778.0	1012.0	4709.0	2120.0	3136.0	1393.0	3187.0	579.0	1677.0	1056.0	557.0	1030.0	1672.0	3553.0	1263.0	4727.0	3430.0	438.0	3239.0	5715.0	4426.0	3295.0	3027.0	243.0	370.0	297.0	1903.0	72387.3	905428.0	1287590.079589
sub-3115	1240.0	727.0	2396.0	1537.0	507.0	3631.0	5173.0	3941.0	1063.0	5222.0	2746.0	3646.0	2221.0	4474.0	648.0	1669.0	1481.0	879.0	1619.0	1509.0	5668.0	1483.0	5398.0	4617.0	741.0	6541.0	8068.0	5851.0	3694.0	5209.0	310.0	463.0	318.0	2836.0	97521.8	1169364.0	1636462.312859
sub-3151	1039.0	648.0	2080.0	1452.0	363.0	2918.0	5365.0	3731.0	990.0	5276.0	2649.0	2843.0	1739.0	3659.0	619.0	1305.0	1610.0	767.0	1531.0	1320.0	3699.0	1193.0	4198.0	3730.0	615.0	6152.0	7057.0	5435.0	3307.0	3607.0	305.0	417.0	295.0	2004.0	83913.0	1080730.0	1520893.531615
sub-3156	942.0	600.0	2140.0	1323.0	322.0	2705.0	5250.0	3204.0	973.0	4336.0	2512.0	3006.0	1932.0	3338.0	590.0	1531.0	1331.0	700.0	1483.0	1245.0	4090.0	1050.0	4634.0	3562.0	636.0	5746.0	7193.0	4768.0	4307.0	3939.0	291.0	427.0	407.0	2358.0	82852.2	1032323.0	1558956.244154
sub-3157	866.0	788.0	1471.0	1398.0	331.0	2554.0	4575.0	2214.0	808.0	4267.0	2270.0	2636.0	1718.0	2604.0	510.0	1301.0	1319.0	672.0	1325.0	1613.0	3461.0	981.0	4199.0	3059.0	608.0	4474.0	5186.0	4959.0	3156.0	3332.0	224.0	356.0	266.0	1990.0	71485.7	878085.0	1183410.395238
sub-3160	1013.0	895.0	2303.0	1823.0	484.0	3265.0	6205.0	3355.0	863.0	5460.0	2629.0	3468.0	2387.0	3385.0	742.0	1759.0	1120.0	890.0	1409.0	1379.0	4067.0	961.0	5477.0	4084.0	801.0	5850.0	7706.0	5441.0	3915.0	3378.0	300.0	521.0	372.0	2523.0	90215.3	1133731.0	1809287.539735
sub-3161	992.0	628.0	2206.0	1852.0	349.0	3273.0	5611.0	3244.0	1126.0	5426.0	2795.0	3646.0	2074.0	3919.0	773.0	1756.0	1257.0	955.0	1712.0	1772.0	3767.0	1316.0	5279.0	4400.0	653.0	5570.0	7970.0	6535.0	4246.0	4511.0	283.0	535.0	368.0	2801.0	93554.2	1193640.0	1692612.828334
sub-3165	892.0	695.0	2075.0	1434.0	488.0	2763.0	4896.0	3284.0	876.0	4424.0	2299.0	3117.0	1873.0	3379.0	600.0	1321.0	1468.0	743.0	1524.0	1599.0	3978.0	1033.0	4412.0	3480.0	534.0	4711.0	6259.0	4391.0	3266.0	2965.0	274.0	447.0	274.0	2025.0	77797.7	1082889.0	1450955.030984
sub-3169	915.0	766.0	2903.0	2009.0	419.0	3422.0	6127.0	2745.0	1215.0	6142.0	2761.0	3832.0	2098.0	3540.0	618.0	1924.0	1514.0	930.0	1710.0	2581.0	3994.0	1240.0	5557.0	4283.0	471.0	5534.0	8290.0	4926.0	3664.0	3528.0	308.0	499.0	312.0	2330.0	93088.1	1155226.0	1639347.801568
sub-3171	785.0	762.0	1875.0	1454.0	561.0	3059.0	5003.0	3698.0	938.0	5323.0	2618.0	2803.0	1781.0	3633.0	556.0	1357.0	1289.0	934.0	1549.0	1292.0	3982.0	1083.0	4949.0	3579.0	656.0	5700.0	6238.0	4630.0	3266.0	3671.0	286.0	400.0	323.0	1974.0	81885.4	1118880.0	1574591.31877
sub-3172	922.0	1000.0	2050.0	1635.0	350.0	3272.0	5858.0	3063.0	943.0	5155.0	2834.0	3195.0	2052.0	3419.0	562.0	1538.0	1455.0	1068.0	1713.0	1667.0	3812.0	1238.0	5034.0	3664.0	897.0	6339.0	6932.0	5404.0	3758.0	3016.0	264.0	410.0	321.0	2444.0	87279.2	1103831.0	1645046.07471
sub-3188	847.0	724.0	1543.0	1462.0	384.0	2847.0	4838.0	2619.0	822.0	4199.0	2449.0	3040.0	1642.0	3158.0	646.0	1548.0	1076.0	658.0	1131.0	1336.0	3911.0	1077.0	4395.0	3794.0	568.0	4188.0	5915.0	4976.0	3542.0	3904.0	262.0	461.0	316.0	2181.0	76455.6	967339.0	1411083.122871
sub-3191	828.0	787.0	2012.0	1482.0	260.0	2729.0	4623.0	2445.0	940.0	4916.0	2556.0	3293.0	1753.0	3066.0	615.0	1261.0	1197.0	819.0	1350.0	1660.0	3626.0	1037.0	4547.0	3364.0	666.0	4800.0	5675.0	4783.0	3053.0	3114.0	323.0	359.0	325.0	2588.0	76817.5	970695.0	1316481.977243
sub-3257	491.0	280.0	1601.0	818.0	750.0	3541.0	4067.0	4526.0	786.0	4094.0	2853.0	1775.0	2201.0	3222.0	896.0	1679.0	767.0	1055.0	1051.0	728.0	2903.0	1168.0	3315.0	3890.0	259.0	7157.0	7604.0	6015.0	3239.0	2028.0	378.0	427.0	142.0	2184.0	77889.0	1400587.0	1796076.608219
sub-3260	1043.0	1110.0	2427.0	1781.0	447.0	2894.0	5517.0	3601.0	763.0	5250.0	2971.0	2899.0	1830.0	4043.0	673.0	1713.0	1157.0	1079.0	1644.0	1523.0	4347.0	1066.0	4509.0	4611.0	729.0	8463.0	8186.0	5807.0	3981.0	3919.0	281.0	364.0	349.0	2303.0	93262.7	1111691.0	1510075.588013
sub-3264	430.0	634.0	1773.0	833.0	1037.0	2659.0	3197.0	2566.0	66.0	4295.0	2128.0	1905.0	1411.0	1949.0	852.0	1667.0	957.0	755.0	1082.0	821.0	3602.0	507.0	4595.0	3139.0	512.0	4940.0	8139.0	4839.0	2067.0	2780.0	300.0	352.0	261.0	2633.0	69664.0	1219336.0	1566172.153937
sub-3270	1133.0	918.0	2541.0	1320.0	465.0	2896.0	4270.0	3825.0	777.0	4923.0	2812.0	2779.0	2036.0	3592.0	530.0	1631.0	1552.0	858.0	1502.0	1590.0	4041.0	1035.0	5540.0	3220.0	656.0	7107.0	8031.0	4987.0	3869.0	3179.0	323.0	311.0	332.0	2872.0	87448.4	1121967.0	1546965.060867
sub-3271	1095.0	755.0	2328.0	1169.0	804.0	3847.0	5528.0	3896.0	705.0	5406.0	2626.0	2742.0	1805.0	3746.0	780.0	1639.0	1650.0	741.0	1933.0	1104.0	4479.0	1139.0	5202.0	3641.0	713.0	7245.0	7853.0	5548.0	4692.0	3338.0	218.0	416.0	456.0	3138.0	92373.5	1253052.0	1718214.935342
sub-3274	1091.0	1153.0	2890.0	2543.0	1474.0	4984.0	6600.0	5105.0	145.0	7389.0	2569.0	3515.0	1409.0	4665.0	388.0	1664.0	1762.0	1296.0	1851.0	3276.0	4476.0	1106.0	8759.0	5639.0	541.0	6498.0	9187.0	7074.0	4649.0	3739.0	308.0	502.0	396.0	5114.0	113755.0	1519589.0	1996588.304558
sub-3276	881.0	711.0	3794.0	1441.0	475.0	2771.0	5768.0	3026.0	569.0	4218.0	2991.0	2154.0	2241.0	3133.0	666.0	1972.0	1509.0	998.0	1533.0	915.0	4510.0	1199.0	5584.0	2575.0	656.0	5879.0	9554.0	4839.0	4152.0	4205.0	298.0	340.0	362.0	2893.0	88801.4	1196149.0	1532799.083546
sub-3277	1127.0	777.0	2272.0	1475.0	677.0	4532.0	6333.0	4945.0	963.0	5684.0	3411.0	3698.0	2520.0	4176.0	826.0	1804.0	1449.0	989.0	1540.0	1359.0	4158.0	977.0	5465.0	4993.0	827.0	7698.0	9053.0	6077.0	4031.0	4668.0	288.0	635.0	300.0	3117.0	102841.0	1398131.0	1749964.804139
sub-3300	933.0	696.0	2405.0	1616.0	421.0	3611.0	5624.0	3311.0	1063.0	6060.0	2519.0	3691.0	2079.0	3203.0	705.0	1461.0	1493.0	782.0	1782.0	1626.0	3949.0	1448.0	5389.0	3715.0	562.0	5453.0	7474.0	4913.0	3495.0	3448.0	336.0	428.0	336.0	2305.0	88314.0	1103909.0	1507889.394342
sub-3301	792.0	640.0	2775.0	1847.0	436.0	3520.0	5046.0	3533.0	1177.0	6291.0	2863.0	3965.0	2079.0	3669.0	649.0	1316.0	1372.0	842.0	1356.0	1942.0	4570.0	1160.0	5828.0	4207.0	739.0	6088.0	6654.0	5023.0	3976.0	4031.0	322.0	467.0	376.0	2346.0	91869.4	1138836.0	1569970.280325
sub-3310	700.0	595.0	1668.0	1183.0	547.0	2691.0	3935.0	2576.0	708.0	3918.0	2283.0	2304.0	1937.0	2694.0	521.0	1446.0	1231.0	798.0	1455.0	1053.0	3476.0	985.0	3999.0	3329.0	648.0	4931.0	6195.0	5140.0	3083.0	3188.0	271.0	406.0	291.0	1856.0	72030.8	945687.0	1381921.039271
sub-3316	845.0	845.0	2502.0	1215.0	428.0	3071.0	5257.0	3277.0	959.0	4847.0	2791.0	3030.0	2166.0	3592.0	634.0	1425.0	1153.0	902.0	1450.0	1283.0	3886.0	1292.0	4856.0	3759.0	607.0	5756.0	7592.0	5371.0	3348.0	3342.0	312.0	442.0	308.0	2717.0	85255.1	1113571.0	1600319.319315
sub-3318	901.0	803.0	1595.0	1182.0	351.0	2504.0	4440.0	2795.0	855.0	4650.0	2159.0	2561.0	1882.0	3064.0	591.0	1411.0	1171.0	602.0	1160.0	1162.0	3489.0	1014.0	4574.0	3226.0	456.0	4246.0	6689.0	4026.0	3352.0	3167.0	259.0	406.0	277.0	2243.0	73241.1	954207.0	1465625.659036
sub-3320	894.0	562.0	2035.0	1494.0	376.0	2702.0	4886.0	3342.0	947.0	4763.0	2489.0	3053.0	1845.0	3754.0	551.0	1697.0	1345.0	781.0	1316.0	1448.0	4400.0	1304.0	5568.0	3298.0	431.0	5915.0	7318.0	4446.0	3885.0	3808.0	279.0	423.0	293.0	2343.0	83983.5	1067085.0	1482700.06768
sub-3350	917.0	676.0	2389.0	1570.0	493.0	3328.0	5560.0	3654.0	921.0	5404.0	2520.0	3007.0	1917.0	3707.0	595.0	2019.0	1493.0	718.0	1551.0	1440.0	4260.0	1233.0	5567.0	4016.0	899.0	6755.0	8512.0	4973.0	4013.0	3504.0	220.0	438.0	339.0	2644.0	91247.6	1110241.0	1629867.024323
sub-3351	781.0	532.0	1841.0	1581.0	418.0	2473.0	5881.0	2802.0	524.0	4892.0	2259.0	3347.0	1865.0	3166.0	584.0	1574.0	1264.0	781.0	1187.0	1731.0	4348.0	1030.0	4770.0	4003.0	462.0	5716.0	6649.0	5378.0	2964.0	3226.0	244.0	507.0	290.0	2335.0	81399.6	943343.0	1585653.383279
sub-3353	906.0	823.0	1793.0	1358.0	448.0	2725.0	5087.0	2809.0	829.0	4396.0	2251.0	2899.0	1581.0	3203.0	596.0	1341.0	1121.0	602.0	1249.0	1215.0	3567.0	953.0	4502.0	3251.0	643.0	4938.0	6118.0	4781.0	3292.0	3097.0	274.0	473.0	303.0	2247.0	75658.9	1046218.0	1420575.293696
sub-3355	863.0	637.0	1538.0	735.0	352.0	2811.0	5645.0	3104.0	992.0	4008.0	1478.0	2968.0	1413.0	3146.0	531.0	1596.0	1225.0	517.0	1256.0	1125.0	3995.0	1155.0	4552.0	5166.0	277.0	3710.0	5840.0	6193.0	3448.0	3082.0	422.0	375.0	279.0	2147.0	76580.6	1041331.0	1387517.341014
sub-3357	808.0	732.0	2387.0	1592.0	382.0	2815.0	5774.0	3088.0	994.0	4228.0	2644.0	3046.0	1741.0	3732.0	712.0	1641.0	1305.0	854.0	1676.0	1413.0	3750.0	1370.0	5798.0	3801.0	508.0	6018.0	7753.0	5337.0	3980.0	3890.0	263.0	438.0	303.0	2310.0	87078.7	1088526.0	1658569.737646
sub-3358	866.0	995.0	2939.0	1593.0	618.0	3309.0	7125.0	3553.0	918.0	5512.0	2494.0	3440.0	2406.0	3587.0	736.0	2382.0	1334.0	772.0	1209.0	1648.0	4463.0	1519.0	6218.0	4281.0	749.0	5576.0	8830.0	6730.0	4017.0	4005.0	374.0	489.0	391.0	2613.0	97688.8	1247153.0	1696766.506401
sub-3361	1062.0	654.0	2256.0	1513.0	460.0	3330.0	6046.0	3847.0	1036.0	4799.0	2654.0	2894.0	1854.0	3726.0	577.0	1687.0	1450.0	849.0	1446.0	1428.0	4559.0	1347.0	4885.0	4572.0	798.0	5677.0	7824.0	5683.0	3634.0	5054.0	297.0	512.0	330.0	2436.0	91119.7	1103762.0	1568950.294096
sub-3362	979.0	614.0	1904.0	1735.0	365.0	2842.0	5225.0	3415.0	759.0	4799.0	2407.0	3309.0	1897.0	3563.0	669.0	1408.0	1263.0	768.0	1544.0	1811.0	3890.0	1167.0	4758.0	3512.0	565.0	5319.0	6243.0	4981.0	3365.0	3185.0	329.0	390.0	271.0	2567.0	81811.0	1066753.0	1284820.070714
sub-3368	1058.0	910.0	2112.0	1541.0	610.0	2891.0	6744.0	3342.0	985.0	4653.0	2420.0	3517.0	1974.0	3923.0	721.0	1536.0	1301.0	696.0	1296.0	1730.0	4001.0	1224.0	4292.0	4376.0	748.0	5434.0	6683.0	5611.0	3438.0	3480.0	274.0	408.0	310.0	2493.0	86721.7	1117001.0	1390440.882489
sub-3369	874.0	682.0	1890.0	1427.0	405.0	2700.0	4211.0	2570.0	1098.0	4544.0	2488.0	3365.0	1757.0	3183.0	732.0	1262.0	1208.0	950.0	1664.0	1788.0	3724.0	1155.0	4564.0	4024.0	535.0	6232.0	6073.0	4844.0	3691.0	3446.0	254.0	509.0	288.0	2229.0	80358.3	1041747.0	1449827.130093
sub-3370	785.0	1017.0	2696.0	2079.0	494.0	3436.0	5025.0	3415.0	1045.0	5333.0	3008.0	3654.0	2103.0	3692.0	771.0	1970.0	1453.0	1037.0	1673.0	1905.0	4310.0	1402.0	5368.0	3936.0	918.0	6720.0	7667.0	5582.0	4374.0	3593.0	266.0	559.0	417.0	2753.0	94412.3	1294383.0	1672519.043824
sub-3389	897.0	820.0	1989.0	1476.0	340.0	3250.0	5392.0	3146.0	896.0	5165.0	2685.0	3034.0	1995.0	3390.0	650.0	1474.0	1362.0	873.0	1321.0	1395.0	3786.0	1444.0	5123.0	3891.0	573.0	6212.0	6945.0	5688.0	3878.0	3615.0	236.0	401.0	302.0	2385.0	86025.4	1042625.0	1499330.11181
sub-3390	948.0	584.0	2041.0	1925.0	403.0	3340.0	4721.0	2895.0	868.0	5555.0	2266.0	3522.0	1753.0	3062.0	734.0	1789.0	1401.0	755.0	1501.0	1751.0	3348.0	1067.0	5065.0	3795.0	404.0	4944.0	6680.0	5536.0	3680.0	3272.0	254.0	433.0	347.0	2930.0	83558.0	1070043.0	1398499.276138
sub-3503	732.0	575.0	1873.0	1075.0	355.0	2682.0	4221.0	2736.0	651.0	4182.0	2087.0	2645.0	1737.0	2711.0	559.0	1341.0	1092.0	649.0	964.0	996.0	3308.0	891.0	4107.0	3175.0	450.0	4137.0	5378.0	4340.0	3159.0	2986.0	298.0	433.0	281.0	1747.0	68548.4	887460.0	1207402.00558
sub-3515	885.0	1172.0	1867.0	1401.0	411.0	2572.0	4756.0	3173.0	727.0	3896.0	2538.0	3040.0	1889.0	3337.0	578.0	1273.0	1104.0	725.0	1302.0	1534.0	3553.0	1254.0	3710.0	3094.0	717.0	6028.0	6030.0	4578.0	3350.0	3141.0	285.0	444.0	270.0	2073.0	76612.2	947111.0	1259891.297764
sub-3517	947.0	594.0	1595.0	1721.0	484.0	3637.0	5408.0	3276.0	857.0	5134.0	2210.0	2611.0	1740.0	3370.0	809.0	1557.0	1137.0	840.0	1490.0	1382.0	3837.0	1194.0	4289.0	3531.0	512.0	5282.0	6156.0	5397.0	3796.0	3386.0	320.0	436.0	372.0	2717.0	82019.6	1103553.0	1293758.236574
sub-3518	953.0	631.0	1522.0	1557.0	327.0	3062.0	5585.0	3231.0	792.0	4285.0	2426.0	2992.0	1811.0	3598.0	730.0	1685.0	1331.0	790.0	1544.0	1658.0	4111.0	1217.0	5024.0	3964.0	653.0	5649.0	6824.0	5219.0	3550.0	3071.0	370.0	443.0	314.0	2202.0	83107.2	1030412.0	1569493.960978
sub-3519	967.0	602.0	2489.0	1424.0	430.0	3509.0	5519.0	3883.0	896.0	4982.0	3023.0	3018.0	2378.0	3622.0	686.0	1585.0	1863.0	879.0	1390.0	1533.0	4453.0	1161.0	5329.0	4262.0	611.0	6368.0	7980.0	5270.0	3756.0	3643.0	352.0	482.0	371.0	2361.0	91072.3	1200494.0	1730278.343036
sub-3521	1137.0	978.0	1799.0	1517.0	446.0	2865.0	4817.0	3332.0	897.0	4241.0	2511.0	2854.0	1883.0	3501.0	549.0	1419.0	1270.0	865.0	1447.0	1229.0	3818.0	1319.0	4638.0	3520.0	705.0	5878.0	6359.0	4992.0	4137.0	4269.0	324.0	415.0	419.0	2135.0	82477.4	1090441.0	1422627.172057
sub-3523	848.0	698.0	1974.0	1388.0	337.0	3015.0	5104.0	2933.0	1040.0	5293.0	2805.0	3063.0	1858.0	3387.0	533.0	1252.0	1287.0	748.0	1487.0	1366.0	3706.0	1142.0	4382.0	3433.0	628.0	5438.0	6243.0	4630.0	3578.0	3396.0	309.0	337.0	281.0	2066.0	79979.3	1030688.0	1199770.937643
sub-3525	900.0	692.0	1737.0	1331.0	448.0	2711.0	4982.0	2913.0	760.0	4921.0	2298.0	3323.0	1823.0	3324.0	787.0	1631.0	1315.0	791.0	1412.0	1276.0	3847.0	1283.0	4473.0	3430.0	489.0	5502.0	6759.0	4728.0	3255.0	3872.0	326.0	443.0	289.0	2184.0	80251.5	1081407.0	1379710.094974
sub-3526	967.0	686.0	1742.0	1553.0	424.0	3022.0	4920.0	2595.0	1048.0	4696.0	2303.0	3114.0	2079.0	3164.0	668.0	1499.0	1357.0	983.0	2263.0	1471.0	4032.0	1474.0	4572.0	3964.0	594.0	6298.0	6846.0	5237.0	3973.0	4109.0	317.0	463.0	408.0	2982.0	85819.0	1048202.0	1632215.592885
sub-3527	621.0	727.0	1778.0	1226.0	399.0	3005.0	3857.0	2640.0	900.0	4297.0	2397.0	2916.0	1880.0	2955.0	714.0	1247.0	1037.0	846.0	1367.0	1196.0	3372.0	1158.0	4283.0	2967.0	568.0	6656.0	6840.0	3358.0	3958.0	2894.0	331.0	519.0	301.0	2083.0	75274.4	1030495.0	1428415.630161
sub-3541	1158.0	1519.0	2575.0	2268.0	589.0	3899.0	5867.0	4526.0	1184.0	7043.0	3750.0	4406.0	2568.0	4639.0	781.0	1806.0	1947.0	1155.0	2487.0	2711.0	5370.0	1602.0	5446.0	5276.0	872.0	7978.0	8167.0	7029.0	4329.0	4169.0	382.0	568.0	370.0	2675.0	111113.0	1335957.0	1828574.136988
sub-3551	944.0	935.0	2623.0	1425.0	470.0	2979.0	6319.0	3255.0	802.0	4875.0	2689.0	2748.0	1888.0	3469.0	610.0	1672.0	1314.0	841.0	1561.0	1273.0	4214.0	1127.0	5315.0	3720.0	772.0	6405.0	7240.0	5132.0	3811.0	3322.0	332.0	506.0	341.0	2607.0	87534.0	1053718.0	1567589.916258
sub-3554	924.0	848.0	2221.0	1358.0	438.0	2784.0	6052.0	2995.0	977.0	4905.0	2747.0	3166.0	1832.0	3362.0	596.0	1668.0	1275.0	757.0	1254.0	1146.0	4348.0	1098.0	5159.0	4104.0	864.0	5524.0	6598.0	4962.0	3392.0	3432.0	312.0	484.0	288.0	2547.0	84299.4	1047717.0	1563271.478061
sub-3555	1095.0	613.0	2251.0	2308.0	417.0	3720.0	6856.0	3789.0	1128.0	7014.0	3473.0	3495.0	2531.0	4364.0	697.0	1932.0	1644.0	993.0	1932.0	1887.0	4463.0	1348.0	6303.0	4288.0	585.0	6884.0	9355.0	6625.0	4699.0	4179.0	338.0	473.0	467.0	3422.0	105546.0	1409698.0	1898035.479902
sub-3563	919.0	963.0	2848.0	1486.0	448.0	3590.0	4877.0	3280.0	1015.0	4149.0	2785.0	3288.0	2200.0	3142.0	571.0	1617.0	1540.0	879.0	1461.0	1259.0	3773.0	1373.0	5347.0	4257.0	936.0	7504.0	8478.0	5156.0	4194.0	3361.0	318.0	474.0	361.0	2837.0	90685.0	1153953.0	1657344.013656
sub-3565	1042.0	848.0	2465.0	2363.0	357.0	3798.0	5528.0	3220.0	1088.0	5856.0	2784.0	3843.0	2172.0	4568.0	718.0	1735.0	1697.0	1000.0	1862.0	2126.0	4060.0	1638.0	5441.0	4278.0	567.0	6613.0	8310.0	4982.0	4087.0	4234.0	355.0	463.0	321.0	2981.0	97397.0	1259027.0	1783763.889443
sub-3569	836.0	592.0	1989.0	1462.0	518.0	3304.0	4555.0	3144.0	882.0	4663.0	2665.0	3134.0	1853.0	2991.0	766.0	1594.0	1215.0	858.0	1424.0	1440.0	4258.0	1160.0	4486.0	3597.0	563.0	5413.0	6814.0	5067.0	3585.0	3445.0	224.0	400.0	317.0	2378.0	81576.3	1036115.0	1373078.549832
sub-3570	1054.0	718.0	2041.0	2247.0	542.0	3385.0	6200.0	3599.0	1191.0	5588.0	3164.0	4137.0	2264.0	3892.0	850.0	2034.0	1433.0	965.0	1999.0	2745.0	4270.0	1307.0	5587.0	4718.0	734.0	7995.0	8832.0	6170.0	4069.0	3983.0	326.0	571.0	415.0	3047.0	102059.0	1315000.0	1948132.126488
sub-3571	998.0	757.0	3338.0	2087.0	446.0	3680.0	6805.0	4054.0	1140.0	5694.0	2950.0	4107.0	2255.0	4549.0	854.0	1959.0	1625.0	845.0	1663.0	2005.0	4163.0	1428.0	5943.0	4332.0	843.0	5998.0	8294.0	5602.0	4219.0	4770.0	390.0	556.0	342.0	2902.0	101580.0	1258630.0	1814170.330641
sub-3572	843.0	631.0	1951.0	1351.0	394.0	2952.0	4886.0	3121.0	898.0	4348.0	2417.0	3046.0	1790.0	3308.0	616.0	1514.0	1311.0	811.0	1636.0	1285.0	3651.0	945.0	5068.0	3865.0	693.0	4590.0	7493.0	5197.0	3685.0	3471.0	266.0	503.0	317.0	2581.0	81423.4	992492.0	1307872.862664
sub-3600	1005.0	657.0	2091.0	1975.0	416.0	3029.0	5603.0	3596.0	768.0	4879.0	2573.0	3585.0	1841.0	3433.0	617.0	1703.0	1135.0	817.0	1425.0	1754.0	3683.0	1136.0	5055.0	3218.0	639.0	6284.0	7754.0	4782.0	3749.0	4271.0	351.0	385.0	340.0	2311.0	86857.5	1146450.0	1472714.691638
sub-3610	869.0	493.0	2590.0	1409.0	513.0	3288.0	4717.0	3314.0	903.0	4224.0	2979.0	2849.0	2076.0	3781.0	638.0	1580.0	1486.0	926.0	1449.0	1295.0	3985.0	1245.0	4909.0	3546.0	529.0	6001.0	7044.0	5201.0	3983.0	3945.0	320.0	480.0	343.0	2425.0	85335.3	1165035.0	1578057.312215
sub-3611	1109.0	572.0	2500.0	1639.0	392.0	2804.0	5549.0	2973.0	1062.0	5075.0	3084.0	3570.0	2108.0	3692.0	607.0	1387.0	1603.0	775.0	1897.0	1917.0	3664.0	1235.0	4550.0	4438.0	476.0	5848.0	6519.0	5684.0	3752.0	3481.0	257.0	391.0	333.0	2288.0	87152.2	1189372.0	1582941.090089
sub-3613	948.0	726.0	2137.0	1447.0	329.0	2452.0	5477.0	3072.0	878.0	4658.0	2582.0	3083.0	1944.0	3453.0	547.0	1323.0	1579.0	729.0	1694.0	1416.0	3729.0	1231.0	4940.0	3371.0	452.0	4641.0	6595.0	4621.0	3774.0	3639.0	316.0	422.0	328.0	2322.0	80852.1	1138758.0	1507659.161024
sub-3614	944.0	628.0	1752.0	1529.0	415.0	2958.0	4335.0	3010.0	975.0	4544.0	2546.0	3573.0	1956.0	3471.0	663.0	1397.0	1264.0	667.0	1317.0	1861.0	3686.0	1069.0	4506.0	3373.0	503.0	4515.0	5964.0	4197.0	3478.0	3506.0	252.0	486.0	314.0	2117.0	77761.3	1066798.0	1466464.757419
sub-3615	888.0	1431.0	2950.0	1802.0	445.0	3372.0	6169.0	4070.0	957.0	5853.0	2796.0	3568.0	2344.0	4172.0	814.0	1970.0	1585.0	823.0	1929.0	1659.0	4607.0	1447.0	5560.0	5421.0	927.0	6864.0	8119.0	6641.0	4123.0	4341.0	391.0	496.0	355.0	3177.0	102057.0	1320493.0	1809552.194087
sub-3620	985.0	804.0	1700.0	1463.0	289.0	3249.0	4863.0	3236.0	731.0	4438.0	2343.0	2981.0	2128.0	3241.0	623.0	1509.0	1079.0	673.0	1331.0	1484.0	3642.0	1096.0	4412.0	3740.0	578.0	5378.0	5949.0	5731.0	3182.0	3651.0	257.0	440.0	278.0	1996.0	79475.8	1115627.0	1567630.667703
sub-3624	846.0	591.0	1827.0	2009.0	573.0	3244.0	5669.0	4143.0	903.0	5221.0	2323.0	3148.0	2082.0	3690.0	569.0	1445.0	1162.0	782.0	1494.0	1996.0	5045.0	1107.0	5458.0	3872.0	516.0	5633.0	7324.0	5109.0	3651.0	4089.0	296.0	454.0	330.0	2628.0	89216.3	1242054.0	1711917.308748
sub-3627	840.0	1009.0	1775.0	1744.0	383.0	3442.0	5404.0	3218.0	975.0	5723.0	3304.0	3700.0	2317.0	3196.0	653.0	1348.0	1086.0	1049.0	1484.0	1728.0	4039.0	1238.0	4868.0	4503.0	749.0	6750.0	6862.0	5583.0	3962.0	4112.0	351.0	493.0	442.0	2618.0	90933.3	1271922.0	1720225.095575
sub-3635	1087.0	1121.0	2344.0	1810.0	623.0	3607.0	6977.0	4175.0	1041.0	5029.0	2980.0	3808.0	2166.0	4383.0	733.0	1590.0	1528.0	927.0	1593.0	1478.0	4822.0	1421.0	5679.0	4346.0	935.0	5569.0	6834.0	6349.0	4300.0	3946.0	360.0	468.0	357.0	2734.0	97114.4	1374248.0	1806403.207425
sub-3636	935.0	480.0	1710.0	1351.0	364.0	3065.0	6085.0	3213.0	923.0	5187.0	2580.0	3669.0	1906.0	3703.0	778.0	1437.0	1266.0	904.0	1441.0	1816.0	4034.0	1035.0	4936.0	3706.0	434.0	4993.0	6336.0	5547.0	3960.0	4545.0	309.0	497.0	335.0	2688.0	86166.6	1178026.0	1608406.835235
sub-3637	752.0	845.0	1772.0	1498.0	359.0	2517.0	4976.0	3209.0	772.0	4328.0	2485.0	3019.0	1870.0	2904.0	626.0	1392.0	1004.0	757.0	1121.0	1323.0	3861.0	1110.0	4598.0	3224.0	582.0	5409.0	6720.0	4383.0	2774.0	3043.0	311.0	454.0	236.0	2116.0	76345.5	1043490.0	1385031.814016
sub-3750	1043.0	718.0	2024.0	1553.0	504.0	3881.0	5423.0	3471.0	1101.0	4987.0	2979.0	3578.0	2353.0	3683.0	758.0	1610.0	1753.0	951.0	2074.0	1847.0	4176.0	1423.0	5701.0	4785.0	650.0	6267.0	8390.0	7383.0	4640.0	4270.0	371.0	432.0	445.0	2831.0	98040.2	1242495.0	1829108.11521
sub-3756	747.0	555.0	2265.0	1796.0	556.0	3217.0	6224.0	3657.0	1053.0	6548.0	2827.0	3595.0	2264.0	3528.0	648.0	1727.0	1382.0	890.0	1550.0	2097.0	4043.0	1169.0	5834.0	3755.0	544.0	6614.0	8533.0	5255.0	4359.0	4313.0	335.0	594.0	456.0	2588.0	95511.4	1166395.0	1697443.460501
sub-3759	803.0	553.0	1753.0	1460.0	383.0	2574.0	4510.0	2665.0	836.0	4211.0	2580.0	3019.0	1677.0	2729.0	525.0	1315.0	1111.0	827.0	1387.0	1419.0	3211.0	860.0	4542.0	3708.0	516.0	5323.0	6602.0	4557.0	3325.0	2613.0	306.0	407.0	300.0	1997.0	74605.5	980833.0	1324377.2585
sub-3765	702.0	501.0	1815.0	1418.0	321.0	2419.0	4301.0	2888.0	795.0	3830.0	2300.0	2970.0	1712.0	3075.0	592.0	1311.0	1129.0	748.0	1221.0	1550.0	3813.0	963.0	4218.0	3346.0	350.0	4894.0	5592.0	4203.0	3364.0	3195.0	282.0	384.0	250.0	1994.0	72441.7	956163.0	1331668.716072
sub-3767	874.0	740.0	2277.0	1806.0	503.0	2721.0	5057.0	3209.0	910.0	5207.0	2687.0	3550.0	2209.0	3284.0	595.0	1260.0	1391.0	937.0	1584.0	2045.0	4209.0	1119.0	4995.0	4063.0	600.0	5176.0	6806.0	5246.0	3322.0	3930.0	327.0	408.0	308.0	2535.0	85872.4	1111458.0	1482417.752735
sub-3768	969.0	704.0	1937.0	1708.0	392.0	3273.0	5560.0	3487.0	1028.0	5154.0	3230.0	3341.0	2157.0	3704.0	626.0	1743.0	1286.0	949.0	1740.0	1916.0	3958.0	1333.0	4898.0	3944.0	582.0	6744.0	7063.0	5179.0	3730.0	3291.0	318.0	512.0	321.0	2384.0	89155.8	1189090.0	1711851.854273
sub-3769	967.0	630.0	1890.0	1525.0	417.0	3099.0	4827.0	3332.0	990.0	4704.0	2204.0	2988.0	1776.0	3426.0	510.0	1304.0	1199.0	748.0	1415.0	1524.0	3886.0	1177.0	4884.0	3834.0	637.0	5395.0	6972.0	5341.0	3694.0	3564.0	294.0	448.0	300.0	2626.0	82523.1	1023165.0	1459153.628129
sub-3779	1081.0	882.0	2205.0	1851.0	684.0	4085.0	4951.0	4561.0	988.0	5812.0	2427.0	2884.0	2030.0	4243.0	787.0	2266.0	1610.0	753.0	1525.0	1499.0	4938.0	1679.0	5990.0	4290.0	743.0	5258.0	7612.0	6450.0	4045.0	4278.0	304.0	440.0	427.0	2487.0	96037.6	1258053.0	1843564.689981
sub-3803	896.0	844.0	1914.0	1384.0	523.0	2891.0	4761.0	3250.0	772.0	4271.0	2383.0	2875.0	1899.0	3313.0	573.0	1712.0	1184.0	759.0	1585.0	1351.0	3940.0	1153.0	4663.0	3761.0	591.0	5173.0	6904.0	4616.0	3293.0	3164.0	335.0	420.0	329.0	3129.0	80603.9	1034002.0	1477757.991102
sub-3804	1097.0	859.0	1728.0	1764.0	524.0	2868.0	5321.0	3583.0	912.0	4727.0	2643.0	3639.0	2352.0	3869.0	573.0	1598.0	1284.0	896.0	1386.0	1899.0	4194.0	1258.0	4581.0	3855.0	679.0	6734.0	6604.0	5139.0	3914.0	3713.0	305.0	368.0	310.0	2086.0	87260.2	1079216.0	1446506.161759
sub-3805	1004.0	616.0	1816.0	1514.0	364.0	2954.0	4614.0	2836.0	907.0	4196.0	2182.0	2827.0	1689.0	2991.0	710.0	1134.0	1174.0	652.0	1074.0	1380.0	3386.0	1061.0	4130.0	3540.0	500.0	4546.0	5503.0	4673.0	3168.0	2985.0	257.0	399.0	280.0	2270.0	73214.1	1008751.0	1325217.218464
sub-3806	801.0	769.0	2132.0	1463.0	335.0	2838.0	4426.0	3051.0	775.0	5009.0	2030.0	3690.0	1837.0	3251.0	614.0	1337.0	1126.0	704.0	1181.0	1390.0	3597.0	1306.0	4182.0	3744.0	609.0	4873.0	6105.0	4990.0	3387.0	3568.0	321.0	419.0	317.0	2279.0	78443.4	1001668.0	1378852.94245
sub-3807	892.0	701.0	2028.0	1378.0	311.0	2899.0	5308.0	3115.0	871.0	4472.0	2457.0	2835.0	1850.0	3364.0	570.0	1545.0	1228.0	883.0	1456.0	1297.0	3454.0	1148.0	4174.0	3999.0	599.0	5670.0	6382.0	5501.0	3547.0	3641.0	269.0	455.0	332.0	2719.0	81335.7	1131902.0	1534058.391503
sub-3809	876.0	857.0	2163.0	1447.0	475.0	2961.0	5365.0	3644.0	788.0	4754.0	2082.0	3422.0	1938.0	3378.0	651.0	1486.0	1402.0	698.0	1546.0	1756.0	3673.0	1199.0	4432.0	4038.0	686.0	4598.0	6035.0	5091.0	3199.0	3579.0	320.0	486.0	285.0	2226.0	81528.9	1100745.0	1513447.66005
sub-3811	984.0	740.0	2421.0	1728.0	429.0	2764.0	5699.0	3124.0	946.0	5952.0	2548.0	2947.0	2094.0	3233.0	674.0	1583.0	1265.0	786.0	1219.0	1426.0	4415.0	1169.0	5540.0	3916.0	717.0	5965.0	7329.0	5615.0	4050.0	3572.0	305.0	506.0	337.0	2478.0	88438.6	1159948.0	1743581.168357
sub-3812	690.0	627.0	1554.0	1373.0	412.0	3099.0	3896.0	2969.0	690.0	3966.0	2231.0	3270.0	1406.0	2824.0	584.0	1574.0	1050.0	612.0	1160.0	1569.0	3819.0	1094.0	4575.0	3947.0	447.0	4250.0	5445.0	5571.0	3072.0	3386.0	278.0	366.0	264.0	1883.0	73946.6	966198.0	1332014.751895
sub-3813	846.0	648.0	2009.0	1628.0	446.0	2855.0	5174.0	3135.0	893.0	5116.0	2702.0	3602.0	1982.0	3724.0	624.0	1698.0	1289.0	725.0	1260.0	1738.0	4359.0	1038.0	5197.0	3832.0	674.0	6602.0	6809.0	5098.0	3410.0	3629.0	300.0	485.0	302.0	2023.0	85850.1	1069694.0	1533309.06124
sub-3816	868.0	471.0	2181.0	1924.0	374.0	2633.0	5100.0	3647.0	975.0	4998.0	2609.0	3235.0	1856.0	3575.0	617.0	1468.0	1678.0	864.0	1591.0	1874.0	3756.0	1042.0	4399.0	4116.0	497.0	5904.0	6988.0	5699.0	3570.0	3139.0	263.0	392.0	272.0	2163.0	84726.6	1120506.0	1594274.388073
sub-3817	745.0	605.0	2110.0	1578.0	443.0	3588.0	4842.0	3721.0	1043.0	4558.0	3028.0	3067.0	1965.0	3022.0	655.0	1319.0	1524.0	915.0	1664.0	1600.0	3703.0	1056.0	4730.0	3563.0	603.0	5144.0	6721.0	5284.0	2984.0	3152.0	324.0	474.0	301.0	2159.0	82181.4	1069093.0	1531423.721927
sub-3850	786.0	609.0	2077.0	1650.0	477.0	2631.0	4447.0	2890.0	731.0	4758.0	2231.0	3514.0	1451.0	2879.0	613.0	1404.0	1108.0	699.0	994.0	1521.0	3752.0	1049.0	4969.0	3275.0	572.0	4565.0	6277.0	4869.0	2948.0	2871.0	243.0	419.0	251.0	1993.0	75521.3	1005951.0	1397323.809416
sub-3851	797.0	595.0	2056.0	1340.0	370.0	2319.0	4794.0	2592.0	808.0	4747.0	2465.0	3100.0	1767.0	3175.0	676.0	1468.0	1473.0	696.0	1645.0	1341.0	3880.0	1087.0	4854.0	3183.0	542.0	5474.0	6763.0	4243.0	3385.0	3021.0	313.0	404.0	291.0	2264.0	77916.3	993699.0	1373455.793974
sub-3852	785.0	502.0	2342.0	1350.0	475.0	2986.0	4913.0	3615.0	953.0	4360.0	2808.0	2515.0	1952.0	3624.0	785.0	1693.0	1531.0	835.0	1508.0	1196.0	3801.0	1233.0	5603.0	4188.0	729.0	4856.0	7447.0	5100.0	4110.0	3478.0	298.0	439.0	334.0	2989.0	85108.8	1066095.0	1627827.556423
sub-3853	822.0	712.0	2359.0	1652.0	455.0	3276.0	4948.0	3053.0	1022.0	4448.0	2914.0	2886.0	1967.0	3496.0	674.0	1292.0	1309.0	831.0	1642.0	1530.0	4527.0	1162.0	4680.0	4336.0	627.0	5558.0	7211.0	5601.0	3535.0	3383.0	339.0	417.0	311.0	2416.0	85384.7	1105642.0	1484430.061982
sub-3854	757.0	592.0	1966.0	1829.0	488.0	3068.0	4737.0	2989.0	839.0	6164.0	3201.0	3897.0	2147.0	3396.0	621.0	1693.0	1359.0	973.0	1743.0	2074.0	4007.0	1139.0	4877.0	4219.0	572.0	6813.0	7677.0	5963.0	4340.0	4531.0	317.0	462.0	416.0	2432.0	92290.0	1246268.0	1639679.40429
sub-3855	872.0	560.0	1326.0	1702.0	426.0	2761.0	4990.0	2948.0	1058.0	4817.0	2471.0	2736.0	1883.0	3643.0	552.0	1267.0	1386.0	809.0	1796.0	1641.0	3692.0	935.0	3992.0	4298.0	497.0	5266.0	6883.0	5287.0	3812.0	3773.0	283.0	404.0	332.0	2571.0	81665.5	1070266.0	1490168.9519
sub-3857	632.0	577.0	1733.0	1494.0	421.0	2617.0	4602.0	2851.0	698.0	4295.0	2279.0	3065.0	1734.0	2866.0	625.0	1405.0	1042.0	653.0	1339.0	1451.0	3050.0	988.0	3615.0	3324.0	461.0	5100.0	5798.0	4110.0	3430.0	2919.0	255.0	478.0	302.0	2099.0	72300.0	923704.0	1224845.801009
sub-3859	993.0	708.0	1969.0	1578.0	352.0	2954.0	5704.0	3551.0	822.0	4760.0	2304.0	2979.0	1909.0	3649.0	729.0	1453.0	1267.0	806.0	1211.0	1391.0	3846.0	1273.0	4381.0	3729.0	477.0	5498.0	6338.0	5130.0	3408.0	3520.0	333.0	441.0	346.0	2592.0	82389.4	1093625.0	1496401.414663
sub-4004	857.0	745.0	2191.0	1635.0	366.0	2511.0	4501.0	2888.0	830.0	4420.0	2137.0	2987.0	2027.0	3142.0	552.0	1335.0	1086.0	655.0	1318.0	1699.0	3411.0	993.0	4848.0	3811.0	571.0	4946.0	6544.0	4894.0	3556.0	3415.0	285.0	491.0	286.0	2640.0	78569.7	986114.0	1402578.950185
sub-4010	691.0	572.0	2471.0	1214.0	329.0	2648.0	3845.0	2786.0	868.0	5015.0	2493.0	2688.0	1687.0	3117.0	622.0	1370.0	1217.0	703.0	1247.0	1106.0	3458.0	1123.0	4517.0	3685.0	532.0	5523.0	7116.0	4431.0	3354.0	3221.0	255.0	413.0	271.0	2169.0	76751.6	1070106.0	1453692.080473
sub-4018	763.0	746.0	1987.0	1571.0	476.0	3306.0	4643.0	3396.0	941.0	4943.0	2760.0	3025.0	1900.0	3103.0	641.0	1479.0	1332.0	869.0	1685.0	1487.0	3674.0	1072.0	4879.0	3677.0	559.0	6083.0	7083.0	4825.0	4129.0	4140.0	295.0	484.0	430.0	3216.0	85583.2	1050746.0	1469438.251191
sub-4032	774.0	515.0	1810.0	1653.0	444.0	3229.0	5285.0	3250.0	907.0	5142.0	2645.0	3632.0	2001.0	3157.0	685.0	1362.0	1313.0	727.0	1490.0	1753.0	3697.0	957.0	4498.0	3986.0	470.0	5606.0	6495.0	5031.0	3831.0	3291.0	261.0	441.0	336.0	2396.0	83065.8	991489.0	1345939.570579
sub-4067	897.0	715.0	2805.0	1465.0	386.0	3178.0	5265.0	3539.0	943.0	4867.0	2970.0	2942.0	2001.0	4110.0	684.0	1345.0	1336.0	843.0	1352.0	1508.0	4274.0	1070.0	5448.0	4542.0	803.0	6154.0	7844.0	5971.0	4117.0	4251.0	333.0	461.0	384.0	2665.0	91465.4	1123070.0	1598247.41092
sub-4085	707.0	622.0	1842.0	1722.0	388.0	2762.0	3807.0	3078.0	901.0	4601.0	2385.0	3033.0	1824.0	2927.0	473.0	1669.0	1121.0	654.0	1396.0	1359.0	3793.0	1163.0	5101.0	3460.0	671.0	4838.0	6768.0	4192.0	3520.0	3806.0	245.0	439.0	378.0	2229.0	77866.5	985185.0	1449533.278444
sub-4139	861.0	692.0	2305.0	1388.0	449.0	3086.0	5824.0	2999.0	1121.0	4946.0	2490.0	3188.0	1844.0	3439.0	537.0	1277.0	1423.0	856.0	1348.0	1502.0	4880.0	1289.0	5193.0	4174.0	683.0	5374.0	6427.0	5683.0	3669.0	3732.0	284.0	546.0	329.0	2816.0	86497.3	1004334.0	1543326.123461
