lh.aparc.area	lh_bankssts_area	lh_caudalanteriorcingulate_area	lh_caudalmiddlefrontal_area	lh_cuneus_area	lh_entorhinal_area	lh_fusiform_area	lh_inferiorparietal_area	lh_inferiortemporal_area	lh_isthmuscingulate_area	lh_lateraloccipital_area	lh_lateralorbitofrontal_area	lh_lingual_area	lh_medialorbitofrontal_area	lh_middletemporal_area	lh_parahippocampal_area	lh_paracentral_area	lh_parsopercularis_area	lh_parsorbitalis_area	lh_parstriangularis_area	lh_pericalcarine_area	lh_postcentral_area	lh_posteriorcingulate_area	lh_precentral_area	lh_precuneus_area	lh_rostralanteriorcingulate_area	lh_rostralmiddlefrontal_area	lh_superiorfrontal_area	lh_superiorparietal_area	lh_superiortemporal_area	lh_supramarginal_area	lh_frontalpole_area	lh_temporalpole_area	lh_transversetemporal_area	lh_insula_area	lh_WhiteSurfArea_area	BrainSegVolNotVent	eTIV
sub-3000	1025.0	770.0	2111.0	2031.0	493.0	3215.0	4684.0	3687.0	812.0	5848.0	2902.0	3480.0	1815.0	3688.0	641.0	1329.0	1653.0	746.0	1146.0	1591.0	4245.0	946.0	5100.0	3325.0	885.0	5205.0	6825.0	5401.0	4361.0	3741.0	248.0	334.0	397.0	2512.0	87180.8	1108330.0	1569766.840465
sub-3004	1134.0	686.0	1787.0	1401.0	494.0	3280.0	3985.0	4038.0	847.0	5144.0	3037.0	2432.0	1924.0	3821.0	728.0	1460.0	1416.0	648.0	1133.0	1204.0	4723.0	1108.0	5151.0	3975.0	858.0	5086.0	7636.0	5524.0	3947.0	4753.0	208.0	525.0	408.0	2483.0	86978.1	1175445.0	1617853.482109
sub-3008	1086.0	377.0	1399.0	1367.0	356.0	2981.0	4394.0	3152.0	787.0	4677.0	2666.0	2454.0	1815.0	2747.0	527.0	1074.0	1783.0	574.0	1334.0	1084.0	3550.0	951.0	3724.0	3333.0	525.0	4686.0	4892.0	4793.0	3951.0	3847.0	189.0	340.0	495.0	2092.0	73902.7	873285.0	1282019.510828
sub-3011	1297.0	772.0	2316.0	1272.0	525.0	3120.0	5071.0	4395.0	987.0	4635.0	3168.0	2611.0	2315.0	3669.0	775.0	1442.0	1994.0	694.0	1741.0	1259.0	4272.0	1181.0	4974.0	3551.0	1158.0	6463.0	7522.0	4837.0	4330.0	4259.0	230.0	555.0	447.0	2731.0	90545.0	1256798.0	1722963.923116
sub-3013	1073.0	394.0	2369.0	1308.0	455.0	3270.0	4773.0	3672.0	1277.0	5119.0	2854.0	2250.0	1772.0	3258.0	743.0	1587.0	1407.0	785.0	1281.0	839.0	4126.0	929.0	5528.0	4272.0	783.0	7384.0	8026.0	6100.0	3976.0	5042.0	233.0	436.0	503.0	2343.0	90164.2	1185073.0	1637599.895668
sub-3016	1339.0	580.0	2590.0	1472.0	577.0	3704.0	4792.0	4564.0	1060.0	5813.0	2735.0	2674.0	2083.0	3902.0	759.0	1503.0	1669.0	679.0	1321.0	1502.0	4458.0	1046.0	4794.0	4472.0	918.0	6095.0	7223.0	5605.0	4204.0	5699.0	228.0	457.0	392.0	2338.0	93240.3	1142925.0	1587662.051107
sub-3029	1020.0	422.0	2506.0	1656.0	501.0	2897.0	3672.0	3459.0	1072.0	4834.0	2113.0	2949.0	1884.0	2903.0	735.0	1304.0	1425.0	620.0	1020.0	1585.0	4024.0	992.0	5694.0	3585.0	662.0	5253.0	8032.0	5970.0	3380.0	4785.0	280.0	534.0	384.0	2298.0	84437.3	1131226.0	1591404.683586
sub-3104	859.0	551.0	1855.0	1608.0	394.0	3036.0	4731.0	2957.0	989.0	4975.0	2643.0	2916.0	1789.0	2811.0	705.0	1172.0	1705.0	636.0	1307.0	1227.0	3770.0	1119.0	4820.0	3645.0	903.0	4881.0	6365.0	5930.0	3669.0	3834.0	256.0	436.0	512.0	2718.0	81711.0	1017494.0	1530767.14906
sub-3106	647.0	410.0	1960.0	1370.0	495.0	2760.0	4135.0	2877.0	961.0	4702.0	2154.0	2564.0	1319.0	2812.0	682.0	1439.0	1603.0	561.0	1283.0	1220.0	4153.0	874.0	5264.0	3742.0	611.0	4653.0	7255.0	5444.0	3524.0	3328.0	234.0	372.0	448.0	2484.0	78329.3	967156.0	1540262.400118
sub-3112	863.0	432.0	1894.0	1574.0	519.0	2387.0	3082.0	2543.0	840.0	3702.0	1728.0	2376.0	1419.0	2149.0	610.0	939.0	1595.0	654.0	1247.0	1330.0	2592.0	879.0	3715.0	3599.0	386.0	5276.0	6556.0	3179.0	3237.0	2684.0	244.0	442.0	481.0	2305.0	67453.0	854197.0	1233595.151979
sub-3114	1093.0	609.0	1940.0	1445.0	454.0	2857.0	3677.0	2793.0	1013.0	4539.0	2256.0	2964.0	1461.0	2578.0	587.0	1344.0	1248.0	539.0	1077.0	1574.0	3578.0	1056.0	4779.0	3357.0	516.0	4056.0	6683.0	4433.0	3639.0	3392.0	200.0	445.0	349.0	2466.0	74996.2	905428.0	1287590.079589
sub-3115	1034.0	613.0	2832.0	1298.0	641.0	3885.0	5261.0	3933.0	1216.0	4775.0	2975.0	2963.0	2119.0	3383.0	668.0	1387.0	1780.0	768.0	1444.0	1314.0	5324.0	1391.0	5369.0	4457.0	1050.0	5648.0	9078.0	6747.0	3459.0	5480.0	201.0	508.0	545.0	2697.0	96238.0	1169364.0	1636462.312859
sub-3151	1378.0	743.0	1993.0	1297.0	452.0	2787.0	4381.0	3342.0	1057.0	4797.0	2516.0	2962.0	1833.0	3245.0	542.0	1304.0	1824.0	693.0	1219.0	1276.0	3925.0	1241.0	4358.0	3499.0	793.0	6111.0	7559.0	4980.0	3838.0	4315.0	262.0	400.0	409.0	2097.0	83304.4	1080730.0	1520893.531615
sub-3156	1111.0	678.0	2200.0	1260.0	467.0	2510.0	4682.0	3517.0	898.0	4851.0	2583.0	2542.0	1615.0	3353.0	685.0	1598.0	1422.0	585.0	1220.0	1111.0	3864.0	1301.0	4766.0	3149.0	914.0	5576.0	7252.0	4529.0	4367.0	3615.0	288.0	506.0	477.0	2714.0	82200.2	1032323.0	1558956.244154
sub-3157	814.0	522.0	1846.0	1220.0	346.0	2678.0	3473.0	2743.0	731.0	4024.0	2177.0	2317.0	1702.0	2583.0	562.0	1273.0	1582.0	635.0	1134.0	1268.0	3661.0	814.0	4192.0	3079.0	780.0	3926.0	5855.0	5113.0	3492.0	3227.0	234.0	410.0	361.0	2066.0	70701.5	878085.0	1183410.395238
sub-3160	1104.0	464.0	2192.0	1432.0	507.0	3466.0	3982.0	3737.0	1099.0	5154.0	2398.0	3180.0	2046.0	3057.0	684.0	1466.0	1574.0	726.0	1311.0	1322.0	4759.0	1387.0	5112.0	3507.0	1055.0	5689.0	8168.0	5489.0	4615.0	4271.0	252.0	535.0	533.0	2626.0	88896.8	1133731.0	1809287.539735
sub-3161	940.0	733.0	2145.0	1658.0	413.0	3472.0	3645.0	3557.0	1442.0	5259.0	2733.0	3478.0	2216.0	3649.0	724.0	1371.0	1750.0	852.0	1562.0	1596.0	3897.0	1380.0	4638.0	4290.0	1073.0	5863.0	7744.0	6292.0	4638.0	4875.0	245.0	459.0	415.0	2667.0	91644.8	1193640.0	1692612.828334
sub-3165	1011.0	465.0	1877.0	1232.0	555.0	2761.0	3735.0	3430.0	774.0	4430.0	2540.0	3328.0	1688.0	3130.0	682.0	1612.0	1620.0	749.0	1438.0	1444.0	3762.0	1098.0	4386.0	3287.0	727.0	4918.0	6341.0	4530.0	3843.0	3024.0	229.0	405.0	401.0	2135.0	77503.3	1082889.0	1450955.030984
sub-3169	786.0	716.0	2705.0	1632.0	434.0	3206.0	4886.0	3095.0	1496.0	5182.0	2715.0	4197.0	1926.0	2555.0	713.0	1425.0	1850.0	711.0	1482.0	1938.0	3833.0	1320.0	5355.0	4043.0	904.0	7063.0	8692.0	6092.0	4199.0	4122.0	326.0	491.0	511.0	2432.0	92872.1	1155226.0	1639347.801568
sub-3171	980.0	484.0	2403.0	1520.0	544.0	2839.0	3856.0	3919.0	935.0	4816.0	2388.0	2843.0	1880.0	3560.0	610.0	1161.0	1512.0	657.0	1159.0	1206.0	3738.0	1143.0	5231.0	3340.0	574.0	4993.0	6878.0	5447.0	3774.0	4262.0	259.0	475.0	458.0	2219.0	82059.2	1118880.0	1574591.31877
sub-3172	942.0	700.0	2278.0	1614.0	404.0	3252.0	4509.0	3098.0	1048.0	5334.0	2919.0	2910.0	1997.0	3141.0	594.0	1354.0	1655.0	872.0	1612.0	1347.0	3990.0	1230.0	5116.0	3357.0	743.0	5854.0	7786.0	5730.0	4049.0	4003.0	254.0	482.0	457.0	2471.0	87094.7	1103831.0	1645046.07471
sub-3188	941.0	716.0	1752.0	1252.0	335.0	2983.0	3284.0	3049.0	1010.0	4147.0	2423.0	2939.0	1507.0	2839.0	616.0	1382.0	1272.0	599.0	1183.0	1315.0	3846.0	1144.0	4304.0	3781.0	787.0	4097.0	6335.0	4597.0	3783.0	5029.0	199.0	475.0	409.0	2515.0	76841.3	967339.0	1411083.122871
sub-3191	658.0	407.0	2133.0	1545.0	226.0	2766.0	4176.0	3250.0	1067.0	5335.0	2497.0	3031.0	1718.0	2278.0	575.0	1161.0	1588.0	595.0	1197.0	1621.0	3438.0	1153.0	4621.0	3369.0	457.0	4758.0	6432.0	5041.0	3254.0	3323.0	225.0	411.0	424.0	2397.0	77118.6	970695.0	1316481.977243
sub-3257	727.0	188.0	2400.0	1229.0	587.0	3368.0	3946.0	4115.0	627.0	4038.0	2626.0	2238.0	2600.0	3653.0	889.0	1691.0	1771.0	902.0	1373.0	838.0	4731.0	602.0	5352.0	3154.0	694.0	6769.0	10474.0	6021.0	4433.0	4825.0	308.0	502.0	426.0	2546.0	90640.4	1400587.0	1796076.608219
sub-3260	1137.0	581.0	2513.0	1514.0	427.0	3639.0	4297.0	3784.0	960.0	6441.0	3437.0	2623.0	1711.0	3655.0	680.0	1261.0	1753.0	967.0	1726.0	1118.0	4298.0	1095.0	5171.0	4880.0	798.0	7908.0	8418.0	6807.0	4142.0	4471.0	177.0	411.0	478.0	2713.0	95987.5	1111691.0	1510075.588013
sub-3264	457.0	429.0	2072.0	798.0	1001.0	2959.0	3464.0	2432.0	260.0	4535.0	2213.0	2245.0	1716.0	2005.0	540.0	1428.0	1214.0	587.0	975.0	1040.0	3027.0	772.0	4047.0	2481.0	848.0	6031.0	8295.0	4785.0	2398.0	2850.0	260.0	364.0	384.0	2095.0	71005.1	1219336.0	1566172.153937
sub-3270	1156.0	606.0	2142.0	726.0	502.0	2681.0	3810.0	3969.0	737.0	5125.0	3196.0	2893.0	1881.0	3459.0	705.0	1210.0	1568.0	815.0	1180.0	1016.0	4052.0	881.0	5129.0	2563.0	1181.0	7561.0	8277.0	5827.0	4729.0	4453.0	216.0	339.0	513.0	2832.0	87922.1	1121967.0	1546965.060867
sub-3271	1073.0	616.0	2425.0	1132.0	645.0	3307.0	4955.0	4509.0	1164.0	4872.0	3088.0	2448.0	1911.0	3956.0	727.0	1257.0	1812.0	843.0	1550.0	1001.0	4420.0	1185.0	4955.0	3909.0	844.0	7351.0	6935.0	5073.0	4676.0	4154.0	217.0	562.0	551.0	3129.0	91251.8	1253052.0	1718214.935342
sub-3274	1114.0	613.0	2181.0	1347.0	923.0	3113.0	4544.0	4313.0	847.0	5121.0	3033.0	2889.0	2448.0	3827.0	815.0	1967.0	1570.0	836.0	1527.0	1212.0	4220.0	1246.0	4746.0	3691.0	861.0	7863.0	8726.0	4944.0	4788.0	4656.0	246.0	532.0	510.0	2497.0	93755.0	1519589.0	1996588.304558
sub-3276	1649.0	877.0	2328.0	905.0	497.0	2979.0	4927.0	3413.0	586.0	4926.0	3143.0	1866.0	2289.0	3709.0	1173.0	1659.0	1764.0	903.0	1084.0	547.0	3811.0	1220.0	5126.0	3509.0	1107.0	6580.0	8737.0	4784.0	4320.0	4122.0	260.0	312.0	527.0	3110.0	88737.0	1196149.0	1532799.083546
sub-3277	1387.0	735.0	2541.0	1367.0	784.0	3816.0	4720.0	4547.0	876.0	5436.0	3289.0	3323.0	2692.0	4478.0	961.0	1442.0	1897.0	830.0	1464.0	1140.0	4855.0	1304.0	5601.0	4241.0	1230.0	7484.0	9472.0	6428.0	4844.0	6072.0	228.0	542.0	470.0	2635.0	103123.0	1398131.0	1749964.804139
sub-3300	1003.0	547.0	2173.0	1600.0	461.0	3947.0	4335.0	3320.0	1093.0	5896.0	2649.0	3159.0	1737.0	2805.0	681.0	1467.0	1644.0	634.0	1456.0	1400.0	4260.0	1169.0	5525.0	3814.0	861.0	5939.0	8405.0	5164.0	4153.0	3721.0	262.0	473.0	523.0	2440.0	88643.7	1103909.0	1507889.394342
sub-3301	1111.0	639.0	2681.0	2130.0	405.0	3131.0	4364.0	4015.0	985.0	5732.0	2925.0	3475.0	1985.0	3579.0	678.0	1487.0	1638.0	618.0	1327.0	1840.0	4351.0	1237.0	5765.0	3702.0	608.0	5912.0	7482.0	4790.0	4155.0	4611.0	312.0	402.0	566.0	2496.0	91116.2	1138836.0	1569970.280325
sub-3310	830.0	678.0	2014.0	1121.0	584.0	2613.0	3027.0	3003.0	742.0	3789.0	2172.0	2123.0	1603.0	2734.0	692.0	1316.0	1459.0	568.0	1055.0	1010.0	3759.0	1014.0	4452.0	3548.0	927.0	4473.0	6581.0	4952.0	3354.0	3381.0	217.0	470.0	399.0	2101.0	72732.6	945687.0	1381921.039271
sub-3316	1237.0	619.0	2384.0	1268.0	590.0	2931.0	4283.0	3097.0	1117.0	4365.0	2792.0	3168.0	1854.0	2996.0	643.0	1290.0	1497.0	670.0	1367.0	1304.0	3920.0	1264.0	5244.0	3329.0	953.0	5738.0	7935.0	4556.0	3802.0	4093.0	276.0	463.0	462.0	2527.0	84034.2	1113571.0	1600319.319315
sub-3318	959.0	613.0	1506.0	943.0	380.0	2756.0	3941.0	2744.0	898.0	4614.0	2247.0	2538.0	1702.0	2688.0	591.0	1057.0	1259.0	546.0	1050.0	970.0	3604.0	1053.0	4662.0	2976.0	748.0	4068.0	6690.0	4196.0	3647.0	3172.0	236.0	384.0	463.0	2293.0	72178.9	954207.0	1465625.659036
sub-3320	661.0	606.0	2120.0	1531.0	537.0	2826.0	4345.0	3662.0	1067.0	4546.0	2469.0	3131.0	1870.0	3230.0	582.0	1451.0	1624.0	778.0	1489.0	1438.0	4822.0	1193.0	5521.0	3284.0	735.0	5929.0	6960.0	4347.0	3946.0	3900.0	247.0	454.0	518.0	2734.0	84536.8	1067085.0	1482700.06768
sub-3350	1009.0	850.0	2849.0	1468.0	403.0	3770.0	5003.0	3928.0	978.0	5464.0	2831.0	2847.0	1919.0	3595.0	619.0	1557.0	1586.0	683.0	1337.0	1357.0	4224.0	1404.0	5929.0	3857.0	1074.0	6602.0	8062.0	5262.0	4049.0	3894.0	251.0	478.0	497.0	2400.0	92028.8	1110241.0	1629867.024323
sub-3351	945.0	581.0	2232.0	1456.0	509.0	2983.0	5251.0	2972.0	1011.0	5030.0	2930.0	3164.0	2060.0	2906.0	648.0	1467.0	1571.0	712.0	1045.0	1349.0	4429.0	1153.0	5343.0	3898.0	871.0	4873.0	6916.0	5590.0	3154.0	3612.0	225.0	477.0	374.0	2187.0	83919.4	943343.0	1585653.383279
sub-3353	847.0	394.0	1828.0	1282.0	434.0	2930.0	4146.0	3367.0	950.0	4196.0	2397.0	2709.0	1725.0	2801.0	630.0	1219.0	1308.0	621.0	1093.0	1247.0	3752.0	963.0	4760.0	3343.0	590.0	5130.0	7068.0	4908.0	3405.0	3138.0	227.0	348.0	365.0	2262.0	76276.3	1046218.0	1420575.293696
sub-3355	973.0	499.0	1701.0	1556.0	407.0	2695.0	4259.0	2490.0	987.0	4511.0	1672.0	3111.0	1652.0	2959.0	671.0	1309.0	1283.0	404.0	1089.0	1490.0	3762.0	1085.0	4457.0	3332.0	416.0	4473.0	5882.0	5669.0	4374.0	3975.0	271.0	531.0	436.0	2117.0	76488.0	1041331.0	1387517.341014
sub-3357	994.0	579.0	2665.0	1292.0	382.0	2626.0	4365.0	3149.0	1110.0	4664.0	2737.0	2968.0	1751.0	3188.0	702.0	1380.0	1392.0	763.0	1168.0	1162.0	4091.0	1159.0	5536.0	3843.0	598.0	5723.0	8247.0	4967.0	4353.0	3864.0	246.0	447.0	499.0	2678.0	85291.2	1088526.0	1658569.737646
sub-3358	1126.0	694.0	3206.0	1541.0	600.0	3329.0	4777.0	3382.0	1076.0	4857.0	2864.0	3482.0	2087.0	3572.0	928.0	1779.0	1614.0	662.0	1117.0	1459.0	5136.0	1341.0	5958.0	4210.0	1175.0	6271.0	8973.0	6011.0	4655.0	5346.0	285.0	587.0	562.0	2671.0	97324.9	1247153.0	1696766.506401
sub-3361	1142.0	849.0	2323.0	1493.0	407.0	3154.0	5636.0	3631.0	1302.0	4807.0	2532.0	2770.0	1915.0	3793.0	598.0	1461.0	1648.0	673.0	1294.0	1289.0	4679.0	1242.0	5064.0	4418.0	1002.0	5643.0	7620.0	5591.0	4062.0	5290.0	283.0	449.0	453.0	2674.0	91171.3	1103762.0	1568950.294096
sub-3362	782.0	559.0	2219.0	1616.0	351.0	2895.0	4592.0	3424.0	943.0	4970.0	2822.0	3292.0	1736.0	3331.0	620.0	1385.0	1490.0	626.0	1400.0	1641.0	4104.0	1063.0	4861.0	3393.0	759.0	5111.0	6600.0	4886.0	3614.0	3219.0	223.0	365.0	379.0	2309.0	81580.7	1066753.0	1284820.070714
sub-3368	1094.0	440.0	2237.0	1521.0	555.0	3231.0	4618.0	3621.0	1159.0	5177.0	2668.0	3125.0	1986.0	3060.0	826.0	1424.0	1301.0	591.0	1067.0	1478.0	4270.0	1096.0	4768.0	4193.0	869.0	6089.0	7488.0	5377.0	3879.0	4122.0	260.0	465.0	456.0	2497.0	87000.3	1117001.0	1390440.882489
sub-3369	796.0	607.0	2213.0	1177.0	450.0	2711.0	3787.0	2675.0	1160.0	4674.0	2300.0	2941.0	1549.0	2591.0	708.0	1029.0	1490.0	687.0	1537.0	1477.0	3877.0	1058.0	4798.0	3813.0	791.0	6090.0	6398.0	4649.0	4017.0	3502.0	276.0	492.0	507.0	2488.0	79311.1	1041747.0	1449827.130093
sub-3370	853.0	974.0	2538.0	1668.0	606.0	3615.0	3671.0	3889.0	1008.0	5031.0	2979.0	3632.0	2283.0	3158.0	789.0	1662.0	1431.0	787.0	1508.0	1619.0	4191.0	1706.0	5410.0	4188.0	1046.0	6964.0	7879.0	6016.0	4118.0	4068.0	243.0	598.0	478.0	2652.0	93238.8	1294383.0	1672519.043824
sub-3389	1025.0	731.0	1761.0	1493.0	387.0	3120.0	4951.0	3196.0	971.0	5300.0	2613.0	2922.0	1958.0	3187.0	647.0	1334.0	1487.0	635.0	1430.0	1234.0	3900.0	1388.0	4664.0	3752.0	1043.0	6135.0	7229.0	5698.0	3719.0	4032.0	257.0	467.0	414.0	2516.0	85574.3	1042625.0	1499330.11181
sub-3390	787.0	582.0	1827.0	1644.0	355.0	3318.0	4037.0	3253.0	854.0	5490.0	2640.0	3073.0	1686.0	2493.0	705.0	1478.0	1493.0	624.0	1245.0	1659.0	3709.0	1169.0	5073.0	3718.0	839.0	4811.0	7200.0	5691.0	4012.0	3376.0	185.0	455.0	491.0	2358.0	82317.2	1070043.0	1398499.276138
sub-3503	754.0	475.0	1729.0	1225.0	461.0	2846.0	3736.0	2444.0	695.0	4326.0	2188.0	2633.0	1457.0	2296.0	533.0	1295.0	1241.0	580.0	971.0	1123.0	3291.0	997.0	4050.0	3101.0	592.0	4320.0	5693.0	4469.0	3271.0	3603.0	233.0	437.0	389.0	1779.0	69233.4	887460.0	1207402.00558
sub-3515	833.0	683.0	2166.0	1275.0	419.0	2800.0	4286.0	3365.0	838.0	4148.0	2233.0	2877.0	1437.0	2954.0	627.0	1184.0	1115.0	527.0	968.0	1499.0	3787.0	980.0	4229.0	3111.0	969.0	5140.0	6486.0	5034.0	3496.0	3245.0	239.0	472.0	334.0	2175.0	75931.7	947111.0	1259891.297764
sub-3517	961.0	523.0	1817.0	1435.0	627.0	3348.0	3967.0	2961.0	981.0	4871.0	2499.0	3389.0	1841.0	2879.0	792.0	1371.0	1333.0	596.0	1257.0	1233.0	4287.0	1000.0	4551.0	3653.0	747.0	4787.0	6957.0	5378.0	4296.0	4454.0	256.0	470.0	461.0	2790.0	82682.1	1103553.0	1293758.236574
sub-3518	929.0	622.0	2118.0	1407.0	455.0	3475.0	4538.0	3421.0	1146.0	4663.0	2198.0	2906.0	1666.0	3054.0	749.0	1453.0	1438.0	591.0	1148.0	1346.0	4199.0	1141.0	4963.0	4203.0	728.0	5107.0	6905.0	5393.0	3782.0	3802.0	266.0	485.0	399.0	2243.0	82929.5	1030412.0	1569493.960978
sub-3519	1015.0	680.0	2601.0	1280.0	558.0	3555.0	5381.0	3517.0	966.0	5094.0	3110.0	3664.0	2242.0	2848.0	669.0	1534.0	1585.0	844.0	1377.0	1311.0	4296.0	1358.0	5612.0	4206.0	878.0	6415.0	8358.0	5712.0	3851.0	3595.0	305.0	532.0	457.0	2482.0	91873.3	1200494.0	1730278.343036
sub-3521	1039.0	637.0	1983.0	1313.0	489.0	2569.0	4215.0	3487.0	1085.0	4710.0	2455.0	2940.0	1912.0	3351.0	600.0	1241.0	1373.0	686.0	1272.0	1396.0	3884.0	1337.0	4161.0	3438.0	941.0	6010.0	6942.0	5574.0	4225.0	3905.0	242.0	429.0	427.0	2186.0	82450.1	1090441.0	1422627.172057
sub-3523	1079.0	476.0	2209.0	1524.0	273.0	3165.0	4625.0	3823.0	831.0	5163.0	2663.0	3177.0	1684.0	2887.0	704.0	1187.0	1309.0	640.0	1104.0	1436.0	3987.0	1118.0	4512.0	3245.0	921.0	4893.0	6888.0	4650.0	3684.0	3709.0	281.0	342.0	433.0	2376.0	80992.6	1030688.0	1199770.937643
sub-3525	819.0	515.0	2010.0	1267.0	403.0	3228.0	4131.0	3416.0	1029.0	5725.0	2357.0	2721.0	1899.0	2892.0	649.0	1338.0	1265.0	732.0	1037.0	1284.0	3734.0	1060.0	4419.0	3215.0	877.0	4998.0	7297.0	4571.0	3877.0	3751.0	283.0	447.0	442.0	2482.0	80144.9	1081407.0	1379710.094974
sub-3526	884.0	646.0	1416.0	1598.0	490.0	3173.0	4096.0	2689.0	1315.0	4885.0	2798.0	3126.0	2153.0	2782.0	603.0	1370.0	1450.0	738.0	1435.0	1229.0	4358.0	1645.0	4282.0	3759.0	880.0	5002.0	7122.0	5158.0	4226.0	4013.0	287.0	508.0	397.0	2756.0	83249.2	1048202.0	1632215.592885
sub-3527	890.0	666.0	2237.0	1275.0	484.0	2954.0	3582.0	2796.0	897.0	4632.0	2491.0	2784.0	2013.0	2778.0	736.0	1183.0	1220.0	698.0	1162.0	1132.0	3491.0	1102.0	4352.0	3003.0	867.0	5664.0	6911.0	3676.0	3577.0	2409.0	251.0	468.0	356.0	2128.0	74868.1	1030495.0	1428415.630161
sub-3541	1193.0	743.0	3067.0	1904.0	618.0	3713.0	6093.0	4588.0	1630.0	6638.0	3281.0	4493.0	2216.0	4101.0	837.0	1909.0	1940.0	940.0	1768.0	2446.0	5594.0	1418.0	5734.0	5055.0	1380.0	6886.0	10182.0	7620.0	4404.0	4209.0	257.0	615.0	490.0	2699.0	110655.0	1335957.0	1828574.136988
sub-3551	983.0	593.0	2975.0	1502.0	518.0	2797.0	4089.0	3194.0	849.0	4852.0	2910.0	2927.0	1879.0	3051.0	661.0	1569.0	1643.0	659.0	1286.0	1205.0	4279.0	921.0	5431.0	3803.0	958.0	6151.0	7859.0	4449.0	4163.0	3567.0	247.0	611.0	501.0	2737.0	85813.9	1053718.0	1567589.916258
sub-3554	1097.0	553.0	2350.0	1247.0	464.0	3004.0	4846.0	2689.0	941.0	4933.0	2824.0	2568.0	1652.0	2466.0	719.0	1469.0	1424.0	583.0	1129.0	1047.0	4114.0	1042.0	5300.0	3747.0	920.0	5197.0	7859.0	4759.0	3583.0	3999.0	255.0	320.0	485.0	2897.0	82475.7	1047717.0	1563271.478061
sub-3555	1296.0	865.0	2545.0	1972.0	436.0	3640.0	5677.0	4283.0	1119.0	7239.0	3394.0	3547.0	2375.0	4115.0	701.0	1546.0	2316.0	815.0	1923.0	1606.0	4506.0	1522.0	5914.0	4500.0	1383.0	6523.0	8244.0	6252.0	4275.0	4431.0	302.0	563.0	467.0	3235.0	103523.0	1409698.0	1898035.479902
sub-3563	1040.0	564.0	3373.0	1368.0	511.0	3412.0	4583.0	3474.0	1119.0	5124.0	3094.0	2762.0	2386.0	3318.0	639.0	1449.0	1494.0	750.0	1102.0	1268.0	3936.0	1343.0	5431.0	3698.0	1120.0	6519.0	9410.0	5278.0	4381.0	3748.0	283.0	520.0	432.0	2537.0	91457.0	1153953.0	1657344.013656
sub-3565	1014.0	728.0	2648.0	1788.0	385.0	3426.0	4613.0	3639.0	1255.0	6490.0	3060.0	3459.0	2067.0	3985.0	683.0	1403.0	1463.0	918.0	1355.0	1801.0	4351.0	1255.0	5417.0	4077.0	1132.0	6353.0	8991.0	5316.0	4178.0	4709.0	329.0	471.0	352.0	3009.0	96120.1	1259027.0	1783763.889443
sub-3569	930.0	763.0	2041.0	1397.0	547.0	3429.0	4004.0	3416.0	940.0	4884.0	2625.0	3222.0	1875.0	3189.0	690.0	1567.0	1393.0	649.0	1159.0	1271.0	4287.0	1163.0	4400.0	3691.0	950.0	5809.0	6521.0	4919.0	3829.0	3433.0	243.0	443.0	423.0	2365.0	82468.5	1036115.0	1373078.549832
sub-3570	1038.0	899.0	2519.0	1776.0	492.0	3724.0	5172.0	3949.0	1350.0	6031.0	3361.0	4498.0	2049.0	3493.0	714.0	1589.0	1714.0	841.0	1554.0	2209.0	4865.0	1470.0	6173.0	4573.0	1166.0	7052.0	8621.0	6134.0	3966.0	4902.0	305.0	580.0	554.0	3118.0	102451.0	1315000.0	1948132.126488
sub-3571	1179.0	867.0	2271.0	1721.0	627.0	3426.0	5680.0	4306.0	1518.0	5984.0	3072.0	3718.0	2111.0	4037.0	686.0	1650.0	2126.0	631.0	1603.0	1660.0	4082.0	1481.0	5526.0	4040.0	1009.0	6129.0	8428.0	6191.0	4741.0	5556.0	251.0	515.0	552.0	3111.0	100473.0	1258630.0	1814170.330641
sub-3572	892.0	791.0	1949.0	1363.0	348.0	3021.0	3799.0	2731.0	986.0	4609.0	2602.0	2774.0	1922.0	2896.0	651.0	1273.0	1571.0	688.0	1577.0	1258.0	3831.0	1183.0	4836.0	3641.0	1037.0	4551.0	7313.0	4909.0	4220.0	3718.0	268.0	344.0	504.0	2840.0	80895.6	992492.0	1307872.862664
sub-3600	907.0	609.0	2517.0	1643.0	405.0	2863.0	5137.0	3687.0	997.0	5357.0	2233.0	3009.0	1801.0	3026.0	589.0	1249.0	1469.0	646.0	1219.0	1434.0	3702.0	1267.0	5012.0	3446.0	623.0	5863.0	7844.0	4747.0	4035.0	3878.0	264.0	438.0	467.0	2472.0	84854.6	1146450.0	1472714.691638
sub-3610	1296.0	671.0	2287.0	1433.0	601.0	3400.0	4484.0	3437.0	980.0	4364.0	2763.0	2663.0	2103.0	3631.0	792.0	1213.0	1517.0	774.0	1376.0	1369.0	3845.0	1163.0	4775.0	3633.0	980.0	5699.0	7162.0	4590.0	4440.0	3802.0	248.0	446.0	400.0	2477.0	84813.3	1165035.0	1578057.312215
sub-3611	1008.0	495.0	2574.0	1807.0	366.0	2994.0	4814.0	3482.0	911.0	5241.0	2975.0	3601.0	2010.0	3215.0	721.0	1425.0	1729.0	624.0	1389.0	1833.0	4034.0	985.0	4852.0	4493.0	800.0	5632.0	7032.0	6043.0	3535.0	4389.0	260.0	477.0	425.0	2446.0	88599.9	1189372.0	1582941.090089
sub-3613	951.0	519.0	2286.0	1471.0	351.0	2708.0	4434.0	3028.0	972.0	4794.0	2632.0	3014.0	1543.0	3256.0	647.0	1308.0	1697.0	650.0	1261.0	1392.0	4121.0	1042.0	5178.0	3192.0	614.0	5138.0	6865.0	4738.0	3825.0	4074.0	262.0	423.0	438.0	2503.0	81324.6	1138758.0	1507659.161024
sub-3614	846.0	517.0	1766.0	1491.0	653.0	2796.0	3694.0	3540.0	1032.0	4786.0	2427.0	3683.0	1613.0	2898.0	729.0	1268.0	1505.0	667.0	1252.0	1843.0	3596.0	941.0	4556.0	3431.0	825.0	4640.0	6319.0	4536.0	3377.0	3496.0	221.0	544.0	404.0	2475.0	78353.6	1066798.0	1466464.757419
sub-3615	1013.0	589.0	2916.0	1654.0	690.0	3795.0	4344.0	3459.0	1242.0	5555.0	2804.0	3595.0	2256.0	3450.0	799.0	1729.0	1967.0	792.0	2085.0	1493.0	4333.0	1304.0	5904.0	5353.0	1350.0	7084.0	8895.0	7334.0	4653.0	4570.0	344.0	628.0	513.0	2917.0	101395.0	1320493.0	1809552.194087
sub-3620	990.0	784.0	1876.0	1472.0	408.0	3231.0	4343.0	3168.0	847.0	4221.0	2441.0	2683.0	1966.0	2627.0	604.0	1168.0	1432.0	601.0	1282.0	1365.0	3631.0	1015.0	4326.0	3610.0	917.0	5310.0	6576.0	5498.0	3592.0	3823.0	260.0	415.0	364.0	2183.0	79017.4	1115627.0	1567630.667703
sub-3624	804.0	676.0	2183.0	1578.0	651.0	3052.0	6508.0	3809.0	989.0	5108.0	2548.0	3009.0	2050.0	3311.0	605.0	1437.0	1451.0	638.0	1279.0	1413.0	4757.0	1212.0	5218.0	3501.0	859.0	5647.0	7555.0	5411.0	3710.0	4235.0	329.0	427.0	459.0	2382.0	88787.9	1242054.0	1711917.308748
sub-3627	1385.0	626.0	2089.0	1703.0	437.0	3341.0	4617.0	3695.0	1218.0	5109.0	3377.0	3528.0	2202.0	3225.0	606.0	1066.0	1450.0	920.0	1354.0	1576.0	4068.0	1172.0	4894.0	4371.0	813.0	6327.0	7721.0	5016.0	4275.0	4801.0	281.0	488.0	379.0	2821.0	90949.4	1271922.0	1720225.095575
sub-3635	1209.0	581.0	2217.0	1371.0	614.0	3772.0	6470.0	4462.0	1305.0	5933.0	2992.0	3413.0	2300.0	3804.0	724.0	1363.0	1846.0	842.0	1400.0	1247.0	4687.0	1406.0	5189.0	4056.0	1007.0	5583.0	7456.0	6258.0	4410.0	4483.0	283.0	520.0	517.0	2626.0	96328.7	1374248.0	1806403.207425
sub-3636	1333.0	569.0	1510.0	1486.0	482.0	2874.0	4569.0	3429.0	1034.0	4843.0	2879.0	3726.0	2091.0	3318.0	714.0	1315.0	1524.0	878.0	1473.0	1718.0	3975.0	1186.0	4794.0	3289.0	511.0	5221.0	6468.0	5138.0	4007.0	5160.0	260.0	407.0	450.0	2346.0	84972.9	1178026.0	1608406.835235
sub-3637	939.0	567.0	1854.0	1365.0	408.0	2558.0	3895.0	2781.0	1159.0	4564.0	2382.0	2702.0	1798.0	3203.0	599.0	1313.0	1286.0	603.0	1251.0	1239.0	3950.0	1196.0	4515.0	3017.0	724.0	5278.0	7299.0	4261.0	3453.0	3600.0	249.0	474.0	347.0	2218.0	77034.4	1043490.0	1385031.814016
sub-3750	1075.0	571.0	2231.0	1648.0	657.0	3908.0	4848.0	3396.0	1223.0	5800.0	3217.0	3161.0	2230.0	3264.0	693.0	1329.0	1811.0	822.0	1509.0	1662.0	4622.0	1081.0	5826.0	4798.0	1069.0	6018.0	8829.0	6452.0	4797.0	4910.0	299.0	503.0	599.0	3235.0	98077.2	1242495.0	1829108.11521
sub-3756	1234.0	717.0	2431.0	1630.0	587.0	3007.0	4783.0	4349.0	1100.0	5507.0	3289.0	2945.0	2248.0	3981.0	636.0	1488.0	1698.0	802.0	1315.0	1743.0	4631.0	1341.0	5109.0	4325.0	1164.0	7180.0	8093.0	5645.0	5101.0	4205.0	259.0	544.0	624.0	2754.0	96450.0	1166395.0	1697443.460501
sub-3759	652.0	491.0	1891.0	1270.0	372.0	2292.0	3104.0	2803.0	929.0	4014.0	2432.0	2735.0	1473.0	2562.0	605.0	1351.0	1467.0	594.0	1334.0	1205.0	3421.0	1032.0	4608.0	3410.0	803.0	4655.0	7553.0	5262.0	3686.0	4017.0	240.0	452.0	472.0	2153.0	75333.1	980833.0	1324377.2585
sub-3765	925.0	568.0	1813.0	1253.0	328.0	2382.0	3704.0	2983.0	772.0	3846.0	2269.0	2603.0	1652.0	2739.0	591.0	1143.0	1146.0	605.0	1054.0	1253.0	3728.0	1011.0	4052.0	2705.0	737.0	4987.0	5699.0	4487.0	3514.0	3858.0	251.0	402.0	368.0	2076.0	71499.0	956163.0	1331668.716072
sub-3767	804.0	718.0	2029.0	1698.0	588.0	2962.0	4532.0	3656.0	1230.0	5821.0	2771.0	3286.0	1864.0	2840.0	586.0	1047.0	2076.0	759.0	1735.0	1782.0	3923.0	1022.0	4323.0	3432.0	976.0	6290.0	6724.0	5133.0	3477.0	3496.0	229.0	473.0	534.0	2325.0	85142.4	1111458.0	1482417.752735
sub-3768	789.0	745.0	2025.0	1465.0	440.0	3411.0	4242.0	3423.0	1220.0	5351.0	3029.0	3579.0	2010.0	3277.0	653.0	1407.0	2058.0	947.0	1513.0	1647.0	4627.0	1231.0	5198.0	3510.0	971.0	5531.0	7339.0	5065.0	4340.0	3838.0	255.0	592.0	454.0	2903.0	89078.6	1189090.0	1711851.854273
sub-3769	895.0	714.0	1998.0	1522.0	393.0	2932.0	3561.0	3483.0	1159.0	4974.0	2377.0	2932.0	1920.0	3053.0	548.0	1208.0	1330.0	761.0	1122.0	1287.0	4255.0	1186.0	4898.0	3725.0	1000.0	5333.0	6560.0	5579.0	3950.0	4756.0	231.0	455.0	417.0	2392.0	82869.8	1023165.0	1459153.628129
sub-3779	1250.0	627.0	2284.0	1768.0	589.0	4238.0	5220.0	3496.0	1013.0	5656.0	2442.0	2470.0	1924.0	4081.0	1043.0	1891.0	1924.0	756.0	1675.0	1308.0	4834.0	1227.0	5656.0	4483.0	1166.0	6366.0	8292.0	6047.0	4878.0	4160.0	217.0	575.0	604.0	2770.0	96925.6	1258053.0	1843564.689981
sub-3803	922.0	600.0	2019.0	1367.0	549.0	2933.0	4280.0	3310.0	1014.0	4295.0	2675.0	2687.0	1664.0	2887.0	670.0	1258.0	1886.0	733.0	1686.0	1216.0	3774.0	1051.0	5053.0	3215.0	968.0	5457.0	6694.0	4610.0	3385.0	3923.0	263.0	461.0	390.0	2725.0	80617.7	1034002.0	1477757.991102
sub-3804	1199.0	872.0	2243.0	1709.0	601.0	3421.0	4329.0	3870.0	1104.0	5100.0	2814.0	3561.0	1872.0	3423.0	655.0	1236.0	1265.0	690.0	1083.0	1743.0	3955.0	1107.0	4845.0	4080.0	1069.0	6030.0	7051.0	5244.0	4021.0	4036.0	254.0	442.0	387.0	2501.0	87808.0	1079216.0	1446506.161759
sub-3805	865.0	372.0	1622.0	1520.0	404.0	2934.0	4070.0	3299.0	834.0	4104.0	2404.0	2814.0	1803.0	2944.0	728.0	1085.0	1192.0	593.0	1130.0	1389.0	3399.0	868.0	4038.0	3462.0	697.0	4529.0	5556.0	4753.0	3493.0	3401.0	225.0	398.0	419.0	2021.0	73354.3	1008751.0	1325217.218464
sub-3806	950.0	546.0	2105.0	1396.0	496.0	2894.0	4013.0	3497.0	821.0	4790.0	2120.0	3117.0	1486.0	2871.0	527.0	1376.0	1163.0	529.0	894.0	1473.0	3914.0	1210.0	4441.0	3047.0	995.0	4952.0	6608.0	4575.0	3696.0	3554.0	237.0	445.0	415.0	2008.0	77140.9	1001668.0	1378852.94245
sub-3807	870.0	586.0	1956.0	1449.0	406.0	2575.0	4196.0	3320.0	756.0	5054.0	2604.0	2620.0	2044.0	3183.0	502.0	1298.0	1225.0	697.0	1288.0	1270.0	3596.0	1206.0	4128.0	3872.0	795.0	4894.0	6937.0	6125.0	3857.0	3447.0	200.0	520.0	411.0	2340.0	80103.9	1131902.0	1534058.391503
sub-3809	802.0	460.0	2175.0	1437.0	403.0	3243.0	4926.0	3411.0	1096.0	5065.0	2498.0	3904.0	1644.0	3222.0	672.0	1087.0	1538.0	610.0	1167.0	1771.0	3550.0	946.0	4763.0	4061.0	815.0	4362.0	6334.0	5259.0	3503.0	3894.0	246.0	402.0	353.0	2382.0	81996.0	1100745.0	1513447.66005
sub-3811	799.0	920.0	2080.0	1640.0	588.0	3168.0	3595.0	3331.0	1270.0	5362.0	2632.0	2911.0	2305.0	3185.0	791.0	1462.0	1357.0	735.0	1122.0	1319.0	4958.0	1454.0	5070.0	3603.0	953.0	5896.0	7423.0	4813.0	4243.0	4298.0	255.0	516.0	445.0	2512.0	87008.4	1159948.0	1743581.168357
sub-3812	843.0	346.0	1613.0	1355.0	443.0	2848.0	3461.0	2963.0	819.0	4288.0	2206.0	2903.0	1473.0	2800.0	633.0	1227.0	1229.0	512.0	886.0	1521.0	3704.0	961.0	4734.0	3634.0	424.0	4026.0	5722.0	4931.0	2882.0	3627.0	245.0	362.0	341.0	1987.0	71935.9	966198.0	1332014.751895
sub-3813	963.0	683.0	2398.0	1339.0	389.0	2857.0	4981.0	3317.0	922.0	5030.0	2808.0	3167.0	2053.0	3640.0	627.0	1527.0	1346.0	651.0	1075.0	1397.0	4337.0	1246.0	5437.0	3726.0	1099.0	5628.0	7337.0	5265.0	3978.0	3614.0	260.0	474.0	374.0	2405.0	86342.5	1069694.0	1533309.06124
sub-3816	975.0	598.0	2229.0	1468.0	432.0	2868.0	4711.0	3533.0	1177.0	5030.0	2970.0	2958.0	1797.0	3111.0	570.0	1405.0	1505.0	682.0	1357.0	1592.0	3928.0	1254.0	4721.0	4168.0	748.0	5743.0	6640.0	5560.0	3676.0	3217.0	242.0	492.0	361.0	2312.0	84024.4	1120506.0	1594274.388073
sub-3817	820.0	607.0	1945.0	1555.0	447.0	3099.0	4054.0	3840.0	1111.0	4833.0	2768.0	3308.0	2158.0	3155.0	675.0	1412.0	1713.0	700.0	1611.0	1542.0	3722.0	1060.0	4710.0	3704.0	656.0	5187.0	7116.0	4320.0	3450.0	3795.0	243.0	552.0	399.0	2235.0	82500.8	1069093.0	1531423.721927
sub-3850	824.0	448.0	1880.0	1522.0	501.0	2681.0	3507.0	2934.0	891.0	4610.0	2501.0	3043.0	1430.0	2622.0	670.0	1187.0	1409.0	647.0	1103.0	1294.0	4131.0	894.0	5033.0	3168.0	597.0	5143.0	6331.0	4759.0	2985.0	3074.0	217.0	453.0	292.0	2092.0	74866.2	1005951.0	1397323.809416
sub-3851	803.0	590.0	2280.0	1157.0	324.0	2839.0	3169.0	2920.0	834.0	3883.0	2386.0	2612.0	1513.0	2769.0	706.0	1307.0	1601.0	648.0	1175.0	1097.0	3711.0	1206.0	4989.0	2997.0	754.0	4889.0	6510.0	4544.0	3624.0	4157.0	249.0	470.0	438.0	2438.0	75587.8	993699.0	1373455.793974
sub-3852	917.0	639.0	2285.0	1153.0	448.0	2968.0	4273.0	3439.0	954.0	4160.0	3072.0	1968.0	2243.0	3265.0	590.0	1494.0	1611.0	700.0	1303.0	629.0	4251.0	1253.0	5941.0	3876.0	1107.0	5472.0	7562.0	4905.0	3884.0	3817.0	279.0	440.0	471.0	3095.0	84426.0	1066095.0	1627827.556423
sub-3853	894.0	549.0	2743.0	1535.0	414.0	2892.0	4190.0	3477.0	967.0	4858.0	2766.0	2968.0	1861.0	3258.0	606.0	1410.0	1092.0	737.0	1203.0	1374.0	4016.0	1288.0	4532.0	3819.0	982.0	6228.0	7241.0	6075.0	3783.0	4110.0	281.0	436.0	362.0	2526.0	85472.2	1105642.0	1484430.061982
sub-3854	854.0	903.0	1966.0	1717.0	485.0	3233.0	3532.0	3412.0	998.0	5184.0	2929.0	3312.0	1901.0	2929.0	597.0	1284.0	1431.0	772.0	1459.0	1964.0	4181.0	1269.0	4843.0	3984.0	870.0	6496.0	7901.0	6299.0	4196.0	5850.0	248.0	597.0	569.0	2694.0	90751.5	1246268.0	1639679.40429
sub-3855	949.0	512.0	1662.0	1606.0	507.0	2750.0	4284.0	3251.0	977.0	4716.0	2651.0	2826.0	1930.0	3079.0	670.0	1368.0	1457.0	820.0	1477.0	1499.0	3566.0	1169.0	4212.0	3703.0	815.0	5407.0	6978.0	5331.0	3935.0	3712.0	209.0	397.0	454.0	2393.0	81273.0	1070266.0	1490168.9519
sub-3857	886.0	400.0	1648.0	1359.0	347.0	2632.0	3843.0	2773.0	779.0	4087.0	2474.0	2825.0	1548.0	2816.0	628.0	1136.0	1070.0	613.0	1082.0	1180.0	3182.0	1038.0	4011.0	3025.0	565.0	4400.0	6131.0	4480.0	3816.0	3538.0	220.0	385.0	371.0	2175.0	71444.5	923704.0	1224845.801009
sub-3859	1137.0	808.0	2282.0	1451.0	255.0	2953.0	5118.0	3516.0	996.0	4524.0	2704.0	3080.0	1700.0	3205.0	625.0	1048.0	1406.0	694.0	1257.0	1180.0	4202.0	1291.0	4721.0	4299.0	1037.0	5496.0	5663.0	4791.0	3722.0	3663.0	225.0	410.0	397.0	2555.0	82404.2	1093625.0	1496401.414663
sub-4004	853.0	668.0	1977.0	1640.0	343.0	3271.0	4104.0	2973.0	923.0	4877.0	2449.0	2721.0	1691.0	2674.0	662.0	1427.0	1435.0	596.0	1101.0	1507.0	3586.0	1176.0	4497.0	3562.0	916.0	4688.0	6850.0	5229.0	3390.0	3095.0	205.0	464.0	381.0	2733.0	78656.9	986114.0	1402578.950185
sub-4010	743.0	676.0	2247.0	1148.0	392.0	3020.0	3193.0	3115.0	914.0	4035.0	2460.0	2722.0	1989.0	2614.0	615.0	1349.0	1218.0	646.0	973.0	1448.0	3242.0	940.0	4963.0	3159.0	719.0	5055.0	7256.0	4100.0	3533.0	3887.0	234.0	498.0	288.0	2231.0	75607.5	1070106.0	1453692.080473
sub-4018	1338.0	736.0	1865.0	1495.0	453.0	3190.0	3949.0	2905.0	1075.0	4950.0	2755.0	2928.0	1907.0	2972.0	639.0	1244.0	1683.0	768.0	1576.0	1228.0	4024.0	1202.0	4969.0	3930.0	754.0	5555.0	7480.0	5238.0	4843.0	4443.0	251.0	492.0	508.0	2894.0	86146.8	1050746.0	1469438.251191
sub-4032	1025.0	589.0	1919.0	1244.0	534.0	3288.0	3881.0	2575.0	1055.0	5015.0	2502.0	3097.0	1661.0	2972.0	628.0	1358.0	1461.0	698.0	1143.0	1577.0	4170.0	1113.0	4917.0	3812.0	867.0	5293.0	6596.0	4837.0	4054.0	3889.0	216.0	508.0	487.0	2648.0	81622.2	991489.0	1345939.570579
sub-4067	1134.0	784.0	2333.0	1371.0	503.0	3067.0	4969.0	3579.0	1064.0	4900.0	2998.0	2829.0	2208.0	3585.0	668.0	1584.0	1675.0	690.0	1560.0	1330.0	4511.0	1147.0	5153.0	3670.0	1225.0	5677.0	8293.0	4773.0	4156.0	4088.0	249.0	429.0	443.0	2565.0	89183.6	1123070.0	1598247.41092
sub-4085	847.0	712.0	1929.0	1898.0	660.0	2652.0	4027.0	3001.0	924.0	5299.0	2209.0	3078.0	1743.0	2884.0	677.0	1332.0	1533.0	560.0	1286.0	1311.0	3522.0	1081.0	5048.0	3343.0	791.0	4667.0	6540.0	4203.0	3642.0	3057.0	205.0	510.0	451.0	2682.0	78301.3	985185.0	1449533.278444
sub-4139	901.0	724.0	2419.0	1258.0	530.0	2924.0	4636.0	3544.0	1118.0	4405.0	2437.0	3272.0	1976.0	3087.0	623.0	1169.0	1292.0	728.0	1084.0	1430.0	5313.0	1378.0	5364.0	4293.0	1107.0	6196.0	6454.0	6065.0	3561.0	3718.0	259.0	471.0	379.0	2518.0	86626.8	1004334.0	1543326.123461
