lh.aparc.volume	lh_bankssts_volume	lh_caudalanteriorcingulate_volume	lh_caudalmiddlefrontal_volume	lh_cuneus_volume	lh_entorhinal_volume	lh_fusiform_volume	lh_inferiorparietal_volume	lh_inferiortemporal_volume	lh_isthmuscingulate_volume	lh_lateraloccipital_volume	lh_lateralorbitofrontal_volume	lh_lingual_volume	lh_medialorbitofrontal_volume	lh_middletemporal_volume	lh_parahippocampal_volume	lh_paracentral_volume	lh_parsopercularis_volume	lh_parsorbitalis_volume	lh_parstriangularis_volume	lh_pericalcarine_volume	lh_postcentral_volume	lh_posteriorcingulate_volume	lh_precentral_volume	lh_precuneus_volume	lh_rostralanteriorcingulate_volume	lh_rostralmiddlefrontal_volume	lh_superiorfrontal_volume	lh_superiorparietal_volume	lh_superiortemporal_volume	lh_supramarginal_volume	lh_frontalpole_volume	lh_temporalpole_volume	lh_transversetemporal_volume	lh_insula_volume	BrainSegVolNotVent	eTIV
sub-0039	1988.0	1877.0	5801.0	3194.0	1734.0	10536.0	10814.0	10971.0	2090.0	12151.0	7995.0	7775.0	5813.0	10549.0	2142.0	2907.0	4651.0	2198.0	3061.0	2282.0	10416.0	2781.0	13699.0	9097.0	2433.0	12535.0	16794.0	11267.0	12061.0	9083.0	707.0	2490.0	1313.0	7050.0	1067973.0	1442462.66838
sub-0041	2494.0	1666.0	6896.0	4178.0	2010.0	11990.0	13788.0	12709.0	2556.0	13873.0	7515.0	6596.0	4000.0	11046.0	2091.0	3638.0	4759.0	1940.0	3274.0	2921.0	9599.0	2872.0	13409.0	10457.0	2914.0	13706.0	20792.0	15520.0	10551.0	10730.0	929.0	2305.0	1062.0	6952.0	1117012.0	1513870.08802
sub-0042	2662.0	2479.0	5546.0	4131.0	1882.0	10906.0	12066.0	11793.0	3376.0	13209.0	7128.0	7238.0	3714.0	11886.0	2179.0	4055.0	4341.0	2225.0	3652.0	3106.0	10649.0	4076.0	13914.0	10664.0	2901.0	13518.0	22224.0	13963.0	12116.0	12002.0	742.0	2106.0	1371.0	7627.0	1139605.0	1546304.60749
sub-0043	1347.0	1256.0	5381.0	3658.0	2159.0	10017.0	12231.0	13163.0	2438.0	14025.0	8688.0	7681.0	4858.0	10554.0	2143.0	4163.0	4190.0	2656.0	2905.0	2743.0	8478.0	3301.0	13961.0	10531.0	1800.0	15794.0	26943.0	15550.0	8016.0	10190.0	1000.0	2365.0	803.0	6840.0	1093126.0	1488425.96978
sub-0044	2686.0	2302.0	6334.0	2161.0	1473.0	10827.0	12035.0	12178.0	3003.0	9358.0	7721.0	6861.0	5348.0	13754.0	2922.0	3543.0	5028.0	2816.0	4937.0	1839.0	9049.0	4078.0	14532.0	9094.0	2727.0	14819.0	23912.0	11701.0	14748.0	14043.0	953.0	2076.0	1168.0	8785.0	1141797.0	1570025.48511
sub-0053	2150.0	1858.0	5701.0	2221.0	2629.0	8193.0	11081.0	9848.0	2638.0	11093.0	6693.0	4366.0	4469.0	10818.0	1867.0	3482.0	4588.0	2056.0	2977.0	1345.0	9418.0	3508.0	13905.0	9970.0	2659.0	13749.0	20615.0	13005.0	12255.0	9280.0	793.0	2584.0	1177.0	7355.0	1047785.0	1563927.20032
sub-0057	1464.0	1353.0	5032.0	2338.0	2360.0	8925.0	10954.0	9504.0	2771.0	11893.0	7460.0	6242.0	5261.0	7998.0	2216.0	3218.0	3520.0	2105.0	2839.0	2034.0	7903.0	2663.0	12747.0	8924.0	2446.0	12213.0	18518.0	12477.0	7923.0	7916.0	1061.0	2446.0	1168.0	7752.0	916095.0	1545364.52291
sub-0058	2347.0	1122.0	6387.0	2686.0	2345.0	10932.0	12337.0	11839.0	2736.0	12785.0	7227.0	7107.0	4291.0	11558.0	2669.0	3251.0	4173.0	2154.0	3186.0	2389.0	8473.0	2156.0	12284.0	7953.0	2913.0	11840.0	21310.0	11397.0	11757.0	10010.0	779.0	1981.0	998.0	7667.0	1030574.0	1393762.8743
sub-0060	2236.0	1767.0	3384.0	3100.0	2596.0	10386.0	11077.0	11546.0	2254.0	13305.0	7603.0	7020.0	5204.0	10257.0	2076.0	3404.0	3545.0	2187.0	3273.0	1714.0	8635.0	3186.0	12376.0	8055.0	2057.0	12832.0	18316.0	11772.0	11624.0	12123.0	854.0	2262.0	1051.0	7355.0	977133.0	1205966.67051
sub-0062	2592.0	1845.0	6943.0	3987.0	2595.0	10772.0	12890.0	16111.0	3299.0	17682.0	9898.0	9414.0	5963.0	13068.0	1929.0	3674.0	5251.0	3152.0	3856.0	3294.0	10461.0	4361.0	15866.0	10840.0	3349.0	18194.0	22343.0	11984.0	15916.0	11230.0	953.0	2932.0	1433.0	9993.0	1289435.0	1776265.02628
sub-0064	3079.0	1568.0	4897.0	2974.0	1852.0	9260.0	10663.0	8674.0	2549.0	8921.0	8763.0	6033.0	6846.0	9389.0	2056.0	3204.0	4847.0	2361.0	4930.0	2078.0	11046.0	3628.0	12933.0	8818.0	2505.0	19916.0	30683.0	10761.0	13300.0	15214.0	788.0	2806.0	1236.0	6525.0	1198044.0	3132919.29087
sub-0066	2070.0	1621.0	6532.0	3267.0	2831.0	9738.0	13433.0	13216.0	2845.0	12560.0	8889.0	6216.0	5481.0	12123.0	2618.0	3742.0	4752.0	2462.0	4001.0	1943.0	9511.0	3379.0	14205.0	11346.0	3191.0	14709.0	23028.0	14357.0	10069.0	12093.0	724.0	2584.0	1179.0	7104.0	1084847.0	1462947.37819
sub-0067	1961.0	1984.0	5447.0	2932.0	2255.0	9591.0	12532.0	11596.0	2591.0	12437.0	7702.0	6415.0	4593.0	10722.0	2121.0	3498.0	3757.0	2702.0	3639.0	2278.0	9339.0	3173.0	13494.0	10126.0	2262.0	14068.0	20530.0	14586.0	12621.0	10045.0	836.0	2668.0	1394.0	6593.0	1040745.0	1385606.54043
sub-0071	2701.0	1508.0	5234.0	2660.0	2011.0	9489.0	11812.0	12365.0	2262.0	11929.0	6612.0	6059.0	4190.0	10491.0	1605.0	3647.0	3273.0	2082.0	2811.0	1650.0	8009.0	3123.0	12148.0	10692.0	3071.0	12487.0	20889.0	13022.0	12373.0	9513.0	975.0	2324.0	842.0	6429.0	1009957.0	1378600.06314
sub-0072	2321.0	946.0	6513.0	3596.0	2147.0	11123.0	12856.0	11126.0	3211.0	14487.0	8718.0	8015.0	7133.0	11689.0	1946.0	4036.0	4263.0	2720.0	3502.0	2701.0	12070.0	2786.0	14767.0	10017.0	2199.0	16423.0	23467.0	10854.0	11636.0	12818.0	872.0	2691.0	1448.0	7271.0	1131610.0	1525486.91608
sub-0073	580.0	255.0	1150.0	1193.0	55.0	1075.0	4242.0	1612.0	310.0	11774.0	1326.0	624.0	0.0	1325.0	0.0	2082.0	940.0	501.0	1258.0	894.0	2949.0	659.0	2722.0	2965.0	0.0	3592.0	3167.0	3129.0	3491.0	2745.0	15.0	530.0	1240.0	5087.0	428721.0	104144.590512
sub-0077	2260.0	2418.0	6427.0	4225.0	2068.0	12627.0	15043.0	14080.0	3340.0	15737.0	8666.0	7873.0	6546.0	10854.0	1975.0	3532.0	4413.0	2712.0	2892.0	2839.0	10180.0	3216.0	14096.0	12124.0	3191.0	14793.0	22294.0	16000.0	13570.0	12455.0	920.0	2409.0	977.0	8015.0	1243118.0	1638396.83303
sub-0078	2254.0	1788.0	4255.0	3819.0	2490.0	10417.0	13996.0	13779.0	2514.0	14717.0	9166.0	7347.0	5435.0	11540.0	2369.0	4460.0	5026.0	3072.0	4317.0	2004.0	11191.0	3434.0	14540.0	11946.0	3343.0	16257.0	22503.0	16025.0	12344.0	13501.0	924.0	3106.0	1392.0	8363.0	1164610.0	1591966.66264
sub-0079	1316.0	1268.0	5418.0	3683.0	2232.0	9974.0	12351.0	13229.0	2429.0	13779.0	8327.0	7822.0	4862.0	10517.0	2107.0	4182.0	4122.0	2971.0	2915.0	2597.0	8532.0	3249.0	14137.0	10391.0	1813.0	15498.0	26666.0	15721.0	7784.0	10033.0	937.0	2492.0	794.0	7286.0	1096560.0	1488425.96978
sub-0080	1766.0	2279.0	5944.0	3762.0	1875.0	9487.0	12390.0	13421.0	2415.0	13354.0	7597.0	7418.0	5469.0	11100.0	2088.0	3601.0	3794.0	2190.0	3363.0	2300.0	10343.0	3635.0	14986.0	10160.0	3033.0	18170.0	25970.0	14342.0	10271.0	10195.0	796.0	2141.0	1000.0	7495.0	1191370.0	1613504.469
sub-0082	2194.0	1584.0	7370.0	2921.0	2921.0	10827.0	12553.0	12336.0	3167.0	11922.0	8778.0	7559.0	5107.0	11240.0	2207.0	4039.0	5281.0	2720.0	4029.0	1965.0	9715.0	3412.0	15986.0	10277.0	3435.0	16969.0	26584.0	13995.0	12955.0	12515.0	1078.0	2500.0	1143.0	7643.0	1193592.0	1649751.03428
sub-0085	1943.0	1959.0	3911.0	2297.0	2876.0	9904.0	9558.0	10602.0	2301.0	10241.0	6830.0	5123.0	5412.0	8736.0	2372.0	2991.0	3721.0	2685.0	2932.0	2043.0	9338.0	3473.0	11764.0	8716.0	2451.0	13572.0	18199.0	10561.0	11071.0	10440.0	774.0	2263.0	1235.0	7091.0	1054724.0	1480778.17696
sub-0100	2326.0	1990.0	6105.0	2848.0	1997.0	10877.0	15403.0	13431.0	2673.0	15085.0	8664.0	6799.0	6072.0	12517.0	2280.0	3802.0	4077.0	2983.0	2965.0	2383.0	10248.0	2363.0	13825.0	10934.0	3656.0	18389.0	24836.0	15244.0	13157.0	11228.0	1134.0	3312.0	1040.0	7644.0	1148366.0	1570498.95767
sub-0102	2816.0	1237.0	6073.0	4238.0	2815.0	13908.0	14703.0	10713.0	3055.0	14513.0	9029.0	9141.0	6323.0	11764.0	2198.0	5081.0	4430.0	2558.0	3619.0	3328.0	10943.0	2964.0	16255.0	13376.0	2410.0	17971.0	26407.0	15032.0	14323.0	9655.0	1070.0	3425.0	1436.0	8591.0	1256669.0	1734647.16464
sub-0104	2708.0	1849.0	6007.0	3356.0	2434.0	10243.0	12133.0	15270.0	2647.0	11107.0	8601.0	6047.0	5518.0	12882.0	2338.0	3580.0	4235.0	1975.0	3434.0	2138.0	8907.0	3430.0	12753.0	11557.0	3372.0	14908.0	23466.0	14747.0	12708.0	12676.0	1062.0	2993.0	1289.0	8899.0	1202410.0	1588832.71461
sub-0107	1993.0	1927.0	6204.0	2849.0	2296.0	9896.0	11615.0	10099.0	3572.0	10844.0	7102.0	6924.0	4577.0	9224.0	2275.0	3229.0	4020.0	2108.0	3908.0	2322.0	9320.0	3425.0	12844.0	11651.0	2837.0	14961.0	20196.0	15175.0	10026.0	10946.0	806.0	1938.0	1148.0	6541.0	1154737.0	1547836.86751
sub-0108	2658.0	1781.0	5217.0	3346.0	2108.0	10530.0	12580.0	11258.0	2633.0	13425.0	8676.0	7329.0	5737.0	11962.0	1859.0	3528.0	4566.0	2264.0	3812.0	2248.0	8626.0	3320.0	13672.0	9578.0	3342.0	15443.0	22949.0	12383.0	11472.0	11409.0	874.0	2442.0	1133.0	6853.0	1129989.0	1601099.67064
sub-0110	2346.0	1668.0	7511.0	4096.0	3223.0	9209.0	13749.0	13262.0	3619.0	15304.0	8750.0	8137.0	6561.0	12014.0	2703.0	4407.0	4331.0	2771.0	3776.0	3009.0	11726.0	3047.0	13412.0	11972.0	3307.0	17231.0	27084.0	15472.0	12724.0	14585.0	1120.0	2304.0	1099.0	8961.0	1299190.0	1848937.15163
sub-0113	1630.0	1489.0	4896.0	4107.0	1662.0	7505.0	10905.0	11149.0	2309.0	12572.0	6515.0	5698.0	4102.0	9299.0	2273.0	3277.0	3654.0	1966.0	3503.0	2184.0	7873.0	2573.0	12516.0	8661.0	2689.0	12331.0	18908.0	12920.0	10805.0	7492.0	924.0	2625.0	1097.0	6408.0	917912.0	1401103.92939
sub-0117	1767.0	1771.0	5588.0	3759.0	1538.0	9709.0	12786.0	9041.0	2790.0	13209.0	7266.0	6579.0	4174.0	9359.0	2020.0	4025.0	3597.0	2256.0	3303.0	2528.0	9156.0	2624.0	12713.0	9456.0	2883.0	12489.0	18810.0	14793.0	8564.0	9684.0	944.0	2572.0	878.0	6628.0	1046908.0	1439661.79245
sub-0121	1880.0	2270.0	6470.0	3518.0	2466.0	8450.0	11203.0	9177.0	2623.0	12089.0	6765.0	6572.0	4334.0	9270.0	2203.0	3407.0	3641.0	2099.0	3178.0	2719.0	10459.0	2899.0	13286.0	11303.0	2819.0	12742.0	18869.0	14564.0	9690.0	9286.0	688.0	2061.0	1236.0	5903.0	1045027.0	1405787.88543
sub-0124	2353.0	1950.0	4776.0	2596.0	1761.0	8945.0	9318.0	9710.0	2310.0	10361.0	7200.0	6393.0	4973.0	9823.0	1943.0	2690.0	3781.0	2045.0	3156.0	1985.0	9076.0	2600.0	12398.0	7234.0	2436.0	12772.0	19347.0	9286.0	10557.0	9639.0	705.0	2786.0	804.0	5952.0	997073.0	1367328.18002
sub-0128	1788.0	1803.0	5785.0	3119.0	2172.0	9564.0	10433.0	10041.0	2627.0	11645.0	7460.0	7052.0	5352.0	12619.0	2246.0	3792.0	4540.0	2138.0	3660.0	2818.0	10010.0	3108.0	14257.0	9070.0	2608.0	14828.0	22979.0	13630.0	12056.0	11553.0	926.0	2580.0	1223.0	7621.0	1142571.0	1649933.42236
sub-0130	2266.0	2588.0	6640.0	3470.0	1804.0	10043.0	10989.0	10860.0	2499.0	11459.0	7762.0	7299.0	5435.0	11064.0	2333.0	3514.0	4088.0	2425.0	3012.0	2955.0	10106.0	3983.0	14215.0	9725.0	2846.0	13858.0	20345.0	12404.0	10347.0	11902.0	883.0	2217.0	1114.0	7141.0	1109147.0	1577833.33762
