lh.aparc.area	lh_bankssts_area	lh_caudalanteriorcingulate_area	lh_caudalmiddlefrontal_area	lh_cuneus_area	lh_entorhinal_area	lh_fusiform_area	lh_inferiorparietal_area	lh_inferiortemporal_area	lh_isthmuscingulate_area	lh_lateraloccipital_area	lh_lateralorbitofrontal_area	lh_lingual_area	lh_medialorbitofrontal_area	lh_middletemporal_area	lh_parahippocampal_area	lh_paracentral_area	lh_parsopercularis_area	lh_parsorbitalis_area	lh_parstriangularis_area	lh_pericalcarine_area	lh_postcentral_area	lh_posteriorcingulate_area	lh_precentral_area	lh_precuneus_area	lh_rostralanteriorcingulate_area	lh_rostralmiddlefrontal_area	lh_superiorfrontal_area	lh_superiorparietal_area	lh_superiortemporal_area	lh_supramarginal_area	lh_frontalpole_area	lh_temporalpole_area	lh_transversetemporal_area	lh_insula_area	lh_WhiteSurfArea_area	BrainSegVolNotVent	eTIV
sub-0039	887.0	651.0	2268.0	1418.0	353.0	3060.0	4210.0	3299.0	862.0	4665.0	2607.0	3271.0	2000.0	3132.0	688.0	1288.0	1853.0	633.0	1139.0	1270.0	4319.0	1141.0	4860.0	3757.0	813.0	5044.0	6359.0	5144.0	3738.0	3392.0	208.0	481.0	433.0	2289.0	81522.2	1067973.0	1442462.66838
sub-0041	991.0	645.0	2654.0	2082.0	468.0	3764.0	5120.0	3855.0	999.0	5560.0	2578.0	3394.0	1542.0	3474.0	646.0	1461.0	1692.0	611.0	1328.0	1818.0	4290.0	1116.0	4660.0	4232.0	962.0	5385.0	7298.0	6641.0	3615.0	3982.0	256.0	509.0	430.0	2589.0	90639.9	1117012.0	1513870.08802
sub-0042	1088.0	851.0	2190.0	1877.0	453.0	3420.0	4703.0	3653.0	1292.0	5271.0	2768.0	3146.0	1561.0	3439.0	669.0	1414.0	1633.0	658.0	1448.0	1691.0	4372.0	1492.0	4872.0	4288.0	968.0	5991.0	8329.0	5875.0	3929.0	4411.0	219.0	517.0	439.0	2692.0	91614.6	1139605.0	1546304.60749
sub-0043	651.0	548.0	2184.0	1769.0	575.0	3092.0	4273.0	3985.0	1016.0	5622.0	2728.0	3478.0	1712.0	3322.0	719.0	1657.0	1613.0	778.0	1210.0	1696.0	4277.0	1246.0	5471.0	4182.0	664.0	6079.0	9580.0	6725.0	2993.0	3853.0	265.0	529.0	360.0	2505.0	91343.0	1093126.0	1488425.96978
sub-0044	1102.0	760.0	2057.0	1003.0	382.0	3271.0	4433.0	3631.0	1181.0	4027.0	2790.0	2878.0	1848.0	3579.0	789.0	1332.0	1693.0	852.0	1770.0	1147.0	3910.0	1440.0	4856.0	3492.0	856.0	5606.0	7348.0	5065.0	4421.0	5033.0	261.0	496.0	483.0	2860.0	86646.5	1141797.0	1570025.48511
sub-0053	959.0	692.0	2062.0	1213.0	584.0	2721.0	4556.0	3128.0	1127.0	4854.0	2525.0	2248.0	1735.0	3141.0	589.0	1363.0	1637.0	636.0	1127.0	953.0	4070.0	1438.0	5186.0	4077.0	959.0	5511.0	7286.0	5472.0	4007.0	3452.0	246.0	495.0	423.0	2761.0	83139.5	1047785.0	1563927.20032
sub-0057	708.0	676.0	2455.0	1067.0	383.0	2724.0	4402.0	2864.0	1252.0	4823.0	2483.0	2818.0	1810.0	2654.0	617.0	1628.0	1394.0	613.0	1144.0	1155.0	4057.0	1274.0	5805.0	3877.0	771.0	5113.0	7125.0	5371.0	2971.0	3028.0	244.0	388.0	450.0	2404.0	80548.5	916095.0	1545364.52291
sub-0058	893.0	577.0	2356.0	1262.0	416.0	3220.0	4420.0	3275.0	1072.0	4953.0	2566.0	3248.0	1671.0	3215.0	762.0	1356.0	1607.0	625.0	1269.0	1425.0	3746.0	1004.0	4556.0	3321.0	868.0	4889.0	7111.0	4651.0	3630.0	3630.0	197.0	342.0	464.0	2568.0	81165.4	1030574.0	1393762.8743
sub-0060	911.0	601.0	1461.0	1585.0	499.0	3109.0	3877.0	3203.0	826.0	5000.0	2640.0	3003.0	1697.0	2910.0	595.0	1370.0	1204.0	624.0	1158.0	1125.0	3772.0	1192.0	4544.0	3398.0	640.0	4995.0	6347.0	4935.0	3501.0	4086.0	236.0	442.0	419.0	2449.0	78286.8	977133.0	1205966.67051
sub-0062	881.0	728.0	2778.0	1808.0	479.0	3074.0	4875.0	4157.0	1274.0	6638.0	3216.0	3647.0	2165.0	3618.0	683.0	1403.0	1890.0	964.0	1535.0	1827.0	4270.0	1691.0	6026.0	4000.0	1142.0	7471.0	7736.0	4701.0	4848.0	4119.0	245.0	491.0	537.0	3032.0	97934.4	1289435.0	1776265.02628
sub-0064	1106.0	1590.0	1755.0	1647.0	429.0	3105.0	4321.0	2761.0	1166.0	4155.0	3167.0	2927.0	3274.0	2835.0	733.0	1253.0	1578.0	770.0	1772.0	1378.0	4715.0	2205.0	4517.0	3599.0	1058.0	7297.0	13759.0	5193.0	4309.0	5691.0	286.0	552.0	387.0	2555.0	97837.8	1198044.0	3132919.29087
sub-0066	904.0	672.0	2372.0	1465.0	609.0	2823.0	4809.0	3737.0	1149.0	4280.0	2969.0	2425.0	1939.0	2963.0	671.0	1355.0	1665.0	663.0	1354.0	1078.0	4179.0	1322.0	4990.0	4501.0	964.0	5387.0	7523.0	5803.0	3350.0	4478.0	214.0	462.0	409.0	2285.0	85766.2	1084847.0	1462947.37819
sub-0067	810.0	659.0	2091.0	1426.0	485.0	2814.0	4215.0	3149.0	966.0	4723.0	2601.0	2903.0	1563.0	2984.0	590.0	1270.0	1355.0	734.0	1434.0	1376.0	3851.0	1110.0	4772.0	3789.0	662.0	5310.0	6614.0	5686.0	3928.0	3591.0	241.0	447.0	532.0	2156.0	80825.6	1040745.0	1385606.54043
sub-0071	1072.0	636.0	1987.0	1212.0	426.0	2888.0	4184.0	3523.0	831.0	4289.0	2245.0	2469.0	1470.0	2912.0	580.0	1319.0	1203.0	543.0	1012.0	920.0	3328.0	1101.0	4349.0	3832.0	891.0	4820.0	6891.0	4908.0	3786.0	3343.0	222.0	463.0	344.0	2264.0	76264.0	1009957.0	1378600.06314
sub-0072	1051.0	408.0	2250.0	1611.0	475.0	3150.0	4713.0	3269.0	1210.0	5198.0	2775.0	3196.0	2188.0	2854.0	609.0	1424.0	1489.0	717.0	1222.0	1511.0	4513.0	1025.0	5076.0	3684.0	748.0	5684.0	7513.0	4514.0	3704.0	4394.0	235.0	445.0	514.0	2400.0	85761.3	1131610.0	1525486.91608
sub-0073	230.0	241.0	422.0	483.0	51.0	660.0	1793.0	912.0	614.0	4632.0	859.0	575.0	0.0	774.0	0.0	960.0	447.0	241.0	564.0	456.0	1299.0	573.0	1266.0	1586.0	0.0	1507.0	2128.0	1400.0	1805.0	1243.0	9.0	286.0	434.0	2058.0	30501.1	428721.0	104144.590512
sub-0077	984.0	824.0	2479.0	1938.0	443.0	3496.0	5041.0	3734.0	1275.0	5924.0	3021.0	3503.0	2108.0	3112.0	582.0	1384.0	1659.0	863.0	1345.0	1656.0	4436.0	1273.0	5366.0	4404.0	950.0	5874.0	7907.0	6271.0	4089.0	4248.0	288.0	457.0	413.0	2881.0	94224.4	1243118.0	1638396.83303
sub-0078	978.0	726.0	1780.0	1664.0	543.0	3262.0	4604.0	3766.0	954.0	5279.0	3071.0	3372.0	1882.0	3079.0	622.0	1572.0	1807.0	861.0	1526.0	1230.0	4391.0	1276.0	5031.0	4498.0	1126.0	6334.0	7952.0	5945.0	3748.0	4584.0	237.0	502.0	476.0	2751.0	91423.8	1164610.0	1591966.66264
sub-0079	646.0	556.0	2196.0	1816.0	572.0	3094.0	4347.0	3945.0	1049.0	5583.0	2707.0	3631.0	1729.0	3314.0	729.0	1657.0	1590.0	787.0	1242.0	1689.0	4318.0	1222.0	5504.0	4158.0	665.0	6048.0	9587.0	6745.0	2994.0	3802.0	270.0	546.0	362.0	2703.0	91797.9	1096560.0	1488425.96978
sub-0080	793.0	785.0	2270.0	1692.0	373.0	3090.0	4544.0	3958.0	1142.0	5098.0	2817.0	2925.0	2068.0	3263.0	656.0	1404.0	1319.0	699.0	1275.0	1268.0	4044.0	1325.0	4992.0	3972.0	1025.0	6967.0	8739.0	5785.0	3178.0	3717.0	249.0	512.0	337.0	2708.0	88952.9	1191370.0	1613504.469
sub-0082	943.0	635.0	2862.0	1283.0	622.0	3256.0	4739.0	3681.0	1168.0	4730.0	3289.0	3223.0	2058.0	3283.0	667.0	1504.0	1891.0	797.0	1515.0	1296.0	4074.0	1246.0	5584.0	3922.0	1133.0	6663.0	9150.0	5734.0	4158.0	4567.0	293.0	533.0	453.0	2501.0	93451.3	1193592.0	1649751.03428
sub-0085	878.0	766.0	1663.0	1358.0	623.0	3315.0	4147.0	3220.0	943.0	4627.0	2517.0	2565.0	1884.0	2789.0	770.0	1475.0	1395.0	776.0	1179.0	1384.0	4228.0	1544.0	4734.0	3657.0	830.0	5553.0	7053.0	4775.0	3783.0	4208.0	245.0	438.0	564.0	2344.0	82220.0	1054724.0	1480778.17696
sub-0100	952.0	718.0	2182.0	1280.0	473.0	3092.0	5184.0	3752.0	906.0	5305.0	2607.0	2749.0	1824.0	3314.0	685.0	1386.0	1337.0	781.0	1157.0	1278.0	4491.0	823.0	4950.0	3952.0	933.0	6346.0	7883.0	6043.0	3773.0	3964.0	242.0	474.0	400.0	2506.0	87596.0	1148366.0	1570498.95767
sub-0102	1105.0	535.0	2559.0	1951.0	641.0	3988.0	5579.0	3442.0	1211.0	5801.0	3049.0	3883.0	2041.0	3211.0	601.0	1697.0	1440.0	747.0	1290.0	1822.0	4650.0	1149.0	6053.0	4785.0	761.0	6931.0	9205.0	6142.0	4659.0	3921.0	261.0	630.0	471.0	2881.0	99071.0	1256669.0	1734647.16464
sub-0104	1169.0	665.0	2379.0	1615.0	471.0	3416.0	4922.0	4848.0	1061.0	4867.0	3150.0	2736.0	2154.0	4036.0	796.0	1437.0	1578.0	669.0	1299.0	1355.0	4081.0	1290.0	4710.0	4811.0	1035.0	6015.0	8358.0	6418.0	4103.0	4784.0	296.0	613.0	457.0	2905.0	94484.4	1202410.0	1588832.71461
sub-0107	888.0	755.0	2374.0	1436.0	572.0	3242.0	4495.0	3596.0	1495.0	5016.0	2950.0	3221.0	1981.0	2986.0	718.0	1285.0	1570.0	731.0	1454.0	1595.0	3959.0	1396.0	5065.0	4865.0	1051.0	6162.0	7411.0	6739.0	3403.0	4018.0	283.0	476.0	449.0	2363.0	89992.3	1154737.0	1547836.86751
sub-0108	1162.0	753.0	2157.0	1695.0	553.0	3392.0	5098.0	3562.0	1146.0	5851.0	3260.0	3527.0	2056.0	3538.0	568.0	1335.0	1832.0	795.0	1572.0	1469.0	4030.0	1360.0	5927.0	3954.0	1196.0	6227.0	8131.0	5209.0	4060.0	4602.0	263.0	477.0	439.0	2485.0	93674.4	1129989.0	1601099.67064
sub-0110	977.0	869.0	3145.0	1802.0	680.0	3276.0	5037.0	3927.0	1686.0	6013.0	3018.0	4259.0	2348.0	3358.0	764.0	1622.0	1959.0	798.0	1723.0	2050.0	4800.0	1310.0	5781.0	4254.0	1277.0	7396.0	10299.0	5835.0	4136.0	6199.0	322.0	456.0	553.0	3356.0	105281.0	1299190.0	1848937.15163
sub-0113	712.0	663.0	1993.0	1779.0	386.0	2342.0	3514.0	3154.0	1000.0	4626.0	2316.0	2633.0	1568.0	2565.0	675.0	1212.0	1533.0	599.0	1297.0	1391.0	3529.0	1017.0	4729.0	3055.0	877.0	4877.0	6521.0	4847.0	3186.0	2711.0	248.0	430.0	393.0	2306.0	74679.5	917912.0	1401103.92939
sub-0117	787.0	727.0	2095.0	1783.0	382.0	2865.0	4606.0	2958.0	1067.0	5100.0	2651.0	3144.0	1610.0	2825.0	554.0	1619.0	1432.0	691.0	1213.0	1703.0	4107.0	1084.0	4785.0	3880.0	947.0	5328.0	7008.0	6150.0	3137.0	3542.0	229.0	509.0	359.0	2581.0	83452.0	1046908.0	1439661.79245
sub-0121	905.0	958.0	2443.0	1491.0	526.0	2772.0	4144.0	2969.0	1100.0	4437.0	2640.0	2982.0	1628.0	2687.0	629.0	1435.0	1465.0	639.0	1240.0	1552.0	4581.0	1315.0	4577.0	4590.0	1009.0	5328.0	6763.0	6089.0	3345.0	3510.0	180.0	459.0	385.0	2136.0	82906.1	1045027.0	1405787.88543
sub-0124	1041.0	732.0	1881.0	1201.0	445.0	2680.0	3704.0	3064.0	993.0	4070.0	2373.0	2844.0	1729.0	3088.0	634.0	1135.0	1306.0	608.0	1131.0	1185.0	3838.0	1137.0	4399.0	2987.0	723.0	5021.0	6292.0	3934.0	3454.0	3479.0	167.0	477.0	343.0	2028.0	74121.7	997073.0	1367328.18002
sub-0128	785.0	701.0	2168.0	1620.0	450.0	2921.0	3944.0	3129.0	1164.0	4700.0	2629.0	3244.0	1958.0	3177.0	647.0	1522.0	1722.0	648.0	1351.0	1664.0	4479.0	1339.0	5271.0	3606.0	721.0	5792.0	7953.0	5894.0	3997.0	4352.0	250.0	425.0	421.0	2573.0	87208.9	1142571.0	1649933.42236
sub-0130	965.0	1051.0	2630.0	1544.0	413.0	3143.0	4145.0	3491.0	1219.0	4394.0	3098.0	3096.0	1994.0	3151.0	665.0	1546.0	1609.0	717.0	1199.0	1581.0	4773.0	1640.0	5295.0	4007.0	1018.0	5481.0	7140.0	5414.0	3750.0	4773.0	266.0	436.0	416.0	2609.0	88668.3	1109147.0	1577833.33762
