lh.BA_exvivo.volume	lh_BA1_exvivo_volume	lh_BA2_exvivo_volume	lh_BA3a_exvivo_volume	lh_BA3b_exvivo_volume	lh_BA4a_exvivo_volume	lh_BA4p_exvivo_volume	lh_BA6_exvivo_volume	lh_BA44_exvivo_volume	lh_BA45_exvivo_volume	lh_V1_exvivo_volume	lh_V2_exvivo_volume	lh_MT_exvivo_volume	lh_perirhinal_exvivo_volume	lh_entorhinal_exvivo_volume	BrainSegVolNotVent	eTIV
sub-0039	2494.0	5207.0	1236.0	3592.0	2873.0	2544.0	16944.0	4273.0	4938.0	4450.0	12603.0	3782.0	1687.0	1637.0	1067973.0	1442462.66838
sub-0041	2084.0	6397.0	1186.0	3311.0	3181.0	2649.0	19679.0	4030.0	5468.0	5564.0	12778.0	3769.0	1576.0	2916.0	1117012.0	1513870.08802
sub-0042	2396.0	6201.0	1217.0	3855.0	3541.0	2821.0	19607.0	3982.0	5572.0	5903.0	13553.0	3902.0	1846.0	1592.0	1139605.0	1546304.60749
sub-0043	1693.0	5759.0	1118.0	3046.0	3370.0	2369.0	23250.0	4240.0	4537.0	5333.0	13677.0	4192.0	1821.0	2034.0	1093126.0	1488425.96978
sub-0044	1806.0	5876.0	1125.0	3145.0	3057.0	2191.0	21438.0	4962.0	6578.0	3480.0	10035.0	3180.0	2126.0	2268.0	1141797.0	1570025.48511
sub-0053	1700.0	5382.0	1260.0	3530.0	2970.0	2557.0	18399.0	4842.0	4734.0	2971.0	9744.0	3009.0	2192.0	1818.0	1047785.0	1563927.20032
sub-0057	1306.0	5173.0	1085.0	2551.0	2474.0	2011.0	17131.0	4036.0	4173.0	4799.0	10413.0	3614.0	2052.0	2191.0	916095.0	1545364.52291
sub-0058	1645.0	5050.0	1235.0	3054.0	2747.0	2507.0	19162.0	3800.0	4877.0	4569.0	11403.0	4231.0	2165.0	1205.0	1030574.0	1393762.8743
sub-0060	1637.0	5982.0	998.0	3273.0	2947.0	2130.0	16216.0	3601.0	4306.0	3939.0	12537.0	4239.0	1945.0	3054.0	977133.0	1205966.67051
sub-0062	2105.0	5247.0	1694.0	3695.0	3373.0	3173.0	20273.0	4837.0	6863.0	6585.0	16211.0	5402.0	2073.0	1560.0	1289435.0	1776265.02628
sub-0064	1973.0	7334.0	1205.0	3965.0	3084.0	2460.0	17997.0	4745.0	8157.0	4098.0	10163.0	2702.0	1785.0	1534.0	1198044.0	3132919.29087
sub-0066	1829.0	5660.0	1179.0	3451.0	3333.0	2196.0	21550.0	4610.0	5917.0	3742.0	11880.0	3738.0	2205.0	2491.0	1084847.0	1462947.37819
sub-0067	2080.0	5346.0	1159.0	3097.0	3096.0	2595.0	18369.0	3617.0	5432.0	4127.0	11646.0	3437.0	1892.0	2028.0	1040745.0	1385606.54043
sub-0071	1544.0	4969.0	1166.0	2970.0	3157.0	2159.0	18881.0	3396.0	4023.0	3520.0	11278.0	3770.0	1376.0	1313.0	1009957.0	1378600.06314
sub-0072	2470.0	6776.0	1278.0	4513.0	3977.0	2725.0	20077.0	4154.0	5223.0	4924.0	14285.0	4264.0	1823.0	1647.0	1131610.0	1525486.91608
sub-0073	401.0	2130.0	396.0	1131.0	1424.0	501.0	3364.0	659.0	1395.0	1774.0	3946.0	5431.0	11.0	32.0	428721.0	104144.590512
sub-0077	1954.0	6704.0	1196.0	3510.0	3184.0	2207.0	20922.0	4063.0	4887.0	5011.0	15309.0	4835.0	1873.0	1638.0	1243118.0	1638396.83303
sub-0078	2191.0	6612.0	1221.0	4100.0	3627.0	2426.0	20044.0	4713.0	6553.0	4543.0	13624.0	4364.0	2185.0	2035.0	1164610.0	1591966.66264
sub-0079	1718.0	5949.0	1127.0	2952.0	3525.0	2373.0	22962.0	4164.0	4525.0	5245.0	13561.0	4126.0	1828.0	2009.0	1096560.0	1488425.96978
sub-0080	2177.0	5922.0	1113.0	4261.0	3427.0	2628.0	23418.0	3829.0	5507.0	4662.0	13284.0	4117.0	1721.0	1345.0	1191370.0	1613504.469
sub-0082	2003.0	6361.0	1230.0	4024.0	3584.0	2795.0	22102.0	5871.0	6269.0	4134.0	12360.0	3560.0	2103.0	2379.0	1193592.0	1649751.03428
sub-0085	1873.0	5041.0	1068.0	3466.0	2702.0	2113.0	15093.0	3347.0	5089.0	3921.0	9443.0	2758.0	2540.0	2565.0	1054724.0	1480778.17696
sub-0100	2088.0	6935.0	1264.0	3341.0	3584.0	2336.0	20612.0	4348.0	4775.0	4464.0	12448.0	5568.0	1783.0	1791.0	1148366.0	1570498.95767
sub-0102	2074.0	5623.0	1375.0	4120.0	4263.0	2622.0	22871.0	4577.0	5857.0	6052.0	16210.0	3663.0	2354.0	2430.0	1256669.0	1734647.16464
sub-0104	1779.0	6591.0	1070.0	3293.0	3227.0	2284.0	19977.0	3640.0	5394.0	4157.0	11194.0	3453.0	2205.0	1917.0	1202410.0	1588832.71461
sub-0107	1860.0	6398.0	1088.0	3596.0	2896.0	2552.0	17463.0	3948.0	5323.0	4567.0	11319.0	2990.0	2069.0	2146.0	1154737.0	1547836.86751
sub-0108	1434.0	5077.0	1251.0	3078.0	2953.0	2184.0	20872.0	3977.0	6155.0	4232.0	13856.0	3829.0	1761.0	2309.0	1129989.0	1601099.67064
sub-0110	2750.0	6919.0	1285.0	4435.0	3559.0	1789.0	23854.0	4223.0	6235.0	5325.0	14442.0	4240.0	2969.0	2539.0	1299190.0	1848937.15163
sub-0113	1621.0	4626.0	1201.0	2833.0	2903.0	2113.0	17741.0	3863.0	4958.0	4194.0	12305.0	3793.0	1594.0	1879.0	917912.0	1401103.92939
sub-0117	1905.0	5829.0	1327.0	3134.0	3394.0	2435.0	16934.0	3591.0	5106.0	4933.0	12957.0	4103.0	1538.0	1255.0	1046908.0	1439661.79245
sub-0121	2346.0	6022.0	1411.0	3583.0	3298.0	2762.0	18112.0	3396.0	4763.0	5146.0	12293.0	3559.0	1867.0	2280.0	1045027.0	1405787.88543
sub-0124	1873.0	4851.0	1233.0	3082.0	2542.0	2519.0	17477.0	3579.0	4638.0	4021.0	10531.0	3218.0	1471.0	1396.0	997073.0	1367328.18002
sub-0128	1884.0	7169.0	1440.0	3524.0	3555.0	2988.0	19658.0	4694.0	5211.0	5092.0	12087.0	3360.0	1928.0	1630.0	1142571.0	1649933.42236
sub-0130	2133.0	6816.0	1270.0	3021.0	3451.0	2762.0	19097.0	4057.0	4499.0	6095.0	12538.0	3493.0	1836.0	2000.0	1109147.0	1577833.33762
