lh.aparc.DKTatlas.volume	lh_caudalanteriorcingulate_volume	lh_caudalmiddlefrontal_volume	lh_cuneus_volume	lh_entorhinal_volume	lh_fusiform_volume	lh_inferiorparietal_volume	lh_inferiortemporal_volume	lh_isthmuscingulate_volume	lh_lateraloccipital_volume	lh_lateralorbitofrontal_volume	lh_lingual_volume	lh_medialorbitofrontal_volume	lh_middletemporal_volume	lh_parahippocampal_volume	lh_paracentral_volume	lh_parsopercularis_volume	lh_parsorbitalis_volume	lh_parstriangularis_volume	lh_pericalcarine_volume	lh_postcentral_volume	lh_posteriorcingulate_volume	lh_precentral_volume	lh_precuneus_volume	lh_rostralanteriorcingulate_volume	lh_rostralmiddlefrontal_volume	lh_superiorfrontal_volume	lh_superiorparietal_volume	lh_superiortemporal_volume	lh_supramarginal_volume	lh_transversetemporal_volume	lh_insula_volume	BrainSegVolNotVent	eTIV
sub-0039	2501.0	6287.0	4422.0	1727.0	8954.0	11013.0	11772.0	2170.0	12027.0	9238.0	8011.0	5049.0	12929.0	2215.0	3700.0	4418.0	1733.0	3415.0	2205.0	11455.0	3061.0	13478.0	8838.0	2876.0	9941.0	18170.0	8875.0	16085.0	8429.0	1302.0	6033.0	1067973.0	1442462.66838
sub-0041	3055.0	7306.0	5346.0	1815.0	10480.0	14019.0	13351.0	2582.0	13685.0	8955.0	6821.0	3635.0	13984.0	2210.0	4392.0	4398.0	1552.0	4205.0	2952.0	11019.0	3099.0	13273.0	10364.0	3430.0	9576.0	22325.0	12713.0	14944.0	9581.0	1061.0	5631.0	1117012.0	1513870.08802
sub-0042	3439.0	5755.0	5331.0	1854.0	9876.0	12776.0	11937.0	3412.0	13129.0	7597.0	7349.0	3603.0	15001.0	2227.0	4696.0	3988.0	2235.0	4456.0	3148.0	11909.0	4297.0	13603.0	10605.0	3670.0	9516.0	24626.0	11168.0	15835.0	10832.0	1371.0	6216.0	1139605.0	1546304.60749
sub-0043	2649.0	5852.0	5040.0	1798.0	9057.0	12270.0	13421.0	2495.0	13987.0	9535.0	7874.0	4172.0	13197.0	2279.0	5260.0	3862.0	2235.0	3592.0	2711.0	9817.0	3506.0	13952.0	10532.0	2563.0	11210.0	29030.0	12450.0	11454.0	9287.0	803.0	5957.0	1093126.0	1488425.96978
sub-0044	3421.0	6714.0	3143.0	1620.0	8954.0	12590.0	12955.0	3022.0	9485.0	8357.0	7006.0	5437.0	16730.0	3037.0	4389.0	4705.0	2703.0	5481.0	1781.0	10192.0	4205.0	14231.0	9120.0	3549.0	11374.0	25638.0	9665.0	18638.0	12362.0	1128.0	7225.0	1141797.0	1570025.48511
sub-0053	2829.0	6001.0	3299.0	2384.0	7077.0	11032.0	10134.0	2662.0	11275.0	7708.0	4418.0	4159.0	13034.0	2036.0	4137.0	4397.0	1843.0	3388.0	1297.0	10667.0	3675.0	13844.0	9938.0	3382.0	9865.0	22833.0	10570.0	16773.0	8643.0	1181.0	5914.0	1047785.0	1563927.20032
sub-0057	2855.0	5388.0	3171.0	2098.0	7469.0	11036.0	11119.0	2821.0	11702.0	8432.0	6335.0	5248.0	9744.0	2371.0	3864.0	3212.0	2083.0	3244.0	1990.0	9002.0	2822.0	12566.0	8945.0	3068.0	9177.0	19657.0	10479.0	11211.0	7347.0	1119.0	6097.0	916095.0	1545364.52291
sub-0058	2522.0	6748.0	3821.0	2311.0	9283.0	12925.0	12501.0	2745.0	12752.0	8355.0	7263.0	4319.0	14168.0	2698.0	3978.0	3826.0	1952.0	3587.0	2386.0	9500.0	2609.0	12242.0	7829.0	3494.0	9218.0	21507.0	9150.0	15449.0	8814.0	984.0	6111.0	1030574.0	1393762.8743
sub-0060	2625.0	3584.0	4523.0	2393.0	8695.0	11509.0	12234.0	2287.0	13437.0	8559.0	7136.0	4644.0	12604.0	2309.0	4115.0	3330.0	1845.0	3421.0	1658.0	10005.0	3245.0	12319.0	8049.0	2594.0	9189.0	21294.0	9240.0	15817.0	10780.0	1060.0	5955.0	977133.0	1205966.67051
sub-0062	3160.0	7487.0	5481.0	2225.0	9325.0	13262.0	15719.0	3277.0	17510.0	11098.0	9603.0	5714.0	17131.0	2070.0	4410.0	4800.0	2567.0	5158.0	3323.0	11641.0	4603.0	15670.0	10690.0	4560.0	13651.0	23691.0	9126.0	20808.0	10345.0	1391.0	8600.0	1289435.0	1776265.02628
sub-0064	4604.0	5306.0	4173.0	1833.0	7828.0	11486.0	9446.0	2559.0	8904.0	9567.0	6126.0	5988.0	12087.0	2207.0	4010.0	4603.0	2357.0	6213.0	2070.0	12120.0	4211.0	12794.0	8735.0	2994.0	15068.0	30525.0	8554.0	17887.0	13733.0	1258.0	5981.0	1198044.0	3132919.29087
sub-0066	2628.0	7024.0	4600.0	2314.0	8392.0	14074.0	13815.0	2870.0	12729.0	9854.0	6307.0	4797.0	14684.0	2797.0	4704.0	4345.0	2365.0	4772.0	1857.0	10983.0	3485.0	13807.0	11347.0	3982.0	10564.0	24672.0	11523.0	14423.0	10653.0	1159.0	6310.0	1084847.0	1462947.37819
sub-0067	2629.0	5835.0	4019.0	1945.0	8587.0	12668.0	11961.0	2587.0	12220.0	8631.0	6485.0	3736.0	13203.0	2188.0	4341.0	3493.0	2370.0	4285.0	2303.0	10503.0	3591.0	13353.0	10354.0	3058.0	10645.0	22114.0	11909.0	16961.0	9332.0	1369.0	5818.0	1040745.0	1385606.54043
sub-0071	2762.0	5667.0	3748.0	1674.0	7747.0	11662.0	13652.0	2225.0	12031.0	7637.0	6258.0	4146.0	13455.0	1682.0	4457.0	3104.0	1709.0	3217.0	1635.0	9250.0	3287.0	11897.0	10685.0	3815.0	9083.0	22334.0	10411.0	16554.0	8689.0	882.0	4987.0	1009957.0	1378600.06314
sub-0072	2264.0	6898.0	4599.0	1803.0	9640.0	12863.0	12172.0	3215.0	14485.0	10302.0	8202.0	5629.0	14292.0	2049.0	4808.0	3966.0	2200.0	3996.0	2653.0	13290.0	2990.0	14717.0	10070.0	3331.0	12379.0	25476.0	8441.0	16222.0	11734.0	1395.0	6340.0	1131610.0	1525486.91608
sub-0073	701.0	1191.0	1756.0	37.0	926.0	3814.0	1438.0	291.0	11808.0	1731.0	713.0	0.0	2222.0	0.0	2229.0	994.0	472.0	1372.0	946.0	3498.0	857.0	2951.0	2741.0	2.0	2517.0	3162.0	2501.0	4547.0	3029.0	1325.0	3804.0	428721.0	104144.590512
sub-0077	3789.0	6708.0	6166.0	1867.0	11087.0	15487.0	14691.0	3389.0	15815.0	9424.0	8073.0	5620.0	14053.0	2168.0	4201.0	4025.0	2744.0	3609.0	2774.0	11635.0	3744.0	14094.0	11911.0	4009.0	10206.0	24954.0	12451.0	17866.0	10751.0	960.0	6507.0	1243118.0	1638396.83303
sub-0078	3418.0	4582.0	5302.0	2333.0	9393.0	14338.0	14149.0	2572.0	14935.0	10091.0	7415.0	4822.0	14214.0	2435.0	5373.0	4755.0	2542.0	4873.0	2028.0	12818.0	3628.0	14435.0	12237.0	4045.0	11977.0	24604.0	12704.0	17228.0	11931.0	1355.0	7145.0	1164610.0	1591966.66264
sub-0079	2727.0	5847.0	5113.0	1912.0	9076.0	12395.0	13304.0	2451.0	13821.0	9476.0	8018.0	4545.0	13130.0	2174.0	5295.0	3835.0	2328.0	3609.0	2598.0	9967.0	3469.0	13991.0	10550.0	2563.0	11096.0	28439.0	12402.0	11334.0	9221.0	770.0	6018.0	1096560.0	1488425.96978
sub-0080	3594.0	6298.0	5030.0	1616.0	8531.0	12649.0	13399.0	2454.0	13455.0	8986.0	7584.0	5152.0	13769.0	2210.0	4555.0	3571.0	1768.0	4064.0	2197.0	11749.0	3784.0	14712.0	10003.0	3688.0	13761.0	28051.0	11589.0	13706.0	9277.0	1017.0	5962.0	1191370.0	1613504.469
sub-0082	3931.0	7908.0	3829.0	2332.0	9261.0	12732.0	12720.0	3158.0	12126.0	9959.0	7650.0	4442.0	14392.0	2390.0	4941.0	4898.0	2226.0	4952.0	2002.0	11118.0	3528.0	15751.0	10433.0	5229.0	12363.0	26737.0	11244.0	17249.0	11509.0	1134.0	6808.0	1193592.0	1649751.03428
sub-0085	2681.0	4161.0	3250.0	2865.0	8845.0	10051.0	10825.0	2325.0	9930.0	7569.0	5394.0	4342.0	11059.0	2460.0	3594.0	3470.0	2303.0	3448.0	2013.0	10480.0	3710.0	11847.0	8563.0	3083.0	10665.0	20217.0	8583.0	14732.0	9409.0	1218.0	6329.0	1054724.0	1480778.17696
sub-0100	3717.0	6567.0	4022.0	1819.0	9318.0	15794.0	13882.0	2642.0	14873.0	10368.0	6897.0	5443.0	15837.0	2447.0	4570.0	3941.0	2517.0	3313.0	2345.0	11727.0	2485.0	13469.0	11102.0	4262.0	13164.0	27668.0	12373.0	18055.0	10229.0	1034.0	6446.0	1148366.0	1570498.95767
sub-0102	3286.0	6578.0	5900.0	2496.0	12249.0	14753.0	11740.0	3051.0	14642.0	10536.0	9285.0	4743.0	14334.0	2333.0	6253.0	4164.0	2073.0	4084.0	3302.0	12316.0	3155.0	15933.0	13338.0	4104.0	14300.0	27102.0	11820.0	20150.0	8808.0	1403.0	7213.0	1256669.0	1734647.16464
sub-0104	3553.0	6472.0	4565.0	2279.0	8379.0	12377.0	15933.0	2606.0	11276.0	10005.0	6116.0	5330.0	15992.0	2391.0	4330.0	3764.0	1912.0	4447.0	2093.0	10227.0	3673.0	12605.0	11663.0	4451.0	10633.0	24597.0	11820.0	17789.0	11850.0	1267.0	6897.0	1202410.0	1588832.71461
sub-0107	3052.0	6620.0	3830.0	1993.0	8420.0	11494.0	10992.0	3551.0	10900.0	8218.0	7040.0	3974.0	11391.0	2513.0	3948.0	3913.0	2052.0	4475.0	2378.0	10613.0	3559.0	12656.0	11789.0	3562.0	10659.0	21878.0	12746.0	13625.0	10123.0	1100.0	5742.0	1154737.0	1547836.86751
sub-0108	2831.0	5769.0	4838.0	2021.0	9331.0	13346.0	11795.0	2610.0	13407.0	9966.0	7479.0	4696.0	14711.0	1909.0	4376.0	4121.0	2249.0	4851.0	2179.0	9717.0	3478.0	13365.0	9456.0	4405.0	10367.0	25332.0	9805.0	15499.0	10132.0	1148.0	5828.0	1129989.0	1601099.67064
sub-0110	2892.0	7943.0	5613.0	3023.0	8590.0	13796.0	12930.0	3656.0	15643.0	10287.0	8245.0	5660.0	14963.0	2862.0	5891.0	4057.0	2318.0	4634.0	2978.0	13276.0	3299.0	13251.0	12167.0	4444.0	13096.0	27931.0	12024.0	16871.0	13504.0	1055.0	7636.0	1299190.0	1848937.15163
sub-0113	2442.0	5446.0	5760.0	1480.0	6300.0	10510.0	11773.0	2336.0	12809.0	7507.0	5783.0	3661.0	11376.0	2394.0	3941.0	3424.0	1683.0	4011.0	2183.0	9054.0	2908.0	12254.0	8420.0	3182.0	9223.0	20144.0	9830.0	14902.0	7121.0	1048.0	5629.0	917912.0	1401103.92939
sub-0117	2589.0	5960.0	5013.0	1277.0	8156.0	12879.0	9804.0	2772.0	13351.0	8595.0	6668.0	4085.0	11724.0	2208.0	4904.0	3235.0	1967.0	3975.0	2426.0	10468.0	3036.0	12643.0	9447.0	3503.0	9287.0	19509.0	12237.0	12645.0	8705.0	875.0	5333.0	1046908.0	1439661.79245
sub-0121	2950.0	6806.0	5106.0	1945.0	7519.0	11686.0	9885.0	2643.0	11812.0	7736.0	6673.0	3811.0	11276.0	2359.0	4062.0	3516.0	1882.0	3371.0	2571.0	11862.0	3354.0	13011.0	11101.0	3256.0	9436.0	20679.0	11709.0	13402.0	8401.0	1233.0	5151.0	1045027.0	1405787.88543
sub-0124	2647.0	5098.0	3391.0	1505.0	7460.0	10057.0	10757.0	2283.0	10427.0	8193.0	6469.0	4343.0	12198.0	2086.0	3498.0	3584.0	1951.0	3696.0	2010.0	9861.0	2948.0	12150.0	7317.0	2945.0	8923.0	21318.0	7375.0	14868.0	8274.0	760.0	5322.0	997073.0	1367328.18002
sub-0128	2741.0	6393.0	4331.0	1947.0	8469.0	10680.0	10667.0	2591.0	11590.0	8809.0	7183.0	4782.0	14777.0	2304.0	4523.0	4156.0	2112.0	4083.0	2813.0	11239.0	3367.0	13900.0	9127.0	3103.0	10390.0	25413.0	11306.0	16226.0	10479.0	1209.0	6518.0	1142571.0	1649933.42236
sub-0130	4127.0	6972.0	4597.0	1747.0	8726.0	11525.0	11047.0	2452.0	11319.0	8664.0	7479.0	4991.0	13802.0	2397.0	4355.0	3756.0	2184.0	3453.0	3044.0	11406.0	4428.0	14029.0	9692.0	3489.0	10825.0	20949.0	10082.0	14224.0	10635.0	1097.0	6109.0	1109147.0	1577833.33762
