rh.aparc.DKTatlas.volume	rh_caudalanteriorcingulate_volume	rh_caudalmiddlefrontal_volume	rh_cuneus_volume	rh_entorhinal_volume	rh_fusiform_volume	rh_inferiorparietal_volume	rh_inferiortemporal_volume	rh_isthmuscingulate_volume	rh_lateraloccipital_volume	rh_lateralorbitofrontal_volume	rh_lingual_volume	rh_medialorbitofrontal_volume	rh_middletemporal_volume	rh_parahippocampal_volume	rh_paracentral_volume	rh_parsopercularis_volume	rh_parsorbitalis_volume	rh_parstriangularis_volume	rh_pericalcarine_volume	rh_postcentral_volume	rh_posteriorcingulate_volume	rh_precentral_volume	rh_precuneus_volume	rh_rostralanteriorcingulate_volume	rh_rostralmiddlefrontal_volume	rh_superiorfrontal_volume	rh_superiorparietal_volume	rh_superiortemporal_volume	rh_supramarginal_volume	rh_transversetemporal_volume	rh_insula_volume	BrainSegVolNotVent	eTIV	rh_temporalpole_volume
sub-0039	1943.0	5581.0	3786.0	1909.0	8106.0	12348.0	11300.0	2266.0	12160.0	9049.0	9882.0	4614.0	11994.0	2643.0	4729.0	5104.0	2084.0	4216.0	2227.0	10685.0	3829.0	12007.0	9357.0	2949.0	10346.0	20765.0	9463.0	15307.0	10064.0	1215.0	6333.0	1067973.0	1442462.66838	0.0
sub-0041	2681.0	6526.0	4975.0	1453.0	9447.0	14352.0	11922.0	2728.0	14237.0	9016.0	7964.0	4315.0	14776.0	1969.0	3544.0	5048.0	2293.0	4936.0	3861.0	7939.0	3432.0	9224.0	10784.0	2560.0	16196.0	30019.0	7218.0	14146.0	6676.0	875.0	5924.0	1117012.0	1513870.08802	0.0
sub-0042	2133.0	6513.0	5205.0	1805.0	8517.0	16610.0	12087.0	3126.0	13529.0	8149.0	9353.0	3863.0	15641.0	2352.0	4444.0	4452.0	2223.0	4754.0	3402.0	10428.0	3965.0	13197.0	12029.0	2197.0	9837.0	24038.0	11205.0	14746.0	10567.0	817.0	6425.0	1139605.0	1546304.60749	0.0
sub-0043	2831.0	8292.0	4534.0	1508.0	7907.0	14391.0	11149.0	2185.0	12478.0	8883.0	8118.0	4246.0	14126.0	2134.0	3900.0	3814.0	2183.0	3354.0	2547.0	9373.0	3921.0	13408.0	9956.0	3009.0	11160.0	26244.0	9896.0	12717.0	8150.0	774.0	6430.0	1093126.0	1488425.96978	0.0
sub-0044	2172.0	3484.0	3121.0	1552.0	8836.0	18741.0	14247.0	2274.0	12397.0	8773.0	7466.0	3599.0	17809.0	2106.0	3970.0	4872.0	2958.0	5515.0	1701.0	9142.0	4266.0	12304.0	9904.0	2124.0	12586.0	28922.0	11201.0	15125.0	9568.0	978.0	7289.0	1141797.0	1570025.48511	0.0
sub-0053	3346.0	5793.0	3524.0	1720.0	8117.0	12790.0	11132.0	1958.0	13607.0	7578.0	4771.0	4416.0	12929.0	1859.0	4015.0	3919.0	1625.0	3331.0	1901.0	9045.0	3784.0	13229.0	9690.0	3191.0	9183.0	23496.0	9764.0	15306.0	9611.0	866.0	6258.0	1047785.0	1563927.20032	0.0
sub-0057	2227.0	6084.0	3844.0	1347.0	8915.0	10692.0	10671.0	2232.0	13126.0	8811.0	6723.0	4985.0	13568.0	2337.0	3511.0	4421.0	2420.0	4145.0	2559.0	8420.0	2920.0	11060.0	9716.0	2304.0	9972.0	24063.0	8989.0	13604.0	9058.0	917.0	6492.0	916095.0	1545364.52291	0.0
sub-0058	1949.0	6343.0	3805.0	1825.0	7945.0	15229.0	11536.0	2813.0	13360.0	8454.0	7527.0	4474.0	15854.0	2656.0	4095.0	4107.0	1937.0	3289.0	2625.0	8897.0	2990.0	11853.0	8870.0	2354.0	8898.0	25154.0	8829.0	14694.0	7599.0	887.0	6306.0	1030574.0	1393762.8743	0.0
sub-0060	1808.0	4302.0	3867.0	1536.0	7268.0	13930.0	12557.0	1764.0	12310.0	8788.0	6096.0	3970.0	13665.0	1874.0	3651.0	4088.0	1916.0	3676.0	2231.0	9569.0	2723.0	11493.0	9509.0	2643.0	10284.0	22006.0	9135.0	15495.0	10201.0	900.0	6002.0	977133.0	1205966.67051	0.0
sub-0062	2031.0	6126.0	4847.0	2517.0	9938.0	18688.0	16557.0	2758.0	15347.0	10069.0	8932.0	5120.0	15623.0	2448.0	4490.0	5495.0	2365.0	5194.0	3356.0	10745.0	3650.0	13705.0	10620.0	2701.0	15520.0	32533.0	10729.0	17002.0	8473.0	807.0	8450.0	1289435.0	1776265.02628	0.0
sub-0064	2713.0	6753.0	3873.0	1342.0	8080.0	15736.0	11572.0	1632.0	11202.0	8852.0	5878.0	4906.0	13386.0	2100.0	8856.0	3181.0	1758.0	3567.0	2036.0	11767.0	1744.0	14861.0	11112.0	1132.0	11706.0	35712.0	9779.0	16575.0	9875.0	1007.0	6530.0	1198044.0	3132919.29087	0.0
sub-0066	2935.0	7024.0	4805.0	2040.0	8927.0	13198.0	14223.0	2141.0	12949.0	10449.0	7168.0	5050.0	14168.0	1977.0	3897.0	5268.0	2534.0	4584.0	2728.0	9752.0	4661.0	12952.0	12676.0	2247.0	10646.0	27748.0	11368.0	15223.0	9203.0	899.0	6419.0	1084847.0	1462947.37819	0.0
sub-0067	2100.0	5382.0	4376.0	2215.0	8553.0	13227.0	12637.0	2133.0	14523.0	8522.0	6482.0	4204.0	13745.0	2541.0	4264.0	4168.0	2215.0	4592.0	2942.0	10237.0	3063.0	13492.0	10257.0	2568.0	7951.0	23990.0	10443.0	14795.0	8930.0	890.0	5982.0	1040745.0	1385606.54043	0.0
sub-0071	2591.0	5124.0	3922.0	1927.0	8818.0	14978.0	13371.0	2671.0	12725.0	8427.0	7637.0	4045.0	13106.0	1888.0	4043.0	4189.0	1972.0	3092.0	2119.0	9912.0	3353.0	12154.0	10058.0	2437.0	9897.0	23744.0	9709.0	14963.0	7606.0	810.0	5603.0	1009957.0	1378600.06314	0.0
sub-0072	2214.0	6725.0	3883.0	1747.0	9067.0	13561.0	13613.0	2030.0	14066.0	9870.0	7917.0	5222.0	16000.0	1883.0	4185.0	4841.0	2342.0	4061.0	2535.0	12125.0	2887.0	14138.0	11211.0	3131.0	12619.0	23811.0	9451.0	15816.0	9097.0	753.0	6831.0	1131610.0	1525486.91608	0.0
sub-0073	1264.0	5350.0	1907.0	914.0	1726.0	5512.0	2941.0	5470.0	3249.0	7582.0	1986.0	1745.0	3503.0	1139.0	787.0	3701.0	1231.0	3154.0	1105.0	6750.0	1710.0	7900.0	4972.0	18.0	9401.0	6109.0	7401.0	11819.0	5711.0	801.0	6673.0	428721.0	104144.590512	82.0
sub-0077	3168.0	5186.0	5287.0	1958.0	12230.0	17458.0	14182.0	3220.0	16172.0	9390.0	8277.0	4804.0	14309.0	2096.0	4428.0	4594.0	3111.0	5412.0	2993.0	9794.0	4564.0	13798.0	11310.0	3213.0	11469.0	28611.0	10587.0	17975.0	10454.0	923.0	6968.0	1243118.0	1638396.83303	0.0
sub-0078	2835.0	5541.0	4791.0	2020.0	10373.0	15799.0	10926.0	2419.0	13736.0	9730.0	6400.0	4980.0	13863.0	1983.0	4559.0	4072.0	2155.0	4205.0	2076.0	10727.0	3571.0	14978.0	11917.0	3135.0	10316.0	27229.0	12915.0	19056.0	13603.0	1017.0	7225.0	1164610.0	1591966.66264	0.0
sub-0079	2934.0	8125.0	4604.0	1361.0	7939.0	14621.0	11009.0	2162.0	12732.0	9033.0	7963.0	4553.0	14100.0	2305.0	3954.0	3824.0	2222.0	3429.0	2546.0	9495.0	3874.0	13470.0	9861.0	3018.0	11714.0	26013.0	10072.0	12893.0	8103.0	758.0	6458.0	1096560.0	1488425.96978	0.0
sub-0080	2663.0	6871.0	4099.0	2045.0	8325.0	15032.0	12038.0	2513.0	14282.0	9150.0	7933.0	4565.0	13816.0	1893.0	4757.0	3555.0	2270.0	3197.0	2197.0	11293.0	4019.0	15860.0	11135.0	2281.0	10441.0	29242.0	13217.0	13293.0	8778.0	747.0	6049.0	1191370.0	1613504.469	0.0
sub-0082	1934.0	7963.0	3947.0	2202.0	8814.0	15776.0	13998.0	2701.0	14089.0	10162.0	7620.0	4156.0	14332.0	2336.0	5011.0	6018.0	2309.0	4933.0	2050.0	10924.0	4143.0	14416.0	10927.0	3122.0	11348.0	29071.0	12082.0	14826.0	9100.0	1024.0	7095.0	1193592.0	1649751.03428	0.0
sub-0085	1782.0	3766.0	3504.0	3055.0	8503.0	12309.0	12119.0	2091.0	10814.0	7457.0	5503.0	4460.0	11630.0	2046.0	3868.0	3890.0	1896.0	3372.0	2042.0	8664.0	2792.0	10561.0	9229.0	1883.0	9815.0	24418.0	9463.0	14162.0	9132.0	815.0	6379.0	1054724.0	1480778.17696	0.0
sub-0100	2515.0	6742.0	3922.0	1834.0	11560.0	15104.0	13280.0	2744.0	14680.0	9758.0	6628.0	5314.0	14743.0	2258.0	3820.0	4849.0	2938.0	4733.0	2551.0	11380.0	3399.0	12925.0	10748.0	2452.0	13951.0	29806.0	10159.0	17862.0	10005.0	931.0	6870.0	1148366.0	1570498.95767	0.0
sub-0102	1678.0	5828.0	4170.0	2716.0	10200.0	13807.0	12363.0	2420.0	17263.0	10236.0	7853.0	5319.0	14376.0	2609.0	4814.0	5731.0	2408.0	5241.0	2727.0	11598.0	3688.0	14503.0	11405.0	3119.0	15244.0	29221.0	10794.0	17088.0	9542.0	904.0	7216.0	1256669.0	1734647.16464	0.0
sub-0104	2411.0	6351.0	4446.0	2264.0	10431.0	15741.0	12659.0	2764.0	13060.0	9320.0	6569.0	4657.0	16591.0	2539.0	5065.0	3815.0	2077.0	3763.0	2446.0	10837.0	3835.0	12569.0	12708.0	3224.0	10321.0	26837.0	10919.0	17212.0	10790.0	1095.0	7424.0	1202410.0	1588832.71461	0.0
sub-0107	2031.0	6813.0	5555.0	1720.0	7919.0	12699.0	11904.0	3039.0	12563.0	7442.0	7257.0	4042.0	10166.0	2517.0	3769.0	3629.0	1971.0	3188.0	2921.0	9744.0	3214.0	12008.0	11020.0	2554.0	9869.0	26101.0	10835.0	13712.0	10155.0	870.0	5766.0	1154737.0	1547836.86751	0.0
sub-0108	2583.0	6561.0	3564.0	1726.0	8491.0	14432.0	14001.0	2428.0	14365.0	9369.0	6513.0	4806.0	13279.0	1896.0	3711.0	4481.0	2155.0	4060.0	2311.0	10510.0	3453.0	14436.0	9702.0	2940.0	11204.0	27302.0	11295.0	15148.0	8564.0	968.0	6313.0	1129989.0	1601099.67064	0.0
sub-0110	2332.0	5387.0	4228.0	2630.0	9330.0	16880.0	14862.0	3372.0	16370.0	10670.0	8517.0	5627.0	17044.0	2345.0	4142.0	4110.0	2649.0	4994.0	2933.0	12478.0	3904.0	12837.0	13887.0	2815.0	13939.0	31352.0	12671.0	15055.0	9242.0	714.0	7396.0	1299190.0	1848937.15163	0.0
sub-0113	1454.0	5461.0	4300.0	1547.0	7522.0	11396.0	11221.0	2202.0	14263.0	7785.0	6093.0	3827.0	11323.0	2352.0	3985.0	2835.0	1822.0	3499.0	2613.0	9695.0	2847.0	12139.0	8508.0	2069.0	10759.0	23574.0	9232.0	13656.0	7676.0	840.0	5789.0	917912.0	1401103.92939	0.0
sub-0117	1578.0	5451.0	3397.0	1757.0	6820.0	15254.0	9597.0	2495.0	12192.0	8647.0	6610.0	4902.0	11219.0	1838.0	4542.0	3853.0	1936.0	4192.0	2798.0	10033.0	2749.0	12659.0	9800.0	2362.0	10903.0	23907.0	10048.0	13400.0	8043.0	704.0	5626.0	1046908.0	1439661.79245	0.0
sub-0121	2014.0	6113.0	4751.0	1942.0	6995.0	12340.0	10410.0	2184.0	13202.0	7740.0	6657.0	5013.0	10953.0	2306.0	4064.0	4102.0	1711.0	3444.0	2975.0	10509.0	3158.0	12188.0	10469.0	2225.0	9466.0	25012.0	11823.0	12534.0	8903.0	864.0	5025.0	1045027.0	1405787.88543	0.0
sub-0124	2305.0	4962.0	3016.0	1630.0	7196.0	12520.0	10266.0	1883.0	12098.0	8432.0	6833.0	4539.0	12354.0	2298.0	3475.0	3638.0	2020.0	3196.0	1883.0	8877.0	3085.0	11930.0	7634.0	2103.0	10846.0	21596.0	7409.0	14228.0	6321.0	648.0	4807.0	997073.0	1367328.18002	0.0
sub-0128	2190.0	5517.0	4427.0	1417.0	7856.0	15221.0	12846.0	2086.0	12886.0	7766.0	7197.0	4471.0	13638.0	1805.0	4087.0	4310.0	2301.0	3566.0	3494.0	10317.0	3329.0	14535.0	10240.0	2956.0	10642.0	30561.0	9848.0	14948.0	9085.0	842.0	6895.0	1142571.0	1649933.42236	0.0
sub-0130	2512.0	5592.0	3674.0	1637.0	8698.0	14379.0	12500.0	2189.0	12914.0	8842.0	5941.0	5007.0	13866.0	1946.0	4583.0	3632.0	1929.0	3736.0	2984.0	10955.0	3234.0	13105.0	11119.0	3182.0	11184.0	24929.0	10793.0	15297.0	8911.0	848.0	5847.0	1109147.0	1577833.33762	0.0
