lh.BA_exvivo.meancurv	lh_BA1_exvivo_meancurv	lh_BA2_exvivo_meancurv	lh_BA3a_exvivo_meancurv	lh_BA3b_exvivo_meancurv	lh_BA4a_exvivo_meancurv	lh_BA4p_exvivo_meancurv	lh_BA6_exvivo_meancurv	lh_BA44_exvivo_meancurv	lh_BA45_exvivo_meancurv	lh_V1_exvivo_meancurv	lh_V2_exvivo_meancurv	lh_MT_exvivo_meancurv	lh_perirhinal_exvivo_meancurv	lh_entorhinal_exvivo_meancurv	BrainSegVolNotVent	eTIV
sub-002S0295	0.108	0.093	0.118	0.09	0.067	0.082	0.103	0.11	0.114	0.131	0.133	0.112	0.099	0.107	1049464.0	1683891.325623
sub-002S0413	0.11	0.096	0.139	0.099	0.1	0.083	0.114	0.113	0.12	0.143	0.141	0.136	0.094	0.144	1031417.0	1468504.820203
sub-002S0685	0.129	0.104	0.14	0.113	0.119	0.144	0.122	0.105	0.126	0.157	0.148	0.136	0.112	0.141	981016.0	1543022.145788
sub-002S1261	0.132	0.121	0.143	0.11	0.091	0.106	0.124	0.124	0.138	0.134	0.134	0.135	0.099	0.141	971327.0	1486914.720552
sub-002S1280	0.132	0.116	0.137	0.115	0.106	0.096	0.132	0.139	0.134	0.136	0.156	0.137	0.111	0.117	912236.0	1420831.701808
sub-002S4213	0.13	0.117	0.134	0.111	0.097	0.09	0.139	0.117	0.147	0.126	0.148	0.149	0.092	0.116	929490.0	1457811.479267
sub-002S4225	0.119	0.096	0.117	0.099	0.089	0.096	0.111	0.105	0.135	0.117	0.138	0.133	0.103	0.077	1225004.0	1880480.84738
sub-002S4262	0.143	0.123	0.129	0.109	0.092	0.097	0.131	0.14	0.14	0.131	0.151	0.146	0.113	0.102	877597.0	1574305.99148
sub-002S4264	0.116	0.123	0.142	0.109	0.085	0.094	0.117	0.116	0.148	0.145	0.155	0.149	0.142	0.1	946496.0	1432436.642983
sub-002S4270	0.114	0.117	0.134	0.112	0.083	0.078	0.114	0.118	0.136	0.145	0.155	0.137	0.102	0.106	999849.0	1495734.272789
sub-003S0907	0.128	0.1	0.146	0.106	0.108	0.097	0.119	0.125	0.131	0.137	0.151	0.122	0.158	0.095	833101.0	1408413.108412
sub-003S0981	0.13	0.111	0.132	0.11	0.103	0.094	0.114	0.113	0.137	0.151	0.158	0.144	0.156	0.143	823439.0	3074205.906953
sub-003S4081	0.125	0.108	0.132	0.11	0.103	0.074	0.12	0.128	0.143	0.14	0.16	0.142	0.128	0.155	802731.0	1175637.939837
sub-003S4119	0.123	0.111	0.13	0.109	0.087	0.097	0.121	0.124	0.134	0.143	0.149	0.141	0.091	0.153	1085194.0	1540009.985009
sub-003S4288	0.134	0.113	0.139	0.134	0.141	0.152	0.142	0.108	0.131	0.138	0.15	0.14	0.155	0.135	868201.0	1213393.324962
sub-003S4350	0.11	0.1	0.115	0.105	0.109	0.098	0.116	0.12	0.138	0.133	0.142	0.124	0.145	0.101	1116021.0	1421978.642033
sub-003S4441	0.11	0.105	0.113	0.1	0.087	0.066	0.106	0.113	0.114	0.137	0.144	0.142	0.074	0.121	1105372.0	1530622.913335
sub-003S4555	0.152	0.125	0.171	0.127	0.152	0.138	0.146	0.121	0.117	0.144	0.145	0.119	0.167	0.19	1019373.0	1384959.507897
sub-003S4644	0.118	0.108	0.149	0.121	0.095	0.107	0.115	0.108	0.133	0.142	0.147	0.122	0.105	0.128	975313.0	1365713.781841
sub-003S4839	0.126	0.123	0.129	0.105	0.088	0.079	0.112	0.111	0.14	0.136	0.143	0.136	0.091	0.1	975693.0	1369211.809852
sub-003S4840	0.132	0.103	0.133	0.106	0.103	0.085	0.123	0.113	0.121	0.132	0.138	0.129	0.113	0.096	1100815.0	1448127.526802
sub-003S4872	0.128	0.112	0.13	0.104	0.096	0.114	0.132	0.123	0.134	0.159	0.152	0.152	0.113	0.163	1014951.0	1448192.20547
sub-003S4900	0.134	0.112	0.128	0.109	0.098	0.088	0.124	0.12	0.137	0.144	0.145	0.122	0.164	0.124	978392.0	1215856.919368
sub-005S0553	0.135	0.118	0.121	0.115	0.108	0.1	0.111	0.116	0.131	0.128	0.141	0.136	0.153	0.126	917208.0	1540761.958465
sub-005S0602	0.118	0.099	0.129	0.102	0.082	0.079	0.102	0.107	0.134	0.126	0.146	0.127	0.112	0.125	983743.0	1385998.576713
sub-005S0610	0.124	0.09	0.118	0.098	0.092	0.072	0.104	0.125	0.125	0.129	0.146	0.137	0.115	0.139	891703.0	1460837.307316
sub-006S0498	0.126	0.103	0.126	0.094	0.088	0.078	0.112	0.125	0.136	0.123	0.135	0.119	0.097	0.105	1066582.0	1636697.177721
sub-006S0731	0.118	0.107	0.116	0.1	0.098	0.08	0.107	0.117	0.142	0.153	0.152	0.135	0.108	0.086	982881.0	1494517.802949
sub-006S4150	0.116	0.094	0.137	0.1	0.086	0.082	0.105	0.114	0.122	0.154	0.15	0.119	0.087	0.131	1054806.0	1605626.307878
sub-006S4357	0.123	0.092	0.123	0.113	0.087	0.079	0.115	0.104	0.135	0.129	0.157	0.132	0.082	0.133	876915.0	1148315.525837
sub-006S4449	0.12	0.104	0.118	0.102	0.084	0.088	0.113	0.114	0.132	0.132	0.141	0.131	0.081	0.089	1207593.0	1792794.524345
sub-006S4485	0.119	0.124	0.132	0.107	0.093	0.094	0.106	0.119	0.132	0.138	0.159	0.142	0.085	0.122	1108943.0	1688758.614764
sub-007S1206	0.104	0.1	0.116	0.105	0.088	0.088	0.111	0.113	0.133	0.13	0.138	0.12	0.099	0.149	1109840.0	1711488.986575
sub-007S1222	0.12	0.099	0.145	0.112	0.117	0.107	0.127	0.127	0.124	0.142	0.158	0.14	0.159	0.138	896150.0	1347342.66089
sub-007S4387	0.114	0.112	0.132	0.107	0.1	0.087	0.128	0.111	0.118	0.132	0.144	0.132	0.112	0.113	934388.0	1387400.721012
sub-007S4488	0.11	0.106	0.115	0.109	0.094	0.087	0.109	0.113	0.136	0.13	0.142	0.135	0.129	0.173	1137958.0	1607405.87503
sub-007S4516	0.121	0.102	0.134	0.115	0.101	0.098	0.122	0.119	0.134	0.128	0.139	0.14	0.108	0.157	1032285.0	1415187.264209
sub-007S4620	0.121	0.09	0.116	0.098	0.095	0.086	0.119	0.109	0.145	0.125	0.131	0.132	0.156	0.119	935229.0	1454466.949158
sub-007S4637	0.123	0.095	0.144	0.106	0.112	0.087	0.129	0.11	0.132	0.148	0.149	0.145	0.112	0.103	927957.0	1309197.040793
sub-009S0751	0.12	0.12	0.131	0.112	0.092	0.094	0.112	0.109	0.118	0.121	0.144	0.124	0.093	0.105	1027155.0	1691257.521957
sub-009S0842	0.115	0.107	0.131	0.102	0.111	0.099	0.119	0.115	0.124	0.142	0.148	0.122	0.11	0.106	1097114.0	1656701.514839
sub-009S4337	0.144	0.121	0.158	0.12	0.12	0.12	0.131	0.125	0.136	0.137	0.146	0.132	0.102	0.112	967708.0	1502186.05902
sub-009S4388	0.126	0.102	0.147	0.107	0.096	0.102	0.112	0.124	0.133	0.128	0.138	0.122	0.107	0.128	1113336.0	1670964.340858
sub-009S4612	0.124	0.119	0.163	0.109	0.101	0.099	0.134	0.124	0.131	0.143	0.142	0.124	0.137	0.143	891416.0	1192550.067527
sub-010S0419	0.101	0.106	0.126	0.108	0.086	0.104	0.106	0.112	0.119	0.127	0.136	0.123	0.124	0.132	1063906.0	1628289.97458
sub-010S0420	0.113	0.115	0.134	0.113	0.105	0.089	0.104	0.131	0.146	0.119	0.149	0.132	0.088	0.142	1027497.0	1503139.446854
sub-010S4345	0.121	0.11	0.128	0.102	0.089	0.08	0.105	0.112	0.122	0.117	0.14	0.123	0.065	0.121	1042921.0	1579937.08795
sub-010S4442	0.135	0.105	0.14	0.13	0.106	0.093	0.167	0.144	0.124	0.15	0.156	0.153	0.084	0.163	963275.0	1230255.159956
sub-011S0021	0.145	0.119	0.138	0.115	0.106	0.125	0.132	0.131	0.134	0.134	0.142	0.134	0.135	0.123	873882.0	1373135.659751
sub-011S0023	0.124	0.103	0.14	0.112	0.102	0.09	0.124	0.112	0.124	0.127	0.144	0.136	0.095	0.144	1008068.0	1537336.193831
sub-011S4075	0.128	0.111	0.11	0.105	0.1	0.098	0.123	0.126	0.138	0.13	0.133	0.129	0.092	0.134	1044879.0	1563584.684012
sub-011S4105	0.113	0.123	0.144	0.113	0.12	0.111	0.131	0.11	0.117	0.117	0.144	0.131	0.095	0.128	944529.0	1471143.5108
sub-011S4120	0.126	0.114	0.124	0.113	0.107	0.096	0.117	0.128	0.155	0.131	0.142	0.146	0.084	0.131	916281.0	1410136.302794
sub-011S4222	0.132	0.133	0.152	0.133	0.127	0.12	0.148	0.125	0.122	0.141	0.143	0.134	0.105	0.103	908207.0	1409857.710323
sub-011S4278	0.108	0.119	0.143	0.111	0.111	0.107	0.119	0.119	0.132	0.141	0.144	0.132	0.119	0.134	985282.0	1590363.320442
sub-012S4026	0.127	0.105	0.122	0.108	0.088	0.079	0.122	0.103	0.135	0.128	0.15	0.155	0.086	0.132	1050425.0	1620670.609621
sub-012S4545	0.146	0.107	0.138	0.116	0.105	0.087	0.126	0.12	0.132	0.155	0.155	0.142	0.103	0.154	1131833.0	1500592.047643
sub-012S4643	0.102	0.109	0.118	0.107	0.078	0.074	0.116	0.1	0.145	0.129	0.145	0.149	0.099	0.194	985283.0	1513785.948144
sub-013S4579	0.146	0.105	0.125	0.101	0.108	0.089	0.123	0.142	0.148	0.138	0.143	0.129	0.106	0.165	885886.0	1441982.438839
sub-013S4580	0.121	0.109	0.131	0.115	0.101	0.096	0.12	0.135	0.149	0.148	0.156	0.146	0.128	0.163	957136.0	1368992.959255
sub-013S4616	0.131	0.113	0.143	0.117	0.122	0.129	0.129	0.127	0.146	0.156	0.15	0.126	0.132	0.173	1031889.0	1835733.260113
sub-013S4731	0.121	0.088	0.118	0.111	0.092	0.079	0.112	0.099	0.115	0.125	0.143	0.118	0.101	0.101	902209.0	1432389.810952
sub-014S0519	0.121	0.105	0.137	0.117	0.113	0.095	0.111	0.117	0.114	0.139	0.14	0.147	0.105	0.142	1015746.0	1534372.101223
sub-014S0520	0.145	0.125	0.135	0.125	0.13	0.129	0.133	0.14	0.14	0.153	0.151	0.144	0.113	0.159	1095798.0	1526919.965463
sub-014S0548	0.119	0.105	0.12	0.1	0.124	0.124	0.121	0.114	0.138	0.159	0.15	0.131	0.121	0.127	1009163.0	1551078.622055
sub-014S4080	0.135	0.122	0.142	0.118	0.119	0.107	0.153	0.149	0.15	0.156	0.167	0.165	0.132	0.127	910854.0	1391923.16458
sub-014S4093	0.141	0.112	0.136	0.115	0.124	0.103	0.124	0.123	0.14	0.128	0.145	0.13	0.101	0.127	1072590.0	1704672.333204
sub-014S4401	0.1	0.115	0.132	0.104	0.094	0.091	0.104	0.12	0.125	0.135	0.135	0.131	0.093	0.136	1075572.0	1470561.153388
sub-014S4576	0.141	0.129	0.146	0.115	0.102	0.122	0.131	0.131	0.132	0.127	0.141	0.13	0.115	0.133	902283.0	1222097.95918
sub-014S4577	0.153	0.115	0.145	0.111	0.143	0.125	0.133	0.128	0.14	0.15	0.153	0.145	0.141	0.142	979468.0	1457798.214596
sub-016S0359	0.149	0.119	0.136	0.115	0.117	0.121	0.132	0.134	0.167	0.14	0.154	0.135	0.131	0.159	779559.0	1204786.766552
sub-016S4097	0.116	0.099	0.137	0.103	0.098	0.092	0.109	0.123	0.135	0.147	0.15	0.133	0.096	0.096	947514.0	1200206.93281
sub-016S4121	0.145	0.111	0.129	0.137	0.125	0.123	0.141	0.126	0.132	0.131	0.149	0.119	0.113	0.16	918187.0	1416440.25552
sub-016S4638	0.13	0.113	0.128	0.118	0.105	0.093	0.114	0.126	0.129	0.13	0.14	0.126	0.14	0.113	1111526.0	1522101.871414
sub-016S4688	0.14	0.104	0.144	0.11	0.125	0.091	0.131	0.124	0.134	0.131	0.137	0.132	0.107	0.105	912553.0	1274897.505263
sub-016S4951	0.131	0.114	0.128	0.118	0.104	0.088	0.122	0.12	0.131	0.135	0.142	0.137	0.099	0.165	974685.0	1381934.595104
sub-016S4952	0.125	0.111	0.15	0.126	0.106	0.09	0.132	0.127	0.119	0.135	0.144	0.15	0.091	0.157	897906.0	1249412.930232
sub-018S0055	0.094	0.09	0.125	0.1	0.087	0.105	0.096	0.12	0.121	0.138	0.143	0.136	0.104	0.139	1068819.0	1860745.580041
sub-018S4257	0.12	0.103	0.127	0.096	0.106	0.099	0.107	0.107	0.123	0.133	0.15	0.135	0.106	0.133	1183019.0	1825085.282837
sub-018S4349	0.114	0.108	0.143	0.11	0.107	0.114	0.118	0.133	0.125	0.136	0.154	0.139	0.091	0.144	1165315.0	1640216.898661
sub-018S4399	0.135	0.1	0.137	0.108	0.094	0.095	0.121	0.12	0.139	0.132	0.146	0.151	0.083	0.093	924171.0	1352778.430478
sub-018S4400	0.129	0.116	0.131	0.107	0.088	0.084	0.117	0.123	0.142	0.139	0.145	0.142	0.11	0.158	979402.0	1484060.559027
sub-019S4367	0.121	0.109	0.14	0.096	0.109	0.102	0.105	0.114	0.134	0.156	0.145	0.131	0.121	0.099	1065435.0	1404780.76974
sub-019S4835	0.11	0.116	0.139	0.125	0.088	0.088	0.109	0.117	0.128	0.144	0.143	0.121	0.096	0.143	1136765.0	1688211.338736
sub-020S1288	0.105	0.113	0.133	0.112	0.09	0.113	0.104	0.107	0.14	0.129	0.145	0.122	0.116	0.131	1193318.0	1686357.566228
sub-021S0159	0.167	0.105	0.148	0.103	0.121	0.093	0.119	0.141	0.136	0.139	0.148	0.147	0.124	0.174	865254.0	1245772.285429
sub-021S0337	0.127	0.11	0.14	0.11	0.117	0.102	0.124	0.134	0.13	0.134	0.15	0.15	0.121	0.124	970742.0	1733726.461237
sub-021S4254	0.119	0.099	0.11	0.101	0.089	0.09	0.124	0.12	0.147	0.139	0.16	0.139	0.165	0.122	813098.0	1226951.352632
sub-021S4276	0.116	0.095	0.119	0.098	0.104	0.101	0.126	0.126	0.132	0.148	0.143	0.129	0.141	0.17	958061.0	1419124.800091
sub-021S4335	0.107	0.103	0.107	0.104	0.102	0.092	0.118	0.117	0.123	0.134	0.139	0.132	0.097	0.115	1002117.0	1363286.127158
sub-021S4421	0.106	0.108	0.123	0.103	0.094	0.093	0.136	0.133	0.139	0.151	0.142	0.12	0.129	0.18	1122552.0	1559761.67399
sub-021S4558	0.128	0.11	0.141	0.111	0.101	0.097	0.113	0.121	0.131	0.141	0.155	0.136	0.099	0.147	984985.0	1335947.604272
sub-022S0096	0.121	0.115	0.14	0.119	0.125	0.123	0.135	0.127	0.119	0.14	0.154	0.13	0.128	0.167	1046938.0	1865691.684976
sub-022S0130	0.118	0.11	0.143	0.115	0.108	0.103	0.115	0.109	0.133	0.145	0.147	0.13	0.116	0.096	1193738.0	1818840.642255
sub-022S4173	0.125	0.105	0.14	0.117	0.095	0.083	0.115	0.123	0.146	0.124	0.141	0.125	0.107	0.093	902879.0	1306038.558225
sub-022S4196	0.126	0.113	0.138	0.105	0.111	0.115	0.121	0.116	0.135	0.151	0.149	0.134	0.112	0.15	1027833.0	2394498.271875
sub-022S4266	0.111	0.108	0.14	0.102	0.089	0.102	0.111	0.106	0.123	0.131	0.13	0.12	0.112	0.144	1073298.0	1505345.851411
sub-022S4291	0.138	0.11	0.123	0.118	0.121	0.106	0.127	0.109	0.14	0.136	0.144	0.118	0.085	0.137	895090.0	1405472.205882
sub-022S4320	0.106	0.103	0.121	0.109	0.102	0.087	0.12	0.119	0.134	0.127	0.137	0.138	0.121	0.12	975691.0	1513895.892783
sub-023S0031	0.109	0.107	0.117	0.116	0.095	0.089	0.115	0.106	0.127	0.14	0.144	0.131	0.114	0.133	852372.0	1329445.163985
sub-023S0058	0.128	0.116	0.152	0.124	0.119	0.133	0.13	0.123	0.14	0.137	0.155	0.129	0.128	0.118	983619.0	1429852.034188
sub-023S0061	0.12	0.115	0.115	0.119	0.11	0.114	0.118	0.124	0.13	0.132	0.141	0.134	0.116	0.102	884651.0	1479244.247951
sub-023S0926	0.116	0.108	0.138	0.109	0.121	0.107	0.116	0.121	0.142	0.144	0.155	0.127	0.112	0.167	978251.0	1480457.697885
sub-023S1190	0.118	0.112	0.129	0.104	0.097	0.096	0.129	0.141	0.14	0.126	0.143	0.145	0.138	0.159	897862.0	1426927.285231
sub-023S4020	0.097	0.097	0.132	0.106	0.098	0.093	0.124	0.121	0.128	0.123	0.136	0.128	0.107	0.1	1130941.0	1617752.58253
sub-023S4164	0.138	0.108	0.143	0.113	0.117	0.122	0.13	0.12	0.131	0.139	0.139	0.135	0.123	0.109	1074326.0	1686602.620685
sub-023S4448	0.119	0.109	0.141	0.112	0.1	0.112	0.123	0.129	0.124	0.133	0.144	0.14	0.108	0.106	1027146.0	1412208.270176
sub-024S0985	0.121	0.096	0.115	0.1	0.084	0.075	0.113	0.097	0.133	0.127	0.129	0.127	0.145	0.118	764176.0	1331963.616711
sub-024S4084	0.136	0.114	0.144	0.111	0.092	0.095	0.118	0.105	0.115	0.152	0.147	0.121	0.094	0.098	1054847.0	1473387.09007
sub-024S4158	0.147	0.105	0.125	0.118	0.109	0.085	0.122	0.123	0.144	0.144	0.155	0.138	0.116	0.172	888200.0	1445341.188842
sub-027S0074	0.111	0.113	0.124	0.109	0.086	0.09	0.115	0.108	0.117	0.143	0.152	0.135	0.104	0.139	965883.0	1606683.180919
sub-027S0120	0.123	0.121	0.129	0.115	0.104	0.087	0.113	0.115	0.146	0.151	0.143	0.122	0.136	0.114	1051241.0	1537996.243965
sub-029S0824	0.137	0.1	0.102	0.104	0.114	0.075	0.129	0.113	0.124	0.119	0.137	0.127	0.126	0.16	934723.0	1470856.047405
sub-029S4279	0.128	0.105	0.125	0.106	0.11	0.079	0.134	0.139	0.138	0.151	0.149	0.13	0.131	0.089	955306.0	1473247.886144
sub-029S4290	0.116	0.11	0.127	0.109	0.108	0.093	0.114	0.13	0.144	0.151	0.145	0.134	0.119	0.152	1039277.0	1629681.569519
sub-029S4384	0.139	0.115	0.131	0.127	0.1	0.086	0.118	0.113	0.125	0.143	0.14	0.132	0.112	0.15	1069591.0	1461022.764941
sub-029S4385	0.124	0.126	0.124	0.124	0.119	0.108	0.142	0.12	0.133	0.142	0.145	0.128	0.129	0.099	903546.0	1323205.82315
sub-029S4585	0.121	0.107	0.117	0.114	0.107	0.108	0.12	0.125	0.13	0.139	0.146	0.149	0.095	0.105	1034952.0	1495842.569267
sub-029S4652	0.128	0.12	0.129	0.113	0.132	0.106	0.13	0.118	0.142	0.133	0.143	0.123	0.125	0.166	996503.0	1602224.576237
sub-031S0618	0.106	0.103	0.14	0.102	0.099	0.111	0.111	0.118	0.138	0.14	0.138	0.134	0.097	0.122	1052794.0	1457587.312761
sub-031S4021	0.122	0.109	0.126	0.094	0.081	0.095	0.101	0.101	0.119	0.146	0.156	0.131	0.094	0.142	1037869.0	1645923.380834
sub-031S4032	0.118	0.1	0.122	0.109	0.081	0.077	0.118	0.113	0.14	0.146	0.156	0.139	0.114	0.105	880979.0	1069381.348114
sub-031S4218	0.113	0.11	0.13	0.118	0.089	0.09	0.114	0.108	0.131	0.131	0.147	0.128	0.1	0.099	1058542.0	1684670.921817
sub-031S4474	0.123	0.108	0.133	0.109	0.114	0.101	0.126	0.107	0.131	0.147	0.155	0.143	0.109	0.089	1030673.0	1769607.560528
sub-031S4496	0.121	0.113	0.118	0.093	0.087	0.081	0.118	0.111	0.125	0.141	0.153	0.143	0.091	0.124	970835.0	1526209.661023
sub-032S0479	0.119	0.11	0.152	0.113	0.105	0.112	0.134	0.131	0.125	0.133	0.141	0.129	0.123	0.089	990126.0	1547150.622092
sub-032S0677	0.133	0.115	0.123	0.112	0.112	0.111	0.117	0.114	0.13	0.132	0.149	0.134	0.12	0.136	1010056.0	1528490.940716
sub-032S1169	0.102	0.087	0.135	0.113	0.109	0.112	0.104	0.114	0.122	0.115	0.132	0.127	0.133	0.102	933539.0	1561276.878402
sub-032S4277	0.127	0.117	0.14	0.119	0.097	0.088	0.122	0.116	0.147	0.149	0.15	0.143	0.126	0.096	902223.0	1274512.512789
sub-032S4304	0.133	0.119	0.132	0.108	0.105	0.11	0.123	0.133	0.129	0.133	0.164	0.151	0.113	0.15	978837.0	1526609.580507
sub-032S4348	0.12	0.115	0.126	0.105	0.087	0.084	0.112	0.116	0.12	0.129	0.144	0.135	0.084	0.123	882803.0	1293885.870067
sub-032S4386	0.131	0.12	0.129	0.106	0.126	0.124	0.126	0.119	0.146	0.124	0.147	0.138	0.134	0.138	919554.0	1386114.843536
sub-032S4429	0.124	0.112	0.136	0.112	0.104	0.098	0.126	0.125	0.128	0.125	0.137	0.137	0.113	0.101	1068893.0	1614706.866069
sub-032S4921	0.114	0.105	0.133	0.107	0.11	0.108	0.111	0.11	0.124	0.131	0.143	0.135	0.1	0.149	1133830.0	1721022.937334
sub-033S0734	0.111	0.108	0.138	0.103	0.108	0.087	0.114	0.122	0.137	0.129	0.14	0.124	0.108	0.164	1024865.0	1579572.255923
sub-033S0741	0.104	0.099	0.118	0.102	0.09	0.072	0.111	0.118	0.14	0.127	0.143	0.128	0.128	0.142	972685.0	1493875.144498
sub-033S0920	0.111	0.118	0.126	0.101	0.097	0.094	0.108	0.132	0.123	0.144	0.144	0.135	0.126	0.167	815946.0	1384241.903544
sub-033S0923	0.104	0.1	0.135	0.116	0.1	0.095	0.106	0.118	0.12	0.136	0.145	0.129	0.129	0.147	943450.0	1507713.409069
sub-033S1016	0.135	0.114	0.168	0.111	0.098	0.095	0.124	0.118	0.137	0.14	0.15	0.135	0.098	0.152	975104.0	1346424.173932
sub-033S1098	0.136	0.108	0.131	0.115	0.093	0.093	0.129	0.127	0.152	0.127	0.147	0.131	0.131	0.124	826712.0	1184105.295781
sub-033S4176	0.127	0.112	0.135	0.105	0.093	0.092	0.102	0.132	0.142	0.134	0.144	0.127	0.129	0.094	1075212.0	1686863.417342
sub-033S4177	0.116	0.095	0.111	0.097	0.087	0.074	0.101	0.109	0.121	0.113	0.14	0.126	0.097	0.082	1104119.0	1732747.022062
sub-033S4179	0.116	0.107	0.14	0.1	0.108	0.112	0.108	0.116	0.128	0.127	0.138	0.104	0.107	0.135	1131945.0	1748549.249966
sub-033S4505	0.121	0.12	0.114	0.118	0.096	0.082	0.133	0.129	0.145	0.119	0.135	0.145	0.105	0.104	846083.0	1408363.70729
sub-033S4508	0.14	0.117	0.14	0.119	0.093	0.088	0.122	0.123	0.129	0.126	0.153	0.14	0.089	0.143	981959.0	1484636.260151
sub-035S0156	0.117	0.113	0.155	0.125	0.119	0.125	0.116	0.108	0.135	0.123	0.147	0.139	0.123	0.116	981862.0	1597232.044265
sub-035S0555	0.136	0.099	0.118	0.098	0.089	0.086	0.113	0.117	0.123	0.123	0.14	0.117	0.133	0.112	1103615.0	1797852.000764
sub-035S4082	0.11	0.102	0.127	0.1	0.104	0.104	0.101	0.115	0.119	0.143	0.14	0.129	0.109	0.149	1252418.0	1912235.938355
sub-035S4464	0.125	0.115	0.134	0.105	0.106	0.098	0.12	0.116	0.121	0.128	0.15	0.139	0.094	0.08	1052696.0	1579643.559775
sub-036S1023	0.133	0.108	0.127	0.095	0.085	0.089	0.126	0.13	0.137	0.143	0.147	0.125	0.104	0.148	885513.0	1348046.193222
sub-036S4389	0.123	0.117	0.116	0.118	0.091	0.104	0.119	0.12	0.132	0.131	0.145	0.15	0.131	0.163	1179385.0	1753629.271998
sub-036S4491	0.129	0.112	0.131	0.111	0.094	0.079	0.112	0.116	0.149	0.125	0.145	0.146	0.094	0.134	930234.0	1523912.727469
sub-036S4878	0.142	0.118	0.146	0.113	0.102	0.084	0.123	0.123	0.142	0.144	0.16	0.136	0.098	0.15	879157.0	1276010.437744
sub-037S0303	0.118	0.114	0.112	0.109	0.098	0.086	0.117	0.114	0.121	0.123	0.14	0.122	0.128	0.146	921436.0	1481218.005028
sub-037S0454	0.121	0.117	0.127	0.118	0.085	0.083	0.112	0.125	0.131	0.126	0.147	0.145	0.123	0.14	935356.0	1437657.644648
sub-037S0467	0.136	0.112	0.122	0.125	0.108	0.101	0.121	0.119	0.127	0.123	0.147	0.138	0.127	0.173	961726.0	1543469.702011
sub-037S4028	0.102	0.114	0.144	0.106	0.113	0.085	0.116	0.115	0.133	0.119	0.146	0.128	0.117	0.109	961021.0	1287136.959764
sub-037S4071	0.131	0.101	0.131	0.097	0.121	0.117	0.112	0.117	0.127	0.144	0.15	0.128	0.136	0.133	1081563.0	1666989.101814
sub-037S4308	0.119	0.102	0.121	0.115	0.101	0.097	0.117	0.126	0.123	0.119	0.142	0.135	0.122	0.159	1057861.0	1730173.741198
sub-037S4410	0.123	0.106	0.146	0.105	0.082	0.077	0.111	0.114	0.129	0.13	0.146	0.147	0.125	0.14	940815.0	1325921.065453
sub-041S4014	0.133	0.112	0.121	0.12	0.126	0.108	0.125	0.128	0.138	0.129	0.136	0.131	0.153	0.125	1077521.0	1796166.627148
sub-041S4037	0.124	0.117	0.131	0.116	0.13	0.108	0.135	0.14	0.141	0.134	0.144	0.148	0.142	0.187	1115838.0	1721186.437662
sub-041S4041	0.125	0.1	0.127	0.113	0.105	0.111	0.13	0.127	0.137	0.14	0.157	0.144	0.139	0.149	777237.0	1201667.548555
sub-041S4060	0.12	0.114	0.133	0.116	0.092	0.085	0.119	0.119	0.141	0.139	0.138	0.152	0.132	0.101	1052134.0	1631735.301404
sub-041S4083	0.133	0.102	0.122	0.103	0.089	0.1	0.11	0.113	0.126	0.125	0.136	0.113	0.119	0.147	1040905.0	1677110.366135
sub-041S4200	0.119	0.108	0.129	0.118	0.104	0.092	0.121	0.126	0.141	0.136	0.159	0.125	0.118	0.123	1014730.0	1498221.236319
sub-041S4427	0.127	0.117	0.13	0.117	0.133	0.119	0.115	0.118	0.123	0.144	0.149	0.157	0.086	0.114	1182844.0	1753480.622528
sub-041S4509	0.127	0.121	0.142	0.12	0.107	0.099	0.124	0.122	0.135	0.144	0.153	0.13	0.123	0.162	932175.0	1384908.452117
sub-051S1123	0.117	0.101	0.155	0.105	0.098	0.1	0.107	0.12	0.13	0.14	0.144	0.134	0.09	0.14	848945.0	1393956.185082
sub-052S0951	0.105	0.107	0.14	0.12	0.114	0.107	0.109	0.119	0.128	0.144	0.15	0.127	0.096	0.146	1030154.0	1663979.822
sub-052S1250	0.101	0.123	0.184	0.129	0.136	0.109	0.134	0.139	0.155	0.142	0.141	0.134	0.131	0.154	960542.0	1239581.035099
sub-053S4578	0.103	0.117	0.144	0.117	0.107	0.097	0.116	0.12	0.141	0.153	0.146	0.139	0.094	0.12	1162496.0	1647336.989424
sub-057S0934	0.122	0.108	0.12	0.093	0.099	0.119	0.119	0.11	0.14	0.123	0.139	0.128	0.12	0.19	879661.0	1321735.353185
sub-067S0056	0.152	0.11	0.139	0.101	0.102	0.091	0.124	0.11	0.114	0.131	0.15	0.137	0.096	0.126	887621.0	1223450.781435
sub-067S0059	0.124	0.101	0.141	0.106	0.116	0.112	0.126	0.131	0.138	0.127	0.143	0.138	0.109	0.141	824439.0	1219933.426277
sub-067S0257	0.133	0.117	0.145	0.113	0.134	0.115	0.124	0.128	0.128	0.149	0.155	0.145	0.131	0.173	791542.0	1308719.260697
sub-068S0127	0.134	0.117	0.141	0.107	0.125	0.119	0.139	0.13	0.147	0.147	0.153	0.148	0.107	0.162	911169.0	1488107.863495
sub-068S0210	0.141	0.119	0.145	0.119	0.099	0.086	0.125	0.143	0.138	0.123	0.145	0.152	0.099	0.094	889057.0	1319890.022188
sub-068S0473	0.121	0.098	0.132	0.112	0.101	0.089	0.117	0.128	0.132	0.14	0.149	0.142	0.131	0.164	1039079.0	1594956.226897
sub-068S4174	0.132	0.125	0.134	0.114	0.089	0.09	0.121	0.123	0.131	0.154	0.153	0.149	0.093	0.13	998369.0	1325987.66102
sub-068S4340	0.138	0.109	0.131	0.122	0.096	0.092	0.121	0.129	0.134	0.132	0.15	0.143	0.086	0.105	1148701.0	1598231.936423
sub-068S4424	0.145	0.114	0.141	0.116	0.117	0.089	0.113	0.111	0.132	0.131	0.148	0.128	0.095	0.154	910342.0	1214092.414278
sub-070S4856	0.141	0.122	0.135	0.118	0.119	0.104	0.131	0.126	0.125	0.147	0.148	0.133	0.108	0.101	983708.0	1502186.473274
sub-070S5040	0.121	0.117	0.138	0.11	0.101	0.107	0.124	0.138	0.148	0.126	0.154	0.137	0.089	0.142	907605.0	1307643.881453
sub-072S0315	0.119	0.105	0.139	0.1	0.103	0.101	0.105	0.102	0.12	0.134	0.149	0.135	0.085	0.102	1134283.0	1653131.838186
sub-072S4103	0.159	0.137	0.134	0.123	0.125	0.111	0.139	0.133	0.144	0.143	0.153	0.138	0.148	0.134	820879.0	1228448.09368
sub-072S4391	0.129	0.108	0.138	0.112	0.094	0.083	0.123	0.125	0.124	0.135	0.149	0.117	0.101	0.141	890687.0	1341221.071702
sub-073S0089	0.113	0.136	0.138	0.123	0.114	0.096	0.116	0.117	0.13	0.145	0.147	0.128	0.12	0.16	1039424.0	1511067.24314
sub-073S0311	0.131	0.117	0.135	0.124	0.113	0.117	0.136	0.134	0.149	0.127	0.14	0.146	0.134	0.125	779809.0	1338137.314322
sub-073S4155	0.13	0.114	0.129	0.113	0.107	0.089	0.132	0.12	0.146	0.126	0.148	0.152	0.116	0.104	918833.0	1344107.224638
sub-073S4382	0.155	0.12	0.133	0.12	0.122	0.107	0.135	0.123	0.137	0.14	0.148	0.144	0.103	0.127	847802.0	1241673.439848
sub-073S4393	0.111	0.106	0.132	0.1	0.098	0.092	0.109	0.118	0.119	0.116	0.126	0.126	0.114	0.132	1240770.0	1789425.066282
sub-073S4552	0.112	0.116	0.135	0.107	0.099	0.099	0.11	0.103	0.121	0.141	0.148	0.135	0.1	0.087	1126955.0	1685212.428787
sub-073S4559	0.146	0.109	0.134	0.104	0.103	0.097	0.112	0.11	0.123	0.165	0.147	0.137	0.128	0.141	972049.0	1388380.584881
sub-073S4739	0.131	0.114	0.129	0.105	0.1	0.079	0.115	0.121	0.132	0.141	0.137	0.128	0.103	0.11	1062608.0	1595360.439445
sub-073S4762	0.122	0.102	0.123	0.109	0.089	0.084	0.109	0.102	0.141	0.125	0.145	0.13	0.116	0.095	942430.0	1393638.546504
sub-073S4795	0.115	0.113	0.135	0.103	0.087	0.094	0.11	0.116	0.13	0.152	0.139	0.131	0.129	0.138	1263893.0	1647276.214072
sub-073S5023	0.126	0.111	0.142	0.115	0.12	0.105	0.123	0.118	0.136	0.134	0.152	0.142	0.12	0.094	1026345.0	1495719.487634
sub-082S1256	0.125	0.113	0.138	0.109	0.11	0.111	0.121	0.116	0.137	0.154	0.157	0.136	0.121	0.125	898510.0	1317062.030323
sub-082S4090	0.125	0.127	0.127	0.118	0.114	0.104	0.119	0.124	0.145	0.133	0.149	0.144	0.119	0.144	1038096.0	1530012.434958
sub-082S4208	0.134	0.106	0.128	0.105	0.089	0.085	0.117	0.12	0.133	0.127	0.151	0.129	0.101	0.151	1043324.0	1686843.567498
sub-082S4224	0.109	0.116	0.132	0.124	0.124	0.1	0.111	0.119	0.138	0.142	0.137	0.136	0.128	0.114	1088330.0	1639435.459284
sub-082S4339	0.127	0.106	0.136	0.11	0.138	0.141	0.129	0.107	0.12	0.137	0.125	0.131	0.122	0.091	1068030.0	1691117.683099
sub-082S4428	0.111	0.107	0.126	0.115	0.111	0.091	0.113	0.115	0.125	0.13	0.148	0.126	0.127	0.089	1145116.0	1634487.234321
sub-094S4234	0.127	0.103	0.128	0.112	0.118	0.084	0.117	0.124	0.118	0.146	0.159	0.127	0.094	0.15	1011653.0	1480659.842449
sub-094S4459	0.112	0.118	0.127	0.104	0.088	0.092	0.114	0.118	0.118	0.127	0.142	0.123	0.109	0.134	979440.0	1366347.86492
sub-094S4460	0.15	0.131	0.133	0.121	0.103	0.09	0.113	0.122	0.112	0.142	0.133	0.129	0.124	0.114	931635.0	1251929.392674
sub-094S4503	0.115	0.108	0.119	0.107	0.11	0.111	0.138	0.119	0.13	0.122	0.141	0.121	0.117	0.144	987322.0	1511371.479389
sub-094S4560	0.118	0.102	0.131	0.111	0.092	0.083	0.112	0.102	0.142	0.127	0.135	0.123	0.12	0.134	887630.0	1262059.323991
sub-094S4649	0.142	0.121	0.14	0.147	0.143	0.149	0.166	0.168	0.131	0.148	0.147	0.14	0.153	0.129	1123751.0	1593247.751524
sub-098S0171	0.142	0.125	0.138	0.125	0.125	0.11	0.125	0.119	0.128	0.14	0.152	0.121	0.119	0.115	821536.0	1367200.402152
sub-098S0172	0.116	0.11	0.133	0.103	0.113	0.099	0.108	0.109	0.116	0.143	0.142	0.127	0.087	0.132	945676.0	1428963.080323
sub-098S0896	0.139	0.096	0.146	0.102	0.104	0.113	0.119	0.124	0.127	0.151	0.155	0.144	0.133	0.174	1074167.0	1751610.922614
sub-098S4002	0.111	0.096	0.12	0.101	0.097	0.095	0.124	0.124	0.126	0.121	0.137	0.131	0.097	0.094	1021016.0	1487256.544757
sub-098S4003	0.127	0.114	0.126	0.109	0.096	0.08	0.128	0.127	0.136	0.131	0.137	0.148	0.104	0.15	937958.0	1412115.771445
sub-098S4018	0.126	0.108	0.102	0.116	0.105	0.092	0.122	0.128	0.135	0.123	0.148	0.138	0.103	0.194	998206.0	1520072.022625
sub-098S4050	0.115	0.116	0.124	0.101	0.082	0.086	0.121	0.116	0.131	0.139	0.145	0.131	0.101	0.123	1095710.0	1578147.529467
sub-098S4275	0.121	0.121	0.117	0.118	0.104	0.11	0.123	0.119	0.123	0.135	0.141	0.127	0.119	0.106	1144849.0	1654769.966238
sub-098S4506	0.126	0.108	0.113	0.105	0.103	0.089	0.122	0.121	0.129	0.124	0.136	0.129	0.099	0.147	1001515.0	1487482.213176
sub-099S0352	0.141	0.098	0.121	0.121	0.113	0.083	0.122	0.141	0.126	0.149	0.159	0.136	0.15	0.095	661686.0	1272905.556113
sub-099S4076	0.113	0.106	0.118	0.099	0.09	0.077	0.111	0.114	0.128	0.121	0.139	0.137	0.087	0.15	957819.0	1458660.399777
sub-099S4086	0.186	0.124	0.165	0.126	0.128	0.109	0.141	0.143	0.143	0.145	0.163	0.155	0.131	0.116	734447.0	1276256.281275
sub-099S4104	0.11	0.102	0.098	0.085	0.104	0.092	0.121	0.117	0.12	0.131	0.129	0.13	0.102	0.168	992999.0	1395868.638256
sub-100S0069	0.117	0.091	0.129	0.095	0.088	0.086	0.12	0.114	0.11	0.131	0.146	0.144	0.103	0.137	1112095.0	1706538.990091
sub-100S1286	0.13	0.119	0.147	0.112	0.123	0.126	0.133	0.121	0.133	0.151	0.158	0.147	0.095	0.129	1020766.0	1636358.095757
sub-100S4469	0.127	0.126	0.123	0.127	0.092	0.097	0.122	0.11	0.134	0.196	0.159	0.134	0.114	0.118	1025085.0	1413887.065383
sub-100S4511	0.121	0.109	0.128	0.11	0.084	0.083	0.11	0.114	0.14	0.141	0.157	0.14	0.144	0.122	1107206.0	1577717.109209
sub-100S5246	0.133	0.105	0.129	0.101	0.088	0.069	0.105	0.129	0.132	0.125	0.146	0.135	0.118	0.162	842925.0	1319757.526868
sub-109S4499	0.144	0.108	0.147	0.116	0.12	0.125	0.128	0.129	0.134	0.135	0.136	0.142	0.091	0.124	1035683.0	1456787.948436
sub-114S0166	0.13	0.122	0.159	0.116	0.12	0.091	0.142	0.128	0.129	0.137	0.155	0.154	0.138	0.142	843279.0	1496834.395829
sub-114S0173	0.12	0.107	0.132	0.116	0.106	0.094	0.118	0.126	0.127	0.13	0.134	0.136	0.131	0.151	1003455.0	1636039.791441
sub-114S0416	0.128	0.115	0.122	0.125	0.103	0.106	0.126	0.119	0.135	0.123	0.142	0.137	0.139	0.103	785567.0	1349457.69301
sub-116S0382	0.122	0.11	0.154	0.117	0.126	0.123	0.111	0.114	0.128	0.139	0.149	0.14	0.092	0.113	981811.0	1542724.987152
sub-116S1232	0.115	0.096	0.129	0.115	0.109	0.11	0.103	0.115	0.128	0.15	0.149	0.137	0.096	0.13	947672.0	1402340.158131
sub-116S1249	0.117	0.105	0.138	0.101	0.11	0.091	0.116	0.106	0.109	0.14	0.15	0.14	0.122	0.094	874336.0	1398822.487137
sub-116S4010	0.139	0.114	0.141	0.1	0.094	0.076	0.12	0.111	0.135	0.134	0.143	0.134	0.096	0.099	878982.0	1293803.202484
sub-116S4043	0.111	0.103	0.139	0.097	0.09	0.08	0.109	0.107	0.12	0.127	0.137	0.128	0.106	0.125	1034351.0	1593845.076005
sub-116S4092	0.111	0.111	0.126	0.113	0.098	0.108	0.128	0.113	0.125	0.124	0.13	0.128	0.114	0.155	998241.0	1553870.206662
sub-116S4453	0.14	0.118	0.133	0.122	0.127	0.115	0.133	0.125	0.132	0.145	0.154	0.142	0.132	0.15	1034264.0	1590429.874853
sub-116S4483	0.113	0.098	0.142	0.096	0.084	0.107	0.104	0.122	0.118	0.127	0.131	0.127	0.112	0.13	961653.0	1395492.925523
sub-116S4855	0.13	0.094	0.12	0.107	0.111	0.099	0.117	0.122	0.122	0.131	0.147	0.132	0.116	0.166	1009425.0	1627013.651235
sub-123S0072	0.129	0.114	0.143	0.109	0.116	0.106	0.119	0.123	0.145	0.158	0.147	0.154	0.12	0.147	1035520.0	1578423.426613
sub-123S0106	0.123	0.105	0.122	0.113	0.103	0.099	0.109	0.12	0.133	0.13	0.139	0.136	0.125	0.097	1110821.0	1853270.623146
sub-123S0113	0.16	0.121	0.156	0.118	0.122	0.123	0.121	0.102	0.122	0.166	0.155	0.132	0.105	0.136	1029499.0	1812763.655098
sub-123S0298	0.118	0.101	0.133	0.096	0.098	0.087	0.111	0.107	0.139	0.136	0.144	0.127	0.115	0.103	991925.0	1467119.605332
sub-123S4362	0.132	0.116	0.138	0.1	0.086	0.095	0.12	0.104	0.134	0.146	0.153	0.129	0.075	0.101	1003610.0	1390485.958101
sub-126S0605	0.118	0.113	0.123	0.103	0.095	0.096	0.116	0.129	0.152	0.125	0.136	0.113	0.137	0.166	1132385.0	1778415.328252
sub-126S0680	0.105	0.101	0.141	0.103	0.089	0.102	0.099	0.113	0.121	0.121	0.136	0.126	0.105	0.143	879440.0	1393491.426201
sub-127S0259	0.144	0.119	0.122	0.122	0.118	0.104	0.119	0.117	0.151	0.123	0.14	0.127	0.122	0.137	827287.0	1375509.628708
sub-127S0260	0.118	0.099	0.124	0.098	0.086	0.077	0.12	0.132	0.144	0.144	0.159	0.141	0.137	0.161	863171.0	1284379.598125
sub-127S4148	0.133	0.125	0.117	0.111	0.11	0.096	0.127	0.11	0.146	0.141	0.156	0.136	0.096	0.121	1078569.0	1539977.187279
sub-127S4198	0.11	0.112	0.12	0.107	0.097	0.095	0.131	0.121	0.128	0.135	0.138	0.139	0.156	0.111	926816.0	1370157.410328
sub-127S4604	0.126	0.113	0.124	0.106	0.1	0.092	0.122	0.102	0.124	0.124	0.141	0.14	0.113	0.122	1178423.0	1794293.095085
sub-127S4645	0.139	0.109	0.108	0.112	0.121	0.085	0.122	0.115	0.129	0.127	0.14	0.135	0.134	0.106	1015065.0	1506748.655051
sub-127S4843	0.128	0.118	0.124	0.119	0.113	0.092	0.13	0.124	0.122	0.114	0.138	0.129	0.101	0.127	1078415.0	1577433.084299
sub-128S0229	0.123	0.109	0.133	0.091	0.111	0.117	0.117	0.135	0.134	0.144	0.15	0.134	0.106	0.121	881260.0	1364944.150402
sub-128S0230	0.121	0.11	0.116	0.116	0.109	0.097	0.112	0.121	0.135	0.133	0.144	0.139	0.153	0.157	1034381.0	1761625.955423
sub-128S0272	0.117	0.104	0.133	0.105	0.104	0.119	0.108	0.122	0.121	0.119	0.137	0.124	0.091	0.163	1046458.0	1623144.744601
sub-128S0522	0.118	0.104	0.133	0.098	0.105	0.089	0.108	0.105	0.122	0.137	0.155	0.157	0.118	0.146	1048302.0	1780563.276524
sub-128S0545	0.115	0.105	0.135	0.111	0.117	0.1	0.109	0.12	0.12	0.137	0.135	0.142	0.107	0.167	1108565.0	1809132.910046
sub-128S0863	0.113	0.109	0.148	0.121	0.107	0.114	0.123	0.123	0.134	0.155	0.154	0.156	0.148	0.179	971305.0	1662631.395346
sub-128S1242	0.112	0.112	0.134	0.12	0.114	0.12	0.119	0.125	0.129	0.141	0.149	0.126	0.133	0.108	887995.0	1394566.904681
sub-128S4586	0.125	0.126	0.128	0.122	0.114	0.11	0.132	0.131	0.146	0.138	0.144	0.149	0.139	0.14	1014479.0	1596258.505287
sub-128S4599	0.11	0.102	0.132	0.109	0.09	0.088	0.114	0.127	0.13	0.135	0.15	0.14	0.104	0.094	1251424.0	1724565.254916
sub-128S4607	0.116	0.105	0.128	0.119	0.104	0.08	0.116	0.117	0.123	0.135	0.139	0.125	0.111	0.126	1045573.0	1477553.966179
sub-128S4609	0.133	0.122	0.139	0.107	0.109	0.092	0.123	0.114	0.128	0.13	0.145	0.141	0.128	0.146	907456.0	1416626.154457
sub-128S4832	0.12	0.102	0.138	0.117	0.116	0.112	0.119	0.12	0.134	0.126	0.146	0.12	0.114	0.125	1103826.0	1632655.551223
sub-129S0778	0.114	0.099	0.129	0.115	0.116	0.092	0.134	0.135	0.126	0.119	0.143	0.135	0.12	0.114	956630.0	1533577.273602
sub-129S4369	0.141	0.123	0.135	0.113	0.106	0.09	0.119	0.129	0.148	0.14	0.151	0.132	0.1	0.13	1009920.0	1362526.044775
sub-129S4371	0.12	0.093	0.114	0.11	0.095	0.082	0.122	0.111	0.133	0.13	0.147	0.118	0.078	0.124	960702.0	1374319.53865
sub-129S4396	0.127	0.11	0.117	0.109	0.084	0.072	0.112	0.112	0.115	0.12	0.144	0.121	0.115	0.128	861849.0	1268612.638669
sub-129S4422	0.139	0.117	0.131	0.115	0.101	0.077	0.106	0.127	0.119	0.126	0.143	0.135	0.101	0.088	931477.0	1351727.50621
sub-130S0232	0.133	0.105	0.151	0.118	0.11	0.113	0.124	0.14	0.145	0.149	0.144	0.13	0.138	0.102	1053283.0	1726766.547186
sub-130S0886	0.109	0.107	0.134	0.119	0.102	0.106	0.123	0.113	0.131	0.136	0.148	0.135	0.131	0.108	937068.0	1410910.126175
sub-130S0969	0.162	0.114	0.133	0.105	0.115	0.093	0.11	0.129	0.128	0.145	0.148	0.124	0.117	0.096	1045619.0	1649002.749342
sub-130S4343	0.094	0.098	0.114	0.104	0.077	0.071	0.113	0.108	0.13	0.133	0.142	0.139	0.103	0.1	1043510.0	1540315.535403
sub-130S4352	0.11	0.11	0.123	0.117	0.082	0.087	0.122	0.134	0.139	0.148	0.148	0.127	0.104	0.161	1013218.0	1607615.551063
sub-131S0123	0.115	0.107	0.123	0.113	0.098	0.095	0.131	0.14	0.126	0.133	0.145	0.13	0.166	0.135	863623.0	1298518.865268
sub-131S0441	0.137	0.101	0.124	0.112	0.126	0.121	0.141	0.114	0.154	0.152	0.155	0.157	0.127	0.162	920637.0	1387284.002844
sub-135S4446	0.147	0.125	0.146	0.128	0.117	0.11	0.128	0.136	0.129	0.129	0.145	0.143	0.108	0.144	946630.0	1380782.24791
sub-135S4566	0.134	0.11	0.119	0.117	0.112	0.106	0.13	0.113	0.136	0.121	0.143	0.142	0.144	0.16	956429.0	1503001.337962
sub-135S4598	0.138	0.12	0.127	0.112	0.101	0.082	0.115	0.116	0.127	0.125	0.154	0.135	0.098	0.082	1049064.0	1521597.195116
sub-136S0186	0.116	0.109	0.126	0.1	0.098	0.084	0.131	0.129	0.131	0.13	0.143	0.136	0.082	0.143	1031515.0	1573694.729086
sub-136S4269	0.124	0.116	0.165	0.107	0.121	0.098	0.121	0.121	0.12	0.13	0.151	0.144	0.108	0.133	1004439.0	1497608.190219
sub-136S4433	0.116	0.114	0.126	0.105	0.091	0.095	0.125	0.115	0.126	0.136	0.143	0.14	0.117	0.142	979850.0	1389364.196233
sub-136S4726	0.116	0.115	0.144	0.098	0.09	0.108	0.105	0.113	0.133	0.122	0.149	0.129	0.102	0.081	1119964.0	1557192.208811
sub-136S4727	0.128	0.112	0.123	0.108	0.084	0.07	0.113	0.12	0.125	0.134	0.16	0.141	0.099	0.123	906361.0	1377380.590077
sub-137S0301	0.118	0.102	0.127	0.102	0.088	0.089	0.104	0.103	0.124	0.127	0.141	0.126	0.103	0.147	1015579.0	1451280.648767
sub-137S0972	0.116	0.096	0.115	0.103	0.081	0.074	0.106	0.118	0.129	0.133	0.147	0.131	0.14	0.143	935531.0	1465760.533881
sub-137S4466	0.125	0.096	0.123	0.098	0.096	0.086	0.105	0.108	0.125	0.139	0.149	0.136	0.113	0.171	1003904.0	1530749.512418
sub-137S4482	0.117	0.114	0.119	0.113	0.098	0.081	0.127	0.123	0.141	0.12	0.139	0.134	0.126	0.115	900937.0	1389805.520956
sub-137S4520	0.106	0.117	0.141	0.106	0.087	0.113	0.116	0.114	0.127	0.15	0.141	0.128	0.102	0.122	1157410.0	1577581.708708
sub-137S4587	0.106	0.11	0.129	0.106	0.1	0.091	0.119	0.119	0.126	0.144	0.153	0.129	0.111	0.144	922113.0	1377212.508159
sub-137S4632	0.107	0.104	0.131	0.091	0.092	0.082	0.106	0.127	0.127	0.135	0.14	0.126	0.127	0.15	1116547.0	1639418.683536
sub-141S0717	0.16	0.126	0.129	0.123	0.139	0.125	0.152	0.143	0.141	0.16	0.162	0.135	0.136	0.119	1131498.0	1813448.206093
sub-141S0767	0.129	0.121	0.138	0.115	0.098	0.096	0.127	0.116	0.132	0.149	0.14	0.133	0.115	0.165	906588.0	1297735.585428
sub-153S4125	0.139	0.121	0.127	0.114	0.1	0.112	0.119	0.104	0.127	0.125	0.152	0.128	0.088	0.122	894695.0	1308163.914274
sub-153S4139	0.131	0.108	0.143	0.1	0.089	0.081	0.112	0.12	0.135	0.137	0.148	0.133	0.097	0.141	883531.0	1276535.224567
sub-153S4151	0.144	0.113	0.122	0.118	0.104	0.095	0.138	0.129	0.142	0.124	0.151	0.136	0.121	0.094	861078.0	1314784.546112
sub-153S4372	0.14	0.108	0.12	0.114	0.108	0.093	0.126	0.116	0.133	0.126	0.144	0.142	0.111	0.159	915746.0	1350920.617123
sub-941S1195	0.127	0.118	0.133	0.108	0.106	0.111	0.121	0.127	0.133	0.122	0.131	0.137	0.148	0.142	1003304.0	1587230.896674
sub-941S1202	0.126	0.108	0.097	0.098	0.101	0.099	0.125	0.117	0.142	0.144	0.155	0.136	0.148	0.124	990794.0	1632443.695868
sub-941S1203	0.152	0.11	0.125	0.112	0.115	0.101	0.148	0.152	0.148	0.132	0.139	0.157	0.109	0.143	881116.0	1406361.694575
sub-941S4066	0.129	0.137	0.135	0.127	0.103	0.111	0.142	0.131	0.137	0.13	0.158	0.132	0.121	0.134	877640.0	1423322.903793
sub-941S4100	0.13	0.125	0.133	0.137	0.112	0.08	0.118	0.123	0.139	0.142	0.154	0.142	0.114	0.142	1013370.0	1579475.76931
sub-941S4255	0.139	0.115	0.14	0.122	0.109	0.116	0.115	0.126	0.127	0.127	0.143	0.13	0.125	0.159	1035029.0	1602607.335152
sub-941S4292	0.128	0.111	0.132	0.11	0.1	0.094	0.116	0.119	0.123	0.123	0.145	0.146	0.111	0.121	999881.0	1484738.773689
sub-941S4365	0.135	0.104	0.141	0.109	0.142	0.126	0.134	0.111	0.126	0.14	0.135	0.142	0.105	0.162	1091136.0	1724259.741326
sub-941S4376	0.133	0.111	0.132	0.122	0.111	0.115	0.132	0.139	0.128	0.137	0.147	0.139	0.134	0.157	928015.0	1400893.739842
