lh.BA_exvivo.volume	lh_BA1_exvivo_volume	lh_BA2_exvivo_volume	lh_BA3a_exvivo_volume	lh_BA3b_exvivo_volume	lh_BA4a_exvivo_volume	lh_BA4p_exvivo_volume	lh_BA6_exvivo_volume	lh_BA44_exvivo_volume	lh_BA45_exvivo_volume	lh_V1_exvivo_volume	lh_V2_exvivo_volume	lh_MT_exvivo_volume	lh_perirhinal_exvivo_volume	lh_entorhinal_exvivo_volume	BrainSegVolNotVent	eTIV
sub-002S0295	1704.0	5383.0	998.0	2741.0	2891.0	2255.0	16970.0	4154.0	4883.0	3588.0	9592.0	3814.0	1838.0	1335.0	1049464.0	1683891.325623
sub-002S0413	1668.0	6164.0	932.0	2667.0	2866.0	2034.0	19788.0	4183.0	4346.0	4260.0	12173.0	3695.0	2091.0	2281.0	1031417.0	1468504.820203
sub-002S0685	1378.0	4887.0	847.0	2586.0	2273.0	1651.0	15351.0	3257.0	4191.0	4159.0	10033.0	3148.0	1912.0	1766.0	981016.0	1543022.145788
sub-002S1261	1697.0	7113.0	936.0	3107.0	2988.0	1993.0	17883.0	4109.0	4952.0	4298.0	11098.0	2975.0	1466.0	1756.0	971327.0	1486914.720552
sub-002S1280	1767.0	5419.0	847.0	2828.0	2849.0	2147.0	14892.0	3356.0	3998.0	2726.0	8867.0	2621.0	1501.0	1595.0	912236.0	1420831.701808
sub-002S4213	1869.0	5283.0	939.0	2757.0	2609.0	2044.0	17914.0	3905.0	5557.0	4515.0	11790.0	2976.0	1736.0	1994.0	929490.0	1457811.479267
sub-002S4225	2569.0	6865.0	1216.0	3920.0	3279.0	2388.0	19447.0	4065.0	4687.0	4486.0	16782.0	5324.0	2112.0	1282.0	1225004.0	1880480.84738
sub-002S4262	1599.0	4636.0	782.0	2696.0	2980.0	1642.0	16578.0	4080.0	4201.0	3782.0	9451.0	2589.0	1332.0	1303.0	877597.0	1574305.99148
sub-002S4264	1557.0	5340.0	932.0	2519.0	2772.0	2052.0	14495.0	3113.0	3987.0	3619.0	9605.0	2845.0	1384.0	1370.0	946496.0	1432436.642983
sub-002S4270	1738.0	5495.0	918.0	2792.0	2752.0	2067.0	14176.0	4027.0	5055.0	3725.0	11288.0	2978.0	1274.0	1394.0	999849.0	1495734.272789
sub-003S0907	1229.0	3765.0	759.0	2065.0	1655.0	1123.0	11935.0	3198.0	3381.0	2916.0	8572.0	2730.0	1565.0	827.0	833101.0	1408413.108412
sub-003S0981	1405.0	4281.0	902.0	2219.0	2058.0	1486.0	12374.0	2932.0	3579.0	2102.0	6524.0	2271.0	1721.0	1989.0	823439.0	3074205.906953
sub-003S4081	1223.0	4295.0	636.0	2227.0	2316.0	1346.0	13344.0	3374.0	3885.0	3776.0	9620.0	3509.0	1710.0	3026.0	802731.0	1175637.939837
sub-003S4119	1468.0	5066.0	1064.0	3146.0	2793.0	2338.0	17192.0	4132.0	5772.0	4107.0	10243.0	3943.0	2494.0	3138.0	1085194.0	1540009.985009
sub-003S4288	1358.0	4063.0	833.0	2260.0	1972.0	1518.0	13011.0	3134.0	4084.0	3665.0	9218.0	2246.0	1537.0	1164.0	868201.0	1213393.324962
sub-003S4350	1701.0	5609.0	968.0	2906.0	2764.0	2031.0	15149.0	4103.0	6067.0	3370.0	10091.0	3847.0	1809.0	1405.0	1116021.0	1421978.642033
sub-003S4441	1404.0	5757.0	996.0	2981.0	2533.0	1997.0	16853.0	3925.0	6948.0	3894.0	10841.0	3875.0	2625.0	2414.0	1105372.0	1530622.913335
sub-003S4555	1578.0	4446.0	1060.0	2944.0	3518.0	2009.0	16269.0	4541.0	5270.0	3888.0	11181.0	3202.0	1540.0	1869.0	1019373.0	1384959.507897
sub-003S4644	1610.0	5909.0	941.0	3289.0	2881.0	2180.0	16038.0	4112.0	5198.0	3948.0	10022.0	2701.0	1809.0	1280.0	975313.0	1365713.781841
sub-003S4839	1724.0	6207.0	1039.0	3391.0	3166.0	2323.0	18101.0	3680.0	4724.0	2754.0	10385.0	3321.0	2027.0	1635.0	975693.0	1369211.809852
sub-003S4840	1252.0	4852.0	971.0	2811.0	2464.0	1946.0	16814.0	3752.0	4091.0	4495.0	12900.0	4349.0	2127.0	1262.0	1100815.0	1448127.526802
sub-003S4872	2060.0	6482.0	1134.0	3300.0	3150.0	2348.0	18556.0	3777.0	5489.0	4251.0	10983.0	3880.0	1948.0	1960.0	1014951.0	1448192.20547
sub-003S4900	1534.0	5590.0	967.0	2730.0	2689.0	1972.0	17331.0	3787.0	4881.0	4438.0	10896.0	2970.0	1568.0	1411.0	978392.0	1215856.919368
sub-005S0553	1751.0	4703.0	805.0	2767.0	2128.0	1540.0	14929.0	3687.0	5541.0	4491.0	9629.0	2877.0	1304.0	1890.0	917208.0	1540761.958465
sub-005S0602	1436.0	4625.0	988.0	2911.0	2488.0	2089.0	14340.0	3216.0	4128.0	2955.0	8467.0	2748.0	1366.0	1424.0	983743.0	1385998.576713
sub-005S0610	1084.0	5087.0	810.0	2636.0	1979.0	1451.0	13410.0	3669.0	4024.0	2898.0	7889.0	2628.0	2231.0	2423.0	891703.0	1460837.307316
sub-006S0498	1618.0	4998.0	1019.0	2838.0	2319.0	1926.0	16711.0	4119.0	5134.0	3159.0	8785.0	3656.0	1982.0	1576.0	1066582.0	1636697.177721
sub-006S0731	1426.0	4968.0	1000.0	2624.0	2421.0	1990.0	13967.0	3231.0	4354.0	4620.0	10588.0	2342.0	2013.0	1380.0	982881.0	1494517.802949
sub-006S4150	1688.0	5618.0	876.0	2818.0	2606.0	1791.0	15619.0	3308.0	4591.0	4605.0	11098.0	3705.0	1936.0	2569.0	1054806.0	1605626.307878
sub-006S4357	1492.0	4101.0	878.0	2805.0	2368.0	1950.0	14422.0	3456.0	3851.0	4320.0	8832.0	2796.0	1704.0	2181.0	876915.0	1148315.525837
sub-006S4449	1483.0	4994.0	1141.0	2776.0	2866.0	2135.0	17280.0	3943.0	6128.0	5474.0	14046.0	3938.0	1792.0	1820.0	1207593.0	1792794.524345
sub-006S4485	1372.0	4570.0	943.0	2693.0	2622.0	2003.0	15673.0	3955.0	4815.0	3599.0	10208.0	3593.0	2127.0	2164.0	1108943.0	1688758.614764
sub-007S1206	1739.0	6003.0	929.0	2716.0	3303.0	2239.0	19170.0	4171.0	4960.0	3699.0	9074.0	3063.0	2016.0	1975.0	1109840.0	1711488.986575
sub-007S1222	981.0	3999.0	705.0	1919.0	1478.0	996.0	12804.0	2857.0	3853.0	2414.0	7011.0	2673.0	1229.0	1398.0	896150.0	1347342.66089
sub-007S4387	1413.0	5339.0	871.0	2752.0	2345.0	1710.0	14463.0	3872.0	4405.0	3237.0	9749.0	3445.0	1760.0	1678.0	934388.0	1387400.721012
sub-007S4488	2285.0	6189.0	1146.0	3964.0	2757.0	2344.0	16878.0	4479.0	6117.0	5186.0	13029.0	4027.0	2757.0	3250.0	1137958.0	1607405.87503
sub-007S4516	1055.0	4705.0	944.0	2707.0	2726.0	2022.0	17929.0	3544.0	3867.0	4593.0	11011.0	3331.0	2462.0	3021.0	1032285.0	1415187.264209
sub-007S4620	1384.0	4759.0	994.0	2764.0	2615.0	1996.0	14541.0	3823.0	4503.0	2852.0	9001.0	3038.0	1566.0	1679.0	935229.0	1454466.949158
sub-007S4637	1247.0	4159.0	802.0	2521.0	2550.0	1636.0	14521.0	3728.0	5116.0	4178.0	10798.0	2768.0	1563.0	1516.0	927957.0	1309197.040793
sub-009S0751	1672.0	4856.0	975.0	2815.0	2774.0	1982.0	15336.0	3374.0	3887.0	3508.0	10721.0	3592.0	1713.0	1023.0	1027155.0	1691257.521957
sub-009S0842	1733.0	5107.0	1084.0	3276.0	2864.0	2091.0	16029.0	3334.0	4658.0	4207.0	11428.0	4000.0	1846.0	1892.0	1097114.0	1656701.514839
sub-009S4337	1765.0	5042.0	816.0	2965.0	2403.0	1446.0	14784.0	3696.0	4809.0	3122.0	9475.0	4018.0	2314.0	1844.0	967708.0	1502186.05902
sub-009S4388	2421.0	6370.0	948.0	3371.0	3049.0	1934.0	20336.0	4103.0	5313.0	4636.0	12881.0	4359.0	1809.0	1323.0	1113336.0	1670964.340858
sub-009S4612	1582.0	4551.0	961.0	2749.0	2494.0	2057.0	14373.0	3938.0	5076.0	4312.0	10702.0	3924.0	1542.0	1509.0	891416.0	1192550.067527
sub-010S0419	1859.0	5629.0	1089.0	2850.0	2851.0	2350.0	17791.0	3633.0	4177.0	3506.0	9888.0	3610.0	2075.0	1977.0	1063906.0	1628289.97458
sub-010S0420	1592.0	4233.0	820.0	2751.0	2382.0	1582.0	16125.0	3092.0	4500.0	3505.0	9014.0	3101.0	2069.0	1997.0	1027497.0	1503139.446854
sub-010S4345	1692.0	4915.0	862.0	2686.0	2774.0	2091.0	15778.0	3520.0	4084.0	3321.0	9043.0	2475.0	1681.0	1793.0	1042921.0	1579937.08795
sub-010S4442	1435.0	4070.0	881.0	2829.0	2361.0	1453.0	18438.0	3874.0	4573.0	3545.0	8682.0	2655.0	1149.0	1814.0	963275.0	1230255.159956
sub-011S0021	1318.0	4769.0	1018.0	2672.0	2676.0	1901.0	14966.0	3530.0	4979.0	2926.0	7754.0	2943.0	1232.0	1441.0	873882.0	1373135.659751
sub-011S0023	1568.0	6071.0	1032.0	2854.0	2602.0	2017.0	16538.0	4463.0	5400.0	4146.0	9930.0	2413.0	1603.0	1827.0	1008068.0	1537336.193831
sub-011S4075	1988.0	5373.0	1206.0	3245.0	3135.0	2125.0	18932.0	4312.0	5648.0	3961.0	10113.0	3578.0	1959.0	1590.0	1044879.0	1563584.684012
sub-011S4105	1647.0	5015.0	931.0	2732.0	2487.0	1744.0	16650.0	3242.0	4201.0	3768.0	10633.0	3431.0	1631.0	1345.0	944529.0	1471143.5108
sub-011S4120	1601.0	5533.0	922.0	2770.0	2558.0	1676.0	14985.0	4188.0	4329.0	4184.0	10398.0	2896.0	1427.0	1759.0	916281.0	1410136.302794
sub-011S4222	1443.0	4754.0	1061.0	3024.0	2691.0	2055.0	17460.0	3642.0	4300.0	2582.0	9888.0	3212.0	948.0	717.0	908207.0	1409857.710323
sub-011S4278	1638.0	6344.0	1068.0	3076.0	2918.0	2144.0	19179.0	3859.0	5403.0	4066.0	9945.0	3363.0	1713.0	2818.0	985282.0	1590363.320442
sub-012S4026	1676.0	5342.0	936.0	2950.0	2604.0	2063.0	16478.0	3693.0	4720.0	4129.0	10234.0	3292.0	1673.0	1473.0	1050425.0	1620670.609621
sub-012S4545	1698.0	5090.0	850.0	2954.0	3220.0	1893.0	19146.0	3559.0	5239.0	4276.0	11586.0	3172.0	1999.0	2021.0	1131833.0	1500592.047643
sub-012S4643	1852.0	6058.0	984.0	3101.0	2926.0	2389.0	15769.0	3869.0	5434.0	3202.0	10079.0	3876.0	2178.0	2590.0	985283.0	1513785.948144
sub-013S4579	1621.0	5942.0	1102.0	3023.0	2770.0	2135.0	17100.0	3694.0	5031.0	4408.0	10431.0	3306.0	1665.0	2567.0	885886.0	1441982.438839
sub-013S4580	1566.0	4849.0	916.0	2563.0	2273.0	1764.0	15165.0	3065.0	3708.0	3813.0	11006.0	3958.0	1712.0	1642.0	957136.0	1368992.959255
sub-013S4616	1716.0	6066.0	1065.0	3006.0	3018.0	2271.0	15353.0	3398.0	4303.0	4788.0	9842.0	2658.0	1761.0	2046.0	1031889.0	1835733.260113
sub-013S4731	1446.0	5123.0	878.0	2629.0	2225.0	1931.0	14198.0	3341.0	3860.0	2406.0	7366.0	2642.0	968.0	718.0	902209.0	1432389.810952
sub-014S0519	1419.0	5272.0	897.0	2615.0	2352.0	1450.0	14300.0	2950.0	3465.0	4137.0	12434.0	3191.0	2218.0	1755.0	1015746.0	1534372.101223
sub-014S0520	1464.0	5571.0	941.0	2835.0	2013.0	1610.0	15752.0	3911.0	5180.0	3460.0	9857.0	2787.0	1556.0	2284.0	1095798.0	1526919.965463
sub-014S0548	1202.0	4393.0	976.0	2997.0	2146.0	1641.0	13882.0	3238.0	3798.0	4216.0	10565.0	2740.0	1669.0	1926.0	1009163.0	1551078.622055
sub-014S4080	1551.0	4506.0	878.0	2667.0	2204.0	1663.0	16681.0	3517.0	4451.0	3221.0	9615.0	3191.0	1313.0	1482.0	910854.0	1391923.16458
sub-014S4093	1967.0	5655.0	954.0	2804.0	2899.0	1952.0	17139.0	4588.0	5960.0	3568.0	11270.0	3550.0	2314.0	1551.0	1072590.0	1704672.333204
sub-014S4401	1744.0	4540.0	1185.0	3011.0	3027.0	2481.0	17553.0	3951.0	4102.0	4999.0	13660.0	4581.0	1944.0	1691.0	1075572.0	1470561.153388
sub-014S4576	1625.0	5136.0	939.0	2699.0	2691.0	1957.0	16260.0	3987.0	4545.0	3038.0	8394.0	3041.0	1737.0	1660.0	902283.0	1222097.95918
sub-014S4577	1420.0	5535.0	1081.0	3065.0	2404.0	1587.0	15628.0	3587.0	4951.0	3628.0	9540.0	2705.0	1264.0	1149.0	979468.0	1457798.214596
sub-016S0359	1356.0	3459.0	847.0	2234.0	2206.0	1619.0	12350.0	3947.0	3400.0	2656.0	7277.0	2533.0	1355.0	1835.0	779559.0	1204786.766552
sub-016S4097	1384.0	4467.0	762.0	2770.0	2155.0	1666.0	14473.0	4032.0	4357.0	3317.0	9157.0	4080.0	1523.0	1342.0	947514.0	1200206.93281
sub-016S4121	1136.0	5091.0	884.0	2578.0	2073.0	1916.0	14416.0	3465.0	3837.0	2711.0	9450.0	3278.0	1799.0	2242.0	918187.0	1416440.25552
sub-016S4638	1498.0	4965.0	984.0	3535.0	2352.0	2121.0	16740.0	4733.0	5523.0	4202.0	10376.0	3681.0	1690.0	1072.0	1111526.0	1522101.871414
sub-016S4688	1235.0	4599.0	992.0	2956.0	2655.0	2094.0	16187.0	3361.0	4570.0	3560.0	8336.0	2772.0	1500.0	1282.0	912553.0	1274897.505263
sub-016S4951	1318.0	5123.0	853.0	2548.0	2453.0	1969.0	14384.0	3826.0	4895.0	3653.0	9921.0	2956.0	1809.0	2960.0	974685.0	1381934.595104
sub-016S4952	1502.0	5129.0	967.0	3164.0	2486.0	2274.0	15972.0	3237.0	2994.0	3725.0	9838.0	3543.0	1591.0	1802.0	897906.0	1249412.930232
sub-018S0055	1386.0	4769.0	1088.0	2862.0	2482.0	1971.0	17051.0	4391.0	4685.0	3188.0	8395.0	3607.0	2108.0	2278.0	1068819.0	1860745.580041
sub-018S4257	1452.0	4645.0	954.0	2794.0	3142.0	2452.0	20713.0	3530.0	4692.0	3797.0	10267.0	3209.0	2560.0	2032.0	1183019.0	1825085.282837
sub-018S4349	1847.0	5510.0	1131.0	3233.0	3040.0	2207.0	18950.0	4385.0	4501.0	3569.0	11816.0	3422.0	2284.0	1895.0	1165315.0	1640216.898661
sub-018S4399	1113.0	4303.0	840.0	2316.0	2194.0	1659.0	13867.0	2888.0	3409.0	3047.0	9289.0	4046.0	1447.0	1313.0	924171.0	1352778.430478
sub-018S4400	1503.0	5286.0	959.0	2656.0	2755.0	1912.0	15487.0	3436.0	4947.0	4137.0	10986.0	3195.0	1465.0	1799.0	979402.0	1484060.559027
sub-019S4367	1015.0	3859.0	723.0	2202.0	1894.0	1102.0	14985.0	3165.0	4868.0	2815.0	9773.0	2809.0	1340.0	1430.0	1065435.0	1404780.76974
sub-019S4835	2051.0	6206.0	1173.0	3876.0	3061.0	2712.0	19697.0	4290.0	4566.0	4398.0	11173.0	3263.0	2117.0	2132.0	1136765.0	1688211.338736
sub-020S1288	2120.0	6603.0	1142.0	3264.0	3206.0	2511.0	20631.0	4132.0	4835.0	3942.0	10441.0	3641.0	1957.0	2839.0	1193318.0	1686357.566228
sub-021S0159	1626.0	4716.0	912.0	2830.0	2316.0	1989.0	13591.0	3502.0	4192.0	3271.0	9732.0	3124.0	1509.0	2567.0	865254.0	1245772.285429
sub-021S0337	1166.0	5790.0	875.0	2473.0	2458.0	1694.0	16510.0	4418.0	4557.0	3798.0	8536.0	3272.0	1592.0	1339.0	970742.0	1733726.461237
sub-021S4254	1122.0	4161.0	712.0	2055.0	2618.0	1455.0	14599.0	3633.0	4828.0	3961.0	9450.0	2389.0	1692.0	2094.0	813098.0	1226951.352632
sub-021S4276	1767.0	4966.0	959.0	2954.0	2939.0	2087.0	17325.0	3267.0	4595.0	3026.0	9705.0	2944.0	1347.0	1960.0	958061.0	1419124.800091
sub-021S4335	1700.0	5324.0	1092.0	3152.0	2908.0	2272.0	17982.0	4162.0	5045.0	4211.0	11030.0	3444.0	1903.0	1586.0	1002117.0	1363286.127158
sub-021S4421	2196.0	6169.0	1134.0	3481.0	3856.0	2996.0	20992.0	4356.0	5672.0	4306.0	11021.0	3197.0	2177.0	2879.0	1122552.0	1559761.67399
sub-021S4558	1512.0	4232.0	969.0	2535.0	2514.0	1903.0	16838.0	3478.0	4837.0	3683.0	9698.0	3022.0	1443.0	2065.0	984985.0	1335947.604272
sub-022S0096	1713.0	6054.0	963.0	2932.0	2490.0	1775.0	16608.0	3770.0	4533.0	2715.0	9204.0	3450.0	1607.0	1915.0	1046938.0	1865691.684976
sub-022S0130	2093.0	7825.0	1208.0	3496.0	3115.0	2283.0	18982.0	3886.0	5525.0	3552.0	9645.0	3570.0	1573.0	969.0	1193738.0	1818840.642255
sub-022S4173	1884.0	5080.0	1007.0	3016.0	2722.0	1889.0	15631.0	3810.0	4388.0	3410.0	9653.0	3593.0	1308.0	934.0	902879.0	1306038.558225
sub-022S4196	1609.0	5234.0	1110.0	2843.0	2874.0	2498.0	17240.0	4012.0	5809.0	4117.0	8796.0	3175.0	1806.0	1852.0	1027833.0	2394498.271875
sub-022S4266	1873.0	5504.0	1100.0	3189.0	2950.0	2099.0	16635.0	4388.0	4995.0	5125.0	11759.0	3891.0	1698.0	2730.0	1073298.0	1505345.851411
sub-022S4291	2420.0	4851.0	969.0	3089.0	3169.0	2117.0	17249.0	3978.0	4717.0	3261.0	11041.0	2692.0	1775.0	1656.0	895090.0	1405472.205882
sub-022S4320	1874.0	4739.0	1101.0	3023.0	2648.0	2243.0	18862.0	3701.0	4777.0	4701.0	10286.0	2995.0	1582.0	1369.0	975691.0	1513895.892783
sub-023S0031	1103.0	4724.0	969.0	2334.0	2334.0	1966.0	16249.0	3098.0	3579.0	3150.0	8196.0	2728.0	1196.0	1378.0	852372.0	1329445.163985
sub-023S0058	1444.0	5820.0	823.0	2768.0	2086.0	1368.0	15053.0	3385.0	4751.0	3179.0	9551.0	2834.0	1668.0	1167.0	983619.0	1429852.034188
sub-023S0061	1506.0	4720.0	1047.0	2413.0	2593.0	1801.0	14112.0	3662.0	4239.0	3524.0	8502.0	2147.0	1182.0	1434.0	884651.0	1479244.247951
sub-023S0926	1860.0	5205.0	857.0	2643.0	2303.0	1552.0	15229.0	4078.0	4639.0	3269.0	8956.0	2929.0	1473.0	1566.0	978251.0	1480457.697885
sub-023S1190	1015.0	4596.0	762.0	2058.0	2004.0	1419.0	13836.0	3526.0	4373.0	3570.0	9301.0	2777.0	2038.0	1865.0	897862.0	1426927.285231
sub-023S4020	1543.0	4614.0	830.0	2643.0	2161.0	1602.0	15564.0	4624.0	5710.0	4016.0	10448.0	4410.0	1762.0	1418.0	1130941.0	1617752.58253
sub-023S4164	1751.0	7102.0	1162.0	3389.0	2893.0	2013.0	17210.0	4114.0	5224.0	4380.0	13678.0	3322.0	1444.0	1041.0	1074326.0	1686602.620685
sub-023S4448	1755.0	5642.0	1119.0	3232.0	2908.0	2158.0	17354.0	4922.0	5240.0	4169.0	13098.0	3786.0	1483.0	1470.0	1027146.0	1412208.270176
sub-024S0985	1155.0	4196.0	849.0	2283.0	2240.0	1776.0	12703.0	2824.0	3327.0	3102.0	8334.0	2357.0	1544.0	1236.0	764176.0	1331963.616711
sub-024S4084	1829.0	5839.0	1014.0	3270.0	2870.0	2327.0	17541.0	4105.0	5081.0	2997.0	10635.0	3324.0	1715.0	1548.0	1054847.0	1473387.09007
sub-024S4158	1014.0	4127.0	924.0	2495.0	2408.0	1956.0	14718.0	3336.0	4136.0	2763.0	8829.0	3014.0	1732.0	2090.0	888200.0	1445341.188842
sub-027S0074	1254.0	4498.0	999.0	2594.0	2891.0	2215.0	17265.0	3428.0	4197.0	3575.0	10784.0	3484.0	1572.0	1510.0	965883.0	1606683.180919
sub-027S0120	1719.0	5523.0	900.0	3079.0	2481.0	1943.0	16003.0	3722.0	5105.0	3662.0	9726.0	3918.0	1786.0	1519.0	1051241.0	1537996.243965
sub-029S0824	1569.0	4997.0	970.0	2980.0	3131.0	2250.0	17072.0	3965.0	5097.0	3987.0	11208.0	3256.0	1701.0	1960.0	934723.0	1470856.047405
sub-029S4279	1114.0	4220.0	916.0	2522.0	2802.0	2062.0	19130.0	4102.0	5173.0	2809.0	10332.0	3137.0	1599.0	1042.0	955306.0	1473247.886144
sub-029S4290	1389.0	5379.0	987.0	3075.0	2801.0	2280.0	17596.0	3271.0	4562.0	5356.0	12503.0	3160.0	1835.0	2139.0	1039277.0	1629681.569519
sub-029S4384	1698.0	5108.0	999.0	3354.0	3355.0	2662.0	21396.0	3836.0	4600.0	3688.0	11374.0	3377.0	2376.0	2265.0	1069591.0	1461022.764941
sub-029S4385	1631.0	5185.0	974.0	3070.0	2921.0	2281.0	14371.0	3838.0	4505.0	3258.0	8389.0	2814.0	1507.0	1207.0	903546.0	1323205.82315
sub-029S4585	1561.0	4487.0	985.0	3194.0	2953.0	2117.0	19100.0	4386.0	4228.0	3401.0	9601.0	3054.0	1798.0	1437.0	1034952.0	1495842.569267
sub-029S4652	1307.0	5026.0	991.0	2516.0	3018.0	2445.0	18548.0	5008.0	4384.0	2909.0	9326.0	4101.0	1922.0	1782.0	996503.0	1602224.576237
sub-031S0618	1341.0	4763.0	794.0	2356.0	1907.0	1267.0	14896.0	3846.0	5108.0	3416.0	9517.0	3234.0	1824.0	1957.0	1052794.0	1457587.312761
sub-031S4021	1586.0	4536.0	937.0	2540.0	3001.0	2146.0	17127.0	3456.0	4712.0	4392.0	11155.0	3199.0	2103.0	1774.0	1037869.0	1645923.380834
sub-031S4032	1505.0	4339.0	839.0	2483.0	2279.0	1771.0	14139.0	3322.0	4182.0	3610.0	9659.0	2466.0	1185.0	1106.0	880979.0	1069381.348114
sub-031S4218	1948.0	6958.0	1151.0	3340.0	3028.0	2716.0	17684.0	3741.0	4383.0	4297.0	12517.0	3571.0	1994.0	1261.0	1058542.0	1684670.921817
sub-031S4474	1456.0	5828.0	908.0	2553.0	2510.0	1659.0	18966.0	3672.0	4864.0	3190.0	9265.0	2516.0	1416.0	1008.0	1030673.0	1769607.560528
sub-031S4496	1460.0	5316.0	836.0	2528.0	2936.0	2138.0	16918.0	3740.0	6112.0	2894.0	8916.0	2545.0	1763.0	1514.0	970835.0	1526209.661023
sub-032S0479	968.0	3737.0	864.0	2125.0	2047.0	1739.0	13415.0	3546.0	3965.0	3331.0	8484.0	2885.0	1162.0	777.0	990126.0	1547150.622092
sub-032S0677	1776.0	5371.0	1083.0	2877.0	2918.0	2263.0	16858.0	4293.0	5246.0	3326.0	10968.0	3590.0	1886.0	1699.0	1010056.0	1528490.940716
sub-032S1169	1485.0	5560.0	1109.0	2918.0	2519.0	2159.0	17793.0	4400.0	5135.0	3680.0	10190.0	2936.0	968.0	665.0	933539.0	1561276.878402
sub-032S4277	1410.0	5479.0	977.0	2455.0	2800.0	1966.0	15093.0	3027.0	4324.0	3084.0	9487.0	2787.0	977.0	875.0	902223.0	1274512.512789
sub-032S4304	1492.0	6043.0	1022.0	2991.0	2647.0	1889.0	15229.0	3803.0	4170.0	4079.0	10811.0	3234.0	1681.0	2243.0	978837.0	1526609.580507
sub-032S4348	1432.0	4716.0	982.0	2449.0	2295.0	1984.0	14253.0	3157.0	4168.0	2730.0	8844.0	2914.0	1318.0	1476.0	882803.0	1293885.870067
sub-032S4386	1399.0	5049.0	1051.0	2831.0	2439.0	2135.0	16465.0	3503.0	4142.0	4145.0	11293.0	2986.0	1614.0	1417.0	919554.0	1386114.843536
sub-032S4429	1843.0	5622.0	1049.0	3087.0	2903.0	2030.0	17671.0	4377.0	5506.0	4443.0	11032.0	3608.0	1996.0	1197.0	1068893.0	1614706.866069
sub-032S4921	1523.0	5512.0	1166.0	3264.0	3000.0	2283.0	20086.0	4232.0	6173.0	4555.0	9790.0	3471.0	1653.0	2307.0	1133830.0	1721022.937334
sub-033S0734	1616.0	7131.0	864.0	2870.0	2461.0	1898.0	17853.0	3476.0	3413.0	3280.0	8988.0	2867.0	2457.0	2566.0	1024865.0	1579572.255923
sub-033S0741	1671.0	4736.0	845.0	2606.0	2412.0	1743.0	16742.0	3548.0	3833.0	4077.0	8382.0	2824.0	996.0	1738.0	972685.0	1493875.144498
sub-033S0920	1559.0	4448.0	816.0	2343.0	1908.0	1691.0	12334.0	3172.0	3133.0	3524.0	8228.0	2873.0	1137.0	1782.0	815946.0	1384241.903544
sub-033S0923	1459.0	4431.0	971.0	2986.0	2091.0	1574.0	13694.0	3329.0	3471.0	2632.0	9210.0	3365.0	2312.0	2049.0	943450.0	1507713.409069
sub-033S1016	1345.0	4805.0	796.0	2330.0	2388.0	1685.0	14763.0	3595.0	4009.0	2959.0	8381.0	3157.0	1714.0	2286.0	975104.0	1346424.173932
sub-033S1098	1755.0	5017.0	1061.0	3105.0	2600.0	1975.0	16028.0	2963.0	3334.0	2634.0	8950.0	2924.0	1477.0	1875.0	826712.0	1184105.295781
sub-033S4176	1740.0	5670.0	1017.0	2930.0	2901.0	2097.0	17790.0	4707.0	4956.0	4817.0	11191.0	2560.0	2013.0	1302.0	1075212.0	1686863.417342
sub-033S4177	1415.0	5278.0	997.0	2813.0	2673.0	1853.0	15877.0	3576.0	4965.0	4718.0	12230.0	3118.0	1858.0	1575.0	1104119.0	1732747.022062
sub-033S4179	1884.0	6373.0	1090.0	3593.0	3318.0	2418.0	20205.0	5416.0	6121.0	3834.0	13743.0	3234.0	2119.0	2671.0	1131945.0	1748549.249966
sub-033S4505	1551.0	4994.0	989.0	2640.0	2479.0	1780.0	14948.0	3463.0	4922.0	3539.0	9557.0	2779.0	1470.0	1352.0	846083.0	1408363.70729
sub-033S4508	1759.0	5491.0	855.0	2660.0	2573.0	1923.0	16517.0	3634.0	4236.0	3010.0	9325.0	3505.0	1818.0	2184.0	981959.0	1484636.260151
sub-035S0156	1678.0	4343.0	844.0	2683.0	2155.0	1575.0	14375.0	3858.0	5350.0	4111.0	12002.0	3452.0	1070.0	908.0	981862.0	1597232.044265
sub-035S0555	1417.0	4980.0	966.0	3119.0	3091.0	2204.0	17396.0	3483.0	5359.0	4427.0	12542.0	4445.0	1955.0	1571.0	1103615.0	1797852.000764
sub-035S4082	2299.0	6934.0	1181.0	3316.0	3583.0	2561.0	17258.0	4798.0	6436.0	3677.0	11829.0	3596.0	2326.0	2755.0	1252418.0	1912235.938355
sub-035S4464	1994.0	7750.0	1050.0	2995.0	3169.0	2187.0	17590.0	5823.0	6313.0	4290.0	10391.0	3442.0	1938.0	1203.0	1052696.0	1579643.559775
sub-036S1023	1254.0	4726.0	860.0	2671.0	2299.0	1677.0	13528.0	3420.0	3664.0	3537.0	8210.0	2620.0	2004.0	1754.0	885513.0	1348046.193222
sub-036S4389	1903.0	6510.0	1212.0	3846.0	3053.0	2055.0	16365.0	3736.0	5160.0	5223.0	12713.0	3818.0	2232.0	3102.0	1179385.0	1753629.271998
sub-036S4491	1807.0	6081.0	977.0	3347.0	2933.0	2074.0	16571.0	4159.0	5383.0	3157.0	8784.0	2955.0	2131.0	2178.0	930234.0	1523912.727469
sub-036S4878	1262.0	4338.0	807.0	2526.0	2289.0	1461.0	13233.0	3212.0	3989.0	2938.0	8683.0	3016.0	1887.0	1909.0	879157.0	1276010.437744
sub-037S0303	1634.0	6267.0	1158.0	3216.0	2274.0	2030.0	14912.0	3264.0	4501.0	3962.0	11366.0	3227.0	1799.0	2251.0	921436.0	1481218.005028
sub-037S0454	1815.0	5131.0	984.0	2876.0	2515.0	1998.0	15177.0	3875.0	4683.0	4154.0	11046.0	2891.0	1686.0	1576.0	935356.0	1437657.644648
sub-037S0467	2098.0	5058.0	1050.0	3311.0	2751.0	1918.0	15565.0	4037.0	4663.0	4700.0	11798.0	3182.0	1100.0	1926.0	961726.0	1543469.702011
sub-037S4028	1375.0	4543.0	1126.0	2604.0	2884.0	2531.0	17602.0	3227.0	4578.0	4182.0	12188.0	2992.0	1250.0	907.0	961021.0	1287136.959764
sub-037S4071	955.0	4710.0	874.0	2550.0	2551.0	1689.0	14601.0	4332.0	4367.0	4219.0	10768.0	3051.0	2208.0	1829.0	1081563.0	1666989.101814
sub-037S4308	1587.0	6055.0	1266.0	3419.0	3576.0	2462.0	20281.0	4558.0	5106.0	3355.0	10586.0	3569.0	2289.0	2526.0	1057861.0	1730173.741198
sub-037S4410	1849.0	5288.0	947.0	3068.0	2758.0	2042.0	18137.0	4339.0	4263.0	3219.0	8331.0	2827.0	1160.0	1308.0	940815.0	1325921.065453
sub-041S4014	1488.0	5733.0	1332.0	3341.0	2770.0	2507.0	17688.0	3771.0	6554.0	3811.0	11557.0	4304.0	1328.0	1126.0	1077521.0	1796166.627148
sub-041S4037	2035.0	5952.0	1052.0	3391.0	2720.0	1925.0	17899.0	3989.0	4436.0	4005.0	10590.0	3514.0	1704.0	2942.0	1115838.0	1721186.437662
sub-041S4041	1353.0	4326.0	881.0	2559.0	2058.0	1585.0	14852.0	3055.0	4042.0	3266.0	9448.0	3650.0	1393.0	1634.0	777237.0	1201667.548555
sub-041S4060	1540.0	5801.0	1020.0	3186.0	2945.0	1945.0	16338.0	4170.0	4877.0	3877.0	9772.0	3179.0	2191.0	1426.0	1052134.0	1631735.301404
sub-041S4083	1748.0	5804.0	945.0	3456.0	2876.0	2000.0	16621.0	3464.0	4199.0	3412.0	9862.0	3081.0	1815.0	2217.0	1040905.0	1677110.366135
sub-041S4200	1892.0	5557.0	1045.0	2994.0	2801.0	1978.0	16028.0	3656.0	5380.0	4424.0	11515.0	3555.0	1631.0	1553.0	1014730.0	1498221.236319
sub-041S4427	1561.0	5837.0	1064.0	3375.0	2708.0	2008.0	18111.0	3864.0	6049.0	4819.0	12973.0	4397.0	1893.0	2564.0	1182844.0	1753480.622528
sub-041S4509	1349.0	4784.0	964.0	2598.0	2401.0	1853.0	15897.0	3243.0	4415.0	3951.0	9410.0	2406.0	1662.0	1882.0	932175.0	1384908.452117
sub-051S1123	1182.0	4038.0	832.0	2428.0	2213.0	1477.0	13620.0	3672.0	4599.0	3441.0	8780.0	2474.0	1115.0	1585.0	848945.0	1393956.185082
sub-052S0951	1893.0	5343.0	977.0	2944.0	2283.0	1531.0	18392.0	3195.0	4739.0	3382.0	9991.0	2635.0	2566.0	3018.0	1030154.0	1663979.822
sub-052S1250	706.0	3231.0	683.0	1303.0	1259.0	754.0	6866.0	1166.0	1468.0	1739.0	5092.0	1312.0	561.0	896.0	960542.0	1239581.035099
sub-053S4578	1896.0	6865.0	1016.0	3803.0	3028.0	2291.0	20961.0	4179.0	5832.0	4739.0	11764.0	3658.0	1814.0	1344.0	1162496.0	1647336.989424
sub-057S0934	1604.0	4458.0	1050.0	2656.0	2960.0	2625.0	16399.0	3383.0	4544.0	3612.0	10757.0	3111.0	1633.0	2204.0	879661.0	1321735.353185
sub-067S0056	1664.0	4699.0	939.0	2698.0	2714.0	1831.0	14702.0	2688.0	5847.0	3711.0	8589.0	2576.0	1539.0	2419.0	887621.0	1223450.781435
sub-067S0059	1220.0	4557.0	917.0	2209.0	2387.0	1559.0	14760.0	3320.0	4113.0	3529.0	9771.0	2560.0	1715.0	2014.0	824439.0	1219933.426277
sub-067S0257	1465.0	4603.0	847.0	2631.0	2265.0	1526.0	14928.0	3086.0	3177.0	3176.0	8130.0	2770.0	1264.0	2164.0	791542.0	1308719.260697
sub-068S0127	1269.0	5027.0	854.0	2424.0	2625.0	1741.0	17007.0	3516.0	4225.0	2536.0	7720.0	2921.0	2463.0	2992.0	911169.0	1488107.863495
sub-068S0210	1341.0	4868.0	915.0	2764.0	2440.0	1798.0	15290.0	3367.0	4801.0	3077.0	8568.0	2614.0	1578.0	991.0	889057.0	1319890.022188
sub-068S0473	1421.0	5307.0	1006.0	3225.0	3060.0	2094.0	18281.0	4246.0	5908.0	3877.0	10665.0	3533.0	2352.0	2548.0	1039079.0	1594956.226897
sub-068S4174	1997.0	6215.0	1001.0	3164.0	2810.0	2000.0	17037.0	4228.0	4500.0	3384.0	12086.0	2833.0	1633.0	2103.0	998369.0	1325987.66102
sub-068S4340	1689.0	5390.0	1052.0	3447.0	3250.0	2478.0	17406.0	4153.0	4823.0	3226.0	10408.0	3490.0	1516.0	1364.0	1148701.0	1598231.936423
sub-068S4424	1972.0	5338.0	882.0	2815.0	2514.0	1745.0	16315.0	3705.0	4454.0	3337.0	10034.0	3829.0	1835.0	2154.0	910342.0	1214092.414278
sub-070S4856	2107.0	5946.0	1092.0	3194.0	2974.0	2295.0	20475.0	3501.0	4273.0	3298.0	8122.0	3071.0	1692.0	1918.0	983708.0	1502186.473274
sub-070S5040	1439.0	4983.0	903.0	2523.0	2138.0	1758.0	13930.0	3280.0	3826.0	2948.0	7399.0	2261.0	1542.0	1814.0	907605.0	1307643.881453
sub-072S0315	1636.0	5747.0	973.0	2721.0	2968.0	2146.0	17602.0	3364.0	5159.0	3577.0	10942.0	3485.0	1891.0	1735.0	1134283.0	1653131.838186
sub-072S4103	1272.0	4039.0	1032.0	2857.0	2255.0	1087.0	12446.0	3393.0	4015.0	3169.0	9151.0	2546.0	1367.0	1353.0	820879.0	1228448.09368
sub-072S4391	1355.0	4528.0	959.0	2691.0	2359.0	1994.0	13765.0	4000.0	5216.0	3261.0	10589.0	3387.0	2145.0	2093.0	890687.0	1341221.071702
sub-073S0089	1543.0	5556.0	1052.0	3129.0	2977.0	2130.0	18787.0	3969.0	5277.0	3024.0	10892.0	4178.0	2238.0	1778.0	1039424.0	1511067.24314
sub-073S0311	919.0	4137.0	776.0	2117.0	2220.0	1521.0	13110.0	3098.0	3824.0	3836.0	9367.0	1971.0	1473.0	1752.0	779809.0	1338137.314322
sub-073S4155	1455.0	4920.0	1047.0	2564.0	2436.0	1907.0	13285.0	3442.0	4871.0	3542.0	8999.0	3639.0	1339.0	1281.0	918833.0	1344107.224638
sub-073S4382	1681.0	4638.0	963.0	2701.0	2316.0	1878.0	15123.0	3321.0	4563.0	3169.0	8912.0	2594.0	1326.0	1417.0	847802.0	1241673.439848
sub-073S4393	1572.0	6247.0	1283.0	3541.0	3476.0	2595.0	22425.0	4574.0	7265.0	4605.0	10738.0	3456.0	1836.0	1850.0	1240770.0	1789425.066282
sub-073S4552	2153.0	7391.0	1284.0	4045.0	2964.0	2703.0	18812.0	4245.0	4160.0	4913.0	12659.0	2892.0	1418.0	1064.0	1126955.0	1685212.428787
sub-073S4559	1775.0	5525.0	1111.0	2726.0	2946.0	2386.0	17628.0	3456.0	3499.0	3851.0	11561.0	3390.0	1559.0	1821.0	972049.0	1388380.584881
sub-073S4739	1695.0	5592.0	1124.0	2902.0	3281.0	2246.0	18365.0	3901.0	6107.0	3884.0	11611.0	3366.0	2031.0	1544.0	1062608.0	1595360.439445
sub-073S4762	1896.0	5336.0	1020.0	3024.0	3022.0	2143.0	18465.0	3420.0	4794.0	3196.0	10207.0	2944.0	1632.0	1298.0	942430.0	1393638.546504
sub-073S4795	1999.0	5607.0	1189.0	3562.0	3240.0	2503.0	21809.0	4947.0	6727.0	4831.0	14565.0	4758.0	1894.0	1917.0	1263893.0	1647276.214072
sub-073S5023	1779.0	5251.0	1038.0	3108.0	2594.0	1968.0	16234.0	3768.0	4999.0	4043.0	10516.0	3537.0	1954.0	1520.0	1026345.0	1495719.487634
sub-082S1256	1366.0	5209.0	859.0	2599.0	2388.0	1891.0	15268.0	3497.0	4300.0	3345.0	10491.0	3071.0	1553.0	1283.0	898510.0	1317062.030323
sub-082S4090	1764.0	5184.0	887.0	3022.0	2362.0	1677.0	17341.0	4281.0	5007.0	3910.0	9728.0	3003.0	1635.0	1843.0	1038096.0	1530012.434958
sub-082S4208	1339.0	4976.0	982.0	2832.0	2981.0	1999.0	17900.0	4060.0	5368.0	4097.0	11824.0	3042.0	2114.0	2174.0	1043324.0	1686843.567498
sub-082S4224	2062.0	7464.0	1199.0	3324.0	3120.0	2609.0	19632.0	3552.0	5633.0	3790.0	12202.0	3628.0	1357.0	1176.0	1088330.0	1639435.459284
sub-082S4339	1499.0	6089.0	1183.0	3212.0	2506.0	2053.0	18858.0	4493.0	4692.0	3348.0	10484.0	3388.0	1914.0	1070.0	1068030.0	1691117.683099
sub-082S4428	1977.0	6850.0	1187.0	3305.0	2933.0	2387.0	17224.0	4400.0	5179.0	3048.0	9641.0	3320.0	1615.0	1430.0	1145116.0	1634487.234321
sub-094S4234	1433.0	6034.0	854.0	2590.0	2313.0	1624.0	13995.0	4013.0	4641.0	4346.0	10860.0	4295.0	2654.0	1726.0	1011653.0	1480659.842449
sub-094S4459	1932.0	5488.0	1099.0	3354.0	2928.0	2589.0	15189.0	3771.0	4038.0	3463.0	9936.0	3567.0	2043.0	1870.0	979440.0	1366347.86492
sub-094S4460	1245.0	3344.0	834.0	2361.0	1815.0	1380.0	13655.0	4311.0	4649.0	2261.0	7510.0	3142.0	1469.0	1754.0	931635.0	1251929.392674
sub-094S4503	1493.0	4854.0	871.0	2872.0	2496.0	1792.0	15653.0	4339.0	5051.0	4289.0	11129.0	4107.0	2012.0	2472.0	987322.0	1511371.479389
sub-094S4560	1241.0	4822.0	895.0	2630.0	2553.0	1889.0	15248.0	3378.0	4275.0	2689.0	9482.0	3061.0	1511.0	2193.0	887630.0	1262059.323991
sub-094S4649	1485.0	5554.0	977.0	3371.0	2848.0	1993.0	17975.0	4626.0	4094.0	3703.0	12424.0	3763.0	1758.0	1425.0	1123751.0	1593247.751524
sub-098S0171	1786.0	4579.0	803.0	2115.0	2401.0	1510.0	15200.0	2829.0	3495.0	2348.0	8312.0	2627.0	1073.0	1085.0	821536.0	1367200.402152
sub-098S0172	1349.0	3738.0	908.0	2420.0	2107.0	1257.0	12595.0	2934.0	3748.0	3473.0	10207.0	2856.0	1729.0	1737.0	945676.0	1428963.080323
sub-098S0896	1023.0	4604.0	806.0	2280.0	2914.0	1699.0	14516.0	4143.0	5834.0	4593.0	11975.0	3832.0	1176.0	1218.0	1074167.0	1751610.922614
sub-098S4002	1787.0	4457.0	1010.0	3017.0	3080.0	2215.0	19482.0	4454.0	5932.0	4653.0	12955.0	4095.0	1623.0	1324.0	1021016.0	1487256.544757
sub-098S4003	1518.0	5379.0	962.0	2840.0	2532.0	2124.0	15896.0	4191.0	4160.0	3931.0	9713.0	2757.0	1877.0	1689.0	937958.0	1412115.771445
sub-098S4018	1360.0	4990.0	1031.0	3078.0	2709.0	2205.0	15887.0	3578.0	5864.0	5123.0	11190.0	3622.0	1796.0	2700.0	998206.0	1520072.022625
sub-098S4050	1709.0	5455.0	1100.0	3067.0	2828.0	2304.0	18407.0	4127.0	5305.0	4006.0	9931.0	3476.0	2090.0	1845.0	1095710.0	1578147.529467
sub-098S4275	1493.0	5597.0	1023.0	3176.0	3103.0	2274.0	18760.0	4472.0	5569.0	4200.0	10344.0	2561.0	1912.0	1377.0	1144849.0	1654769.966238
sub-098S4506	1130.0	4716.0	1015.0	2692.0	2850.0	2274.0	16162.0	3701.0	4426.0	3757.0	12030.0	3463.0	2285.0	1831.0	1001515.0	1487482.213176
sub-099S0352	878.0	3885.0	795.0	2121.0	1868.0	1552.0	10222.0	2960.0	2628.0	2707.0	6488.0	2248.0	1080.0	980.0	661686.0	1272905.556113
sub-099S4076	1304.0	4855.0	986.0	2533.0	2726.0	2255.0	16142.0	3441.0	5216.0	3078.0	9417.0	3305.0	1763.0	1875.0	957819.0	1458660.399777
sub-099S4086	1335.0	3260.0	846.0	2420.0	2055.0	1377.0	12044.0	3194.0	3833.0	3273.0	7449.0	2998.0	1595.0	1509.0	734447.0	1276256.281275
sub-099S4104	1781.0	6407.0	1046.0	2956.0	3290.0	2351.0	20071.0	4590.0	4730.0	3747.0	10541.0	3175.0	2045.0	2026.0	992999.0	1395868.638256
sub-100S0069	1532.0	5813.0	872.0	2862.0	2845.0	1730.0	17711.0	4194.0	4707.0	3690.0	9719.0	3162.0	1952.0	1905.0	1112095.0	1706538.990091
sub-100S1286	1636.0	5458.0	909.0	2596.0	3136.0	2006.0	18284.0	4072.0	4153.0	3756.0	9703.0	2974.0	1946.0	1633.0	1020766.0	1636358.095757
sub-100S4469	1745.0	5748.0	1073.0	3133.0	3235.0	2403.0	16513.0	3704.0	5192.0	3235.0	9486.0	2812.0	1910.0	1871.0	1025085.0	1413887.065383
sub-100S4511	1506.0	5097.0	936.0	2851.0	3162.0	2425.0	17720.0	3212.0	5900.0	3687.0	10346.0	2979.0	1847.0	1226.0	1107206.0	1577717.109209
sub-100S5246	1218.0	4885.0	851.0	2503.0	2244.0	1710.0	13461.0	3461.0	4746.0	3905.0	8473.0	2536.0	1567.0	2208.0	842925.0	1319757.526868
sub-109S4499	1130.0	4693.0	941.0	2843.0	2471.0	2046.0	16704.0	4472.0	5108.0	3842.0	11386.0	4067.0	2344.0	1606.0	1035683.0	1456787.948436
sub-114S0166	1314.0	4131.0	703.0	2411.0	2185.0	1021.0	14026.0	2634.0	3654.0	2780.0	9873.0	2234.0	1045.0	1491.0	843279.0	1496834.395829
sub-114S0173	1731.0	5378.0	918.0	2617.0	2566.0	2092.0	16136.0	3781.0	4130.0	4104.0	10952.0	3309.0	1223.0	1883.0	1003455.0	1636039.791441
sub-114S0416	1409.0	4156.0	906.0	2752.0	2335.0	2015.0	14080.0	3635.0	3904.0	4343.0	10986.0	3423.0	1044.0	1101.0	785567.0	1349457.69301
sub-116S0382	1446.0	5644.0	815.0	2904.0	2511.0	1698.0	14313.0	3553.0	3547.0	3087.0	8583.0	2296.0	1525.0	1249.0	981811.0	1542724.987152
sub-116S1232	1181.0	4299.0	905.0	2314.0	2371.0	2010.0	14436.0	3488.0	4742.0	2982.0	8999.0	2396.0	1460.0	1671.0	947672.0	1402340.158131
sub-116S1249	1715.0	4748.0	899.0	2929.0	2475.0	1820.0	14347.0	2970.0	3944.0	2830.0	7810.0	2481.0	1162.0	958.0	874336.0	1398822.487137
sub-116S4010	1748.0	5154.0	925.0	2590.0	2774.0	2172.0	15858.0	3695.0	5438.0	3603.0	12242.0	3802.0	1286.0	1096.0	878982.0	1293803.202484
sub-116S4043	1574.0	5444.0	1046.0	2905.0	2831.0	2084.0	16932.0	4317.0	5113.0	3777.0	10873.0	3385.0	2297.0	1973.0	1034351.0	1593845.076005
sub-116S4092	2228.0	5526.0	1305.0	3792.0	3090.0	2462.0	18661.0	3687.0	4070.0	4676.0	9922.0	2643.0	1436.0	2262.0	998241.0	1553870.206662
sub-116S4453	1681.0	5979.0	1064.0	3341.0	2489.0	1830.0	18866.0	4277.0	5608.0	4165.0	11249.0	3233.0	1656.0	2005.0	1034264.0	1590429.874853
sub-116S4483	1579.0	4541.0	1113.0	2986.0	2874.0	2184.0	15466.0	3980.0	5041.0	3704.0	9766.0	2999.0	1715.0	2142.0	961653.0	1395492.925523
sub-116S4855	1372.0	4350.0	1035.0	2623.0	2683.0	1975.0	15980.0	3820.0	4462.0	3956.0	10866.0	2942.0	2298.0	1687.0	1009425.0	1627013.651235
sub-123S0072	1391.0	4032.0	853.0	2506.0	2031.0	1454.0	15900.0	3257.0	3894.0	3624.0	11033.0	3856.0	1869.0	1642.0	1035520.0	1578423.426613
sub-123S0106	2011.0	6390.0	1029.0	3426.0	2888.0	2126.0	20623.0	3469.0	4131.0	4118.0	12001.0	2691.0	1583.0	1190.0	1110821.0	1853270.623146
sub-123S0113	1497.0	5393.0	896.0	2838.0	2052.0	1200.0	15909.0	3869.0	4701.0	4016.0	11161.0	3811.0	1736.0	1741.0	1029499.0	1812763.655098
sub-123S0298	1470.0	5124.0	877.0	2399.0	2357.0	1352.0	15360.0	3419.0	4282.0	3405.0	8858.0	3521.0	1645.0	942.0	991925.0	1467119.605332
sub-123S4362	1875.0	5194.0	939.0	2998.0	2617.0	1826.0	17700.0	4001.0	4757.0	3488.0	10401.0	3333.0	1532.0	1491.0	1003610.0	1390485.958101
sub-126S0605	1880.0	5356.0	1044.0	3551.0	3023.0	2228.0	17887.0	4651.0	5294.0	3545.0	9933.0	3960.0	1705.0	1862.0	1132385.0	1778415.328252
sub-126S0680	1268.0	3952.0	752.0	2669.0	2179.0	1537.0	11804.0	3999.0	3965.0	3198.0	7803.0	2756.0	1866.0	1268.0	879440.0	1393491.426201
sub-127S0259	1006.0	3966.0	943.0	2194.0	1923.0	1596.0	12809.0	3333.0	3970.0	3142.0	7235.0	2349.0	1426.0	1805.0	827287.0	1375509.628708
sub-127S0260	1587.0	4474.0	982.0	2610.0	2472.0	2047.0	14305.0	3063.0	4062.0	3049.0	8503.0	2792.0	2332.0	2380.0	863171.0	1284379.598125
sub-127S4148	2000.0	6967.0	1129.0	3443.0	3008.0	2653.0	18216.0	4133.0	5741.0	4899.0	11917.0	3783.0	1850.0	1746.0	1078569.0	1539977.187279
sub-127S4198	1315.0	5124.0	887.0	2544.0	2638.0	1881.0	16578.0	3436.0	4508.0	2628.0	8979.0	2430.0	1118.0	1003.0	926816.0	1370157.410328
sub-127S4604	2189.0	6794.0	1171.0	3782.0	3708.0	2617.0	22084.0	4518.0	6703.0	5029.0	12219.0	4898.0	2244.0	1967.0	1178423.0	1794293.095085
sub-127S4645	1804.0	6383.0	957.0	3157.0	2635.0	2148.0	17824.0	3390.0	4773.0	3132.0	10175.0	3808.0	1826.0	1611.0	1015065.0	1506748.655051
sub-127S4843	1606.0	5526.0	1034.0	3285.0	3372.0	2305.0	21254.0	4731.0	6309.0	3841.0	9300.0	3155.0	1770.0	1629.0	1078415.0	1577433.084299
sub-128S0229	1300.0	4849.0	875.0	2531.0	1588.0	1278.0	12377.0	3551.0	4044.0	3573.0	7924.0	2681.0	1265.0	1288.0	881260.0	1364944.150402
sub-128S0230	1509.0	4793.0	898.0	2699.0	2119.0	1353.0	14402.0	3455.0	3764.0	4074.0	9169.0	2349.0	1157.0	1697.0	1034381.0	1761625.955423
sub-128S0272	1554.0	5870.0	908.0	2689.0	2654.0	1759.0	17738.0	4227.0	4591.0	4525.0	10364.0	3571.0	1918.0	2024.0	1046458.0	1623144.744601
sub-128S0522	1189.0	5063.0	860.0	2253.0	1984.0	1215.0	14662.0	3208.0	4377.0	3698.0	8845.0	3096.0	2001.0	1886.0	1048302.0	1780563.276524
sub-128S0545	1592.0	6703.0	1033.0	2735.0	2317.0	1880.0	17076.0	4719.0	5083.0	4161.0	12021.0	2474.0	2242.0	2185.0	1108565.0	1809132.910046
sub-128S0863	1441.0	5364.0	1013.0	2896.0	2540.0	1577.0	15994.0	3425.0	3895.0	2862.0	8859.0	2710.0	1514.0	2535.0	971305.0	1662631.395346
sub-128S1242	1238.0	3607.0	893.0	2403.0	2191.0	1564.0	14833.0	2905.0	4355.0	2482.0	7450.0	2535.0	1569.0	1250.0	887995.0	1394566.904681
sub-128S4586	2138.0	6185.0	1169.0	3837.0	3025.0	2291.0	18990.0	4688.0	5402.0	3639.0	10368.0	3228.0	1673.0	1533.0	1014479.0	1596258.505287
sub-128S4599	2192.0	6437.0	1103.0	3357.0	3323.0	2435.0	22871.0	4178.0	6185.0	3469.0	12235.0	4161.0	1683.0	1590.0	1251424.0	1724565.254916
sub-128S4607	1886.0	5481.0	1108.0	3310.0	3108.0	2371.0	19599.0	3595.0	5427.0	3528.0	9844.0	3758.0	1319.0	1207.0	1045573.0	1477553.966179
sub-128S4609	1614.0	5280.0	1039.0	2613.0	2707.0	2082.0	15638.0	3561.0	4179.0	4158.0	11195.0	3204.0	1785.0	1872.0	907456.0	1416626.154457
sub-128S4832	1535.0	5923.0	1178.0	3084.0	2646.0	1886.0	17494.0	3435.0	4987.0	4387.0	10396.0	3508.0	1513.0	1375.0	1103826.0	1632655.551223
sub-129S0778	1539.0	5516.0	985.0	3019.0	2776.0	2149.0	16713.0	4791.0	5517.0	4154.0	11706.0	3960.0	2211.0	2041.0	956630.0	1533577.273602
sub-129S4369	1481.0	4982.0	866.0	2621.0	2939.0	1806.0	18161.0	4065.0	5903.0	4376.0	11141.0	3061.0	1751.0	1439.0	1009920.0	1362526.044775
sub-129S4371	1292.0	5145.0	879.0	2937.0	2667.0	1808.0	15128.0	4103.0	5415.0	4380.0	10035.0	2725.0	1891.0	2062.0	960702.0	1374319.53865
sub-129S4396	1463.0	4076.0	785.0	2653.0	2242.0	1534.0	14018.0	3123.0	3822.0	3270.0	8129.0	2343.0	1366.0	1746.0	861849.0	1268612.638669
sub-129S4422	1110.0	4445.0	825.0	2619.0	2366.0	1668.0	16015.0	3827.0	4370.0	3554.0	10742.0	2997.0	1818.0	1336.0	931477.0	1351727.50621
sub-130S0232	1380.0	5603.0	822.0	2488.0	2254.0	1146.0	17953.0	4388.0	5179.0	4070.0	11218.0	4137.0	1494.0	1266.0	1053283.0	1726766.547186
sub-130S0886	1676.0	5262.0	989.0	3032.0	2352.0	1968.0	16352.0	3871.0	4031.0	3119.0	9045.0	2513.0	1767.0	1154.0	937068.0	1410910.126175
sub-130S0969	1519.0	4023.0	777.0	2447.0	2362.0	1601.0	15011.0	3145.0	4575.0	3006.0	10318.0	2742.0	1805.0	1291.0	1045619.0	1649002.749342
sub-130S4343	1824.0	5301.0	981.0	3135.0	2507.0	2128.0	17854.0	3915.0	4695.0	3993.0	11798.0	3143.0	1881.0	1501.0	1043510.0	1540315.535403
sub-130S4352	1438.0	4942.0	873.0	2746.0	2604.0	1793.0	14707.0	3940.0	4463.0	3574.0	9457.0	3046.0	1741.0	1861.0	1013218.0	1607615.551063
sub-131S0123	1175.0	4210.0	899.0	2550.0	2307.0	1858.0	13456.0	3821.0	4095.0	3218.0	9483.0	3351.0	1274.0	1315.0	863623.0	1298518.865268
sub-131S0441	1208.0	4848.0	1231.0	2683.0	2361.0	2021.0	14302.0	3192.0	4064.0	3226.0	9309.0	2875.0	1962.0	2499.0	920637.0	1387284.002844
sub-135S4446	1891.0	6553.0	1052.0	3429.0	2796.0	1767.0	15618.0	4204.0	3722.0	3011.0	9259.0	3414.0	1630.0	2152.0	946630.0	1380782.24791
sub-135S4566	1594.0	5684.0	957.0	2855.0	2961.0	2182.0	18738.0	3347.0	5417.0	4555.0	9942.0	2402.0	1397.0	1415.0	956429.0	1503001.337962
sub-135S4598	2055.0	5567.0	1051.0	3232.0	3537.0	2354.0	19482.0	4106.0	5330.0	3937.0	11400.0	3449.0	1569.0	994.0	1049064.0	1521597.195116
sub-136S0186	1592.0	5605.0	1128.0	2780.0	3009.0	2354.0	17902.0	3740.0	4252.0	4429.0	10046.0	3377.0	1755.0	1482.0	1031515.0	1573694.729086
sub-136S4269	1488.0	5084.0	877.0	2669.0	2306.0	1173.0	15943.0	3472.0	3654.0	3604.0	9687.0	2237.0	2706.0	2491.0	1004439.0	1497608.190219
sub-136S4433	1399.0	5144.0	943.0	2634.0	2424.0	1810.0	14942.0	3264.0	3738.0	3303.0	9541.0	3642.0	1474.0	1969.0	979850.0	1389364.196233
sub-136S4726	1952.0	5946.0	830.0	2846.0	3035.0	1964.0	18492.0	4851.0	5297.0	3395.0	10834.0	3260.0	1672.0	1319.0	1119964.0	1557192.208811
sub-136S4727	1534.0	5292.0	937.0	2775.0	2939.0	2127.0	15946.0	3286.0	3879.0	3378.0	8538.0	2752.0	1615.0	2038.0	906361.0	1377380.590077
sub-137S0301	1663.0	4904.0	930.0	3086.0	2652.0	2051.0	15135.0	3168.0	4652.0	4367.0	11240.0	3556.0	1971.0	2057.0	1015579.0	1451280.648767
sub-137S0972	1321.0	4792.0	966.0	2728.0	2760.0	2135.0	15473.0	4139.0	4659.0	3600.0	8862.0	2973.0	1158.0	1619.0	935531.0	1465760.533881
sub-137S4466	1431.0	5314.0	994.0	2831.0	2960.0	2229.0	18402.0	3776.0	4826.0	3625.0	11191.0	3962.0	1731.0	2105.0	1003904.0	1530749.512418
sub-137S4482	1444.0	5327.0	1055.0	2889.0	2638.0	1967.0	15922.0	3488.0	4430.0	3508.0	8557.0	3265.0	1426.0	1431.0	900937.0	1389805.520956
sub-137S4520	1614.0	5531.0	1063.0	2974.0	2639.0	2068.0	17467.0	4119.0	5137.0	4165.0	12777.0	4420.0	1923.0	2310.0	1157410.0	1577581.708708
sub-137S4587	1770.0	5167.0	914.0	2796.0	2230.0	1690.0	16673.0	3972.0	4265.0	3227.0	11582.0	3514.0	1894.0	2182.0	922113.0	1377212.508159
sub-137S4632	1520.0	5785.0	1101.0	2799.0	2895.0	2031.0	15550.0	4779.0	6069.0	3911.0	11307.0	3135.0	2674.0	2802.0	1116547.0	1639418.683536
sub-141S0717	2042.0	5111.0	1011.0	3226.0	2263.0	1382.0	15539.0	3585.0	3786.0	5016.0	12391.0	3412.0	1648.0	1121.0	1131498.0	1813448.206093
sub-141S0767	1867.0	5740.0	1174.0	2944.0	2635.0	2094.0	16259.0	3163.0	4279.0	4489.0	10205.0	2658.0	1417.0	1464.0	906588.0	1297735.585428
sub-153S4125	1583.0	4908.0	1023.0	2903.0	2732.0	1984.0	15906.0	3401.0	4182.0	3091.0	9283.0	2901.0	1507.0	1755.0	894695.0	1308163.914274
sub-153S4139	1353.0	4326.0	894.0	2526.0	2676.0	1980.0	17429.0	4062.0	4890.0	3285.0	8903.0	3223.0	1611.0	1490.0	883531.0	1276535.224567
sub-153S4151	1463.0	4188.0	833.0	2713.0	2467.0	1740.0	16252.0	3357.0	5015.0	3344.0	8626.0	2950.0	1553.0	1308.0	861078.0	1314784.546112
sub-153S4372	1440.0	4554.0	969.0	2803.0	2597.0	1711.0	14992.0	3412.0	3962.0	3400.0	9576.0	3247.0	1933.0	1643.0	915746.0	1350920.617123
sub-941S1195	1418.0	5682.0	1112.0	3006.0	2393.0	2180.0	18433.0	3879.0	7122.0	4253.0	10687.0	3380.0	2584.0	2654.0	1003304.0	1587230.896674
sub-941S1202	1432.0	5394.0	984.0	2509.0	2845.0	2084.0	17189.0	3717.0	4911.0	2757.0	9847.0	4483.0	858.0	764.0	990794.0	1632443.695868
sub-941S1203	1526.0	4762.0	956.0	2786.0	2489.0	1820.0	17068.0	3575.0	4676.0	3031.0	8218.0	2694.0	1675.0	1871.0	881116.0	1406361.694575
sub-941S4066	1790.0	5490.0	972.0	3193.0	2834.0	1842.0	15263.0	3269.0	3574.0	3207.0	9973.0	2807.0	1233.0	1006.0	877640.0	1423322.903793
sub-941S4100	2332.0	5204.0	948.0	3321.0	2586.0	1971.0	18089.0	4162.0	5202.0	2993.0	9874.0	4053.0	1925.0	1795.0	1013370.0	1579475.76931
sub-941S4255	2197.0	6781.0	1200.0	4141.0	2865.0	2250.0	20078.0	4001.0	4993.0	3239.0	9010.0	2437.0	1596.0	1335.0	1035029.0	1602607.335152
sub-941S4292	1633.0	5245.0	1103.0	3177.0	2897.0	2254.0	18202.0	3763.0	4141.0	3752.0	10328.0	2997.0	1714.0	1606.0	999881.0	1484738.773689
sub-941S4365	1582.0	6426.0	1009.0	2975.0	2720.0	1726.0	19322.0	4543.0	5383.0	3682.0	9697.0	2835.0	1760.0	2090.0	1091136.0	1724259.741326
sub-941S4376	1198.0	4501.0	1032.0	2634.0	2660.0	1807.0	16356.0	3351.0	4485.0	3857.0	9372.0	2845.0	1840.0	1889.0	928015.0	1400893.739842
