lh.aparc.DKTatlas.thickness	lh_caudalanteriorcingulate_thickness	lh_caudalmiddlefrontal_thickness	lh_cuneus_thickness	lh_entorhinal_thickness	lh_fusiform_thickness	lh_inferiorparietal_thickness	lh_inferiortemporal_thickness	lh_isthmuscingulate_thickness	lh_lateraloccipital_thickness	lh_lateralorbitofrontal_thickness	lh_lingual_thickness	lh_medialorbitofrontal_thickness	lh_middletemporal_thickness	lh_parahippocampal_thickness	lh_paracentral_thickness	lh_parsopercularis_thickness	lh_parsorbitalis_thickness	lh_parstriangularis_thickness	lh_pericalcarine_thickness	lh_postcentral_thickness	lh_posteriorcingulate_thickness	lh_precentral_thickness	lh_precuneus_thickness	lh_rostralanteriorcingulate_thickness	lh_rostralmiddlefrontal_thickness	lh_superiorfrontal_thickness	lh_superiorparietal_thickness	lh_superiortemporal_thickness	lh_supramarginal_thickness	lh_transversetemporal_thickness	lh_insula_thickness	lh_MeanThickness_thickness	BrainSegVolNotVent	eTIV
sub-002S0295	2.546	2.608	1.966	3.518	2.666	2.416	2.615	2.14	2.086	2.453	1.797	2.147	2.703	2.359	2.566	2.612	2.824	2.437	1.662	2.036	2.301	2.484	2.428	2.405	2.292	2.459	2.363	2.57	2.509	2.494	2.922	2.39998	1049464.0	1683891.325623
sub-002S0413	2.65	2.619	1.995	3.524	2.659	2.459	2.874	2.05	2.228	2.592	2.056	2.023	2.697	2.876	2.413	2.629	2.415	2.428	1.568	2.055	2.395	2.732	2.436	2.764	2.358	2.56	2.347	2.772	2.498	2.485	3.043	2.46315	1031417.0	1468504.820203
sub-002S0685	2.494	2.268	1.835	2.736	2.383	2.228	2.749	2.353	1.998	2.418	1.913	2.246	2.462	2.854	2.277	2.437	2.561	2.335	1.54	1.899	2.277	2.266	2.137	2.598	2.187	2.425	2.021	2.489	2.497	1.703	2.616	2.25769	981016.0	1543022.145788
sub-002S1261	2.51	2.543	1.992	2.871	2.555	2.34	2.602	2.17	2.138	2.56	2.009	2.184	2.62	2.684	2.534	2.624	2.715	2.457	1.684	2.103	2.087	2.521	2.377	2.593	2.373	2.602	2.209	2.763	2.536	2.381	2.891	2.40697	971327.0	1486914.720552
sub-002S1280	2.511	2.423	1.898	2.905	2.427	2.277	2.694	2.174	2.174	2.533	1.688	1.968	2.552	2.794	2.353	2.305	2.626	2.173	1.461	2.039	2.49	2.449	2.316	2.791	2.236	2.433	2.171	2.617	2.349	2.229	2.771	2.33474	912236.0	1420831.701808
sub-002S4213	2.285	2.474	1.903	3.567	2.485	2.378	2.801	2.583	2.181	2.552	1.857	2.03	2.633	3.411	2.269	2.343	2.673	2.229	1.616	2.085	2.434	2.426	2.297	2.316	2.311	2.393	2.169	2.695	2.528	2.169	2.77	2.35274	929490.0	1457811.479267
sub-002S4225	2.581	2.577	1.944	3.406	2.82	2.453	2.838	2.412	2.403	2.671	2.17	2.197	2.784	2.807	2.501	2.474	2.426	2.324	1.732	2.166	2.441	2.592	2.329	2.478	2.32	2.443	2.258	2.798	2.447	2.578	2.823	2.47206	1225004.0	1880480.84738
sub-002S4262	2.628	2.525	1.873	2.793	2.481	2.236	2.7	2.211	2.125	2.383	2.016	2.122	2.566	2.451	2.791	2.485	2.407	2.251	1.503	2.065	2.251	2.468	2.409	2.518	2.247	2.451	2.066	2.721	2.45	2.504	2.836	2.35095	877597.0	1574305.99148
sub-002S4264	2.83	2.262	1.649	2.515	2.443	2.141	2.526	2.746	1.934	2.501	1.862	2.104	2.522	2.193	2.243	2.244	2.488	2.022	1.362	1.79	2.519	2.269	2.069	2.554	2.058	2.307	1.914	2.478	2.257	2.021	3.05	2.20554	946496.0	1432436.642983
sub-002S4270	2.546	2.529	1.696	3.339	2.558	2.275	2.816	2.626	2.081	2.615	1.968	2.241	2.491	2.274	2.326	2.38	2.571	2.329	1.495	1.92	2.317	2.474	2.284	2.577	2.292	2.472	1.92	2.646	2.256	2.211	2.949	2.32292	999849.0	1495734.272789
sub-003S0907	2.852	1.989	1.648	2.322	2.328	1.993	2.519	1.872	1.773	2.275	1.807	2.067	2.23	2.678	1.907	1.96	2.044	2.023	1.315	1.661	2.215	1.931	1.98	2.777	1.971	2.135	1.612	2.323	1.905	2.151	2.826	2.02755	833101.0	1408413.108412
sub-003S0981	2.771	2.189	1.653	3.132	2.372	1.993	2.385	2.104	1.909	2.325	1.811	2.019	2.256	2.803	2.12	2.195	2.29	1.998	1.48	1.751	2.191	1.966	1.946	2.886	2.084	2.318	1.896	2.186	2.16	1.584	2.777	2.12214	823439.0	3074205.906953
sub-003S4081	2.719	2.35	1.88	3.492	2.62	2.186	3.016	2.382	2.152	2.563	2.073	2.211	2.664	3.105	2.49	2.529	2.515	2.179	1.976	1.955	2.463	2.546	2.252	3.044	2.025	2.306	2.011	2.782	2.455	1.834	3.036	2.36923	802731.0	1175637.939837
sub-003S4119	2.556	2.139	1.736	4.145	2.776	2.186	2.799	2.565	2.083	2.492	1.768	2.299	2.597	3.114	2.268	2.417	2.492	2.192	1.527	1.816	2.44	2.28	2.215	2.411	2.032	2.17	1.831	2.783	2.472	2.235	3.009	2.28379	1085194.0	1540009.985009
sub-003S4288	2.628	2.134	1.616	2.599	2.333	2.071	2.794	1.841	1.806	2.524	1.829	2.221	2.663	2.708	2.213	2.18	2.185	2.035	1.415	1.922	2.379	2.119	2.096	2.728	2.028	2.278	1.894	2.505	2.288	2.042	2.8	2.18966	868201.0	1213393.324962
sub-003S4350	2.349	2.325	1.727	3.121	2.342	2.304	2.562	2.057	2.056	2.501	1.779	2.495	2.624	2.632	2.196	2.362	2.335	2.395	1.495	2.057	2.24	2.388	2.083	2.522	2.246	2.444	2.029	2.558	2.213	2.142	2.882	2.294	1116021.0	1421978.642033
sub-003S4441	2.721	2.404	1.89	3.811	2.702	2.209	2.792	2.555	2.037	2.53	1.951	2.311	2.677	3.041	2.405	2.56	2.707	2.326	1.847	1.907	2.275	2.664	2.164	2.75	2.319	2.417	1.991	2.729	2.564	2.398	3.012	2.40164	1105372.0	1530622.913335
sub-003S4555	2.392	2.269	1.755	2.501	2.34	2.294	2.486	2.771	2.084	2.568	2.013	2.406	2.441	2.683	2.26	2.639	2.535	2.273	1.766	1.977	2.503	2.343	2.051	2.721	2.22	2.316	2.042	2.489	2.352	2.119	2.719	2.28799	1019373.0	1384959.507897
sub-003S4644	2.544	2.328	1.776	3.634	2.487	2.23	2.658	2.261	1.865	2.478	1.844	2.416	2.654	2.817	2.271	2.387	2.534	2.29	1.519	1.976	2.314	2.453	2.046	2.558	2.171	2.385	1.853	2.815	2.247	2.177	2.773	2.27684	975313.0	1365713.781841
sub-003S4839	2.709	2.327	1.776	3.733	2.732	2.378	2.573	2.282	2.223	2.607	2.075	2.15	2.611	2.701	2.32	2.319	2.387	2.433	1.457	2.024	2.536	2.557	2.226	2.497	2.104	2.317	1.961	2.663	2.403	2.021	2.981	2.35215	975693.0	1369211.809852
sub-003S4840	2.363	2.365	1.984	3.143	2.742	2.162	2.904	2.325	2.001	2.714	2.028	2.333	2.92	2.757	2.224	2.481	2.451	2.222	1.66	1.905	2.17	2.33	2.143	2.52	2.325	2.307	1.852	2.799	2.306	1.984	2.926	2.3414	1100815.0	1448127.526802
sub-003S4872	2.695	2.442	2.224	2.974	2.772	2.288	2.671	2.753	2.167	2.608	2.316	2.322	2.561	2.763	2.549	2.476	2.441	2.517	1.847	2.109	2.528	2.51	2.322	2.538	2.323	2.555	2.173	2.782	2.582	2.338	2.886	2.45093	1014951.0	1448192.20547
sub-003S4900	2.382	2.403	1.931	2.916	2.672	2.357	3.0	2.267	2.191	2.552	2.264	2.324	2.802	2.58	2.406	2.586	2.736	2.443	1.804	2.031	2.304	2.625	2.225	2.461	2.453	2.534	2.103	2.766	2.522	2.059	3.057	2.44937	978392.0	1215856.919368
sub-005S0553	2.109	2.151	1.723	2.785	2.181	2.031	2.594	2.227	1.877	2.327	1.814	2.282	2.43	2.429	2.131	2.323	2.328	2.12	1.631	1.855	2.271	2.243	2.088	2.45	2.035	2.235	1.864	2.519	2.162	2.386	2.643	2.15786	917208.0	1540761.958465
sub-005S0602	2.278	2.203	1.639	3.13	2.561	2.266	2.604	2.333	1.878	2.583	1.819	2.315	2.564	2.801	2.22	2.259	2.324	2.246	1.44	1.857	2.292	2.409	2.158	2.657	2.075	2.347	1.948	2.548	2.357	2.45	2.884	2.25954	983743.0	1385998.576713
sub-005S0610	2.342	2.138	1.735	2.86	2.389	1.999	2.612	2.235	1.758	2.557	1.711	2.177	2.444	3.01	1.928	2.448	2.415	2.071	1.54	1.619	2.167	2.013	1.998	2.437	1.972	2.097	1.705	2.624	2.153	1.923	2.753	2.11068	891703.0	1460837.307316
sub-006S0498	2.688	2.186	1.796	3.437	2.738	2.161	2.883	2.423	2.05	2.662	2.217	2.126	2.689	2.902	1.993	2.331	2.219	2.091	1.573	1.81	2.562	2.193	2.215	2.888	2.195	2.355	1.954	2.682	2.435	2.48	3.22	2.32908	1066582.0	1636697.177721
sub-006S0731	2.526	2.194	1.841	3.552	2.482	2.216	2.796	2.459	2.024	2.774	1.873	2.505	2.632	2.701	2.154	2.234	2.475	2.284	1.596	1.76	2.319	2.171	1.996	2.818	2.308	2.444	1.907	2.333	2.203	2.079	2.859	2.25033	982881.0	1494517.802949
sub-006S4150	2.709	2.132	1.888	3.783	2.774	2.215	2.648	2.218	2.254	2.663	2.019	2.054	2.558	3.022	2.175	2.274	2.418	2.18	1.542	1.846	2.299	2.18	2.098	2.324	2.121	2.21	1.873	2.458	2.233	1.951	2.849	2.24561	1054806.0	1605626.307878
sub-006S4357	2.627	2.335	1.693	3.13	2.658	2.24	2.688	2.722	2.108	2.725	1.912	2.336	2.575	3.38	2.13	2.341	2.622	2.405	1.679	1.95	2.386	2.332	2.209	2.65	2.234	2.337	1.975	2.616	2.36	2.352	2.855	2.32457	876915.0	1148315.525837
sub-006S4449	2.715	2.297	1.813	3.957	2.522	2.326	2.836	2.417	2.194	2.713	1.98	2.331	2.704	2.862	2.363	2.44	2.491	2.265	1.554	1.959	2.579	2.521	2.181	2.509	2.271	2.506	2.092	2.862	2.461	2.302	3.201	2.38945	1207593.0	1792794.524345
sub-006S4485	2.409	2.054	1.668	3.672	2.581	2.082	2.76	2.383	1.961	2.724	1.88	2.328	2.53	2.902	1.894	2.144	2.246	2.023	1.557	1.737	2.359	2.1	1.983	2.363	1.9	2.087	1.782	2.3	2.163	1.775	2.84	2.15845	1108943.0	1688758.614764
sub-007S1206	2.747	2.331	1.659	2.807	2.458	2.124	2.653	2.135	1.968	2.465	1.886	2.36	2.457	2.525	2.368	2.358	2.294	2.101	1.512	1.821	2.281	2.488	2.023	2.427	2.103	2.429	1.852	2.629	2.246	2.151	2.941	2.25833	1109840.0	1711488.986575
sub-007S1222	2.24	2.115	1.528	2.373	2.442	2.191	2.335	2.245	1.887	2.478	1.754	2.259	2.433	2.549	1.814	2.231	2.384	1.977	1.397	1.539	2.117	1.833	2.11	2.41	2.055	2.246	1.78	2.423	2.141	1.645	2.7	2.10535	896150.0	1347342.66089
sub-007S4387	2.644	2.361	1.753	3.492	2.648	2.203	2.795	2.183	2.019	2.374	1.815	2.237	2.754	2.8	2.12	2.376	2.344	2.185	1.528	1.903	2.47	2.372	2.176	2.657	2.26	2.227	1.927	2.711	2.329	2.255	2.911	2.28381	934388.0	1387400.721012
sub-007S4488	2.556	2.15	1.782	3.478	2.673	2.188	2.597	2.384	2.043	2.363	2.056	2.585	2.414	3.614	2.237	2.324	2.173	1.948	1.774	1.967	2.31	2.351	2.065	2.829	2.024	2.25	1.792	2.546	2.355	2.249	2.775	2.25509	1137958.0	1607405.87503
sub-007S4516	2.511	2.256	1.814	3.519	2.531	2.189	2.695	2.239	2.04	2.627	1.853	2.37	2.598	2.988	2.176	2.48	2.334	2.165	1.642	1.699	2.209	2.388	2.199	2.785	2.147	2.303	1.895	2.632	2.291	2.341	2.97	2.27385	1032285.0	1415187.264209
sub-007S4620	2.401	2.371	1.888	3.104	2.73	2.383	2.966	2.214	2.126	2.526	1.905	2.214	2.852	2.068	2.369	2.364	2.619	2.352	1.467	1.955	2.411	2.443	2.259	2.554	2.192	2.286	2.063	2.71	2.381	1.94	2.766	2.35048	935229.0	1454466.949158
sub-007S4637	2.663	2.303	1.886	3.164	2.454	2.163	2.498	2.432	2.102	2.463	1.98	2.627	2.5	2.923	2.055	2.375	2.477	2.042	1.685	1.813	2.267	2.316	2.173	2.5	2.054	2.348	1.961	2.61	2.244	2.403	2.72	2.24958	927957.0	1309197.040793
sub-009S0751	2.335	2.311	1.944	3.025	2.687	2.28	2.73	2.61	2.118	2.582	1.972	2.174	2.616	2.523	2.241	2.494	2.479	2.191	1.487	1.967	2.301	2.479	2.3	2.604	2.294	2.441	1.939	2.711	2.335	2.412	2.646	2.33871	1027155.0	1691257.521957
sub-009S0842	2.29	2.399	2.019	3.094	2.791	2.445	2.797	2.456	2.159	2.505	2.046	2.458	2.804	2.533	2.367	2.437	2.693	2.181	1.521	2.046	2.27	2.492	2.437	2.269	2.123	2.386	2.317	2.745	2.459	2.371	2.835	2.4041	1097114.0	1656701.514839
sub-009S4337	2.202	2.331	1.73	3.413	2.348	2.325	2.752	2.035	2.154	2.392	1.886	2.215	2.535	2.606	2.454	2.296	2.439	2.145	1.431	2.064	2.277	2.343	2.344	2.382	2.106	2.317	2.0	2.676	2.345	2.137	2.628	2.29644	967708.0	1502186.05902
sub-009S4388	2.563	2.51	1.965	3.619	2.357	2.363	2.581	2.158	2.247	2.571	1.97	2.252	2.606	2.643	2.458	2.372	2.424	2.243	1.766	2.152	2.328	2.566	2.466	2.668	2.202	2.513	2.465	2.704	2.461	2.22	2.777	2.40971	1113336.0	1670964.340858
sub-009S4612	2.522	2.539	2.129	3.287	2.714	2.437	2.702	2.423	2.354	2.434	2.093	2.227	2.812	2.614	2.485	2.582	2.726	2.518	1.721	2.172	2.367	2.552	2.477	2.694	2.32	2.523	2.219	2.873	2.532	2.455	3.07	2.47897	891416.0	1192550.067527
sub-010S0419	2.622	2.571	1.742	3.664	2.72	2.252	2.816	2.195	2.028	2.633	1.891	2.023	2.72	2.944	2.229	2.576	2.517	2.342	1.527	1.921	2.593	2.431	2.039	2.609	2.311	2.501	1.972	2.726	2.268	2.227	3.054	2.34841	1063906.0	1628289.97458
sub-010S0420	2.471	2.213	1.652	3.384	2.428	2.312	2.728	1.963	1.935	2.489	1.659	1.888	2.807	2.765	2.326	2.216	2.327	2.063	1.405	1.879	2.328	2.23	1.985	2.297	2.12	2.34	1.957	2.666	2.332	2.262	2.975	2.23773	1027497.0	1503139.446854
sub-010S4345	2.567	2.471	1.829	3.624	2.612	2.283	2.908	2.65	2.0	2.62	1.792	2.294	2.776	2.978	2.348	2.679	2.488	2.211	1.473	1.902	2.678	2.41	2.303	2.602	2.143	2.587	2.007	2.755	2.39	2.34	3.08	2.39586	1042921.0	1579937.08795
sub-010S4442	2.623	2.579	1.743	2.996	2.576	2.276	2.665	2.277	2.077	2.708	1.838	2.092	2.646	2.455	2.107	2.616	2.793	2.424	1.442	1.905	2.103	2.286	2.285	3.025	2.515	2.498	1.969	2.699	2.335	2.185	3.15	2.35679	963275.0	1230255.159956
sub-011S0021	2.574	2.375	1.695	3.006	2.647	2.23	2.591	2.297	1.923	2.359	1.816	2.239	2.53	2.674	2.19	2.53	2.434	2.364	1.615	1.967	2.343	2.33	2.113	2.658	2.293	2.332	1.976	2.655	2.319	2.266	2.883	2.28751	873882.0	1373135.659751
sub-011S0023	2.716	2.623	1.757	3.179	2.584	2.241	2.569	2.02	2.007	2.485	1.91	2.13	2.517	2.888	2.397	2.597	2.351	2.224	1.672	2.017	2.149	2.565	2.18	2.722	2.288	2.528	2.132	2.708	2.43	2.147	2.813	2.3448	1008068.0	1537336.193831
sub-011S4075	2.418	2.479	2.231	3.717	2.722	2.52	2.681	2.167	2.323	2.667	2.139	2.286	2.71	2.835	2.568	2.52	2.581	2.354	1.807	2.092	2.234	2.463	2.388	2.847	2.335	2.507	2.286	2.911	2.458	2.313	3.081	2.48083	1044879.0	1563584.684012
sub-011S4105	2.035	2.433	1.928	3.77	2.653	2.373	2.725	2.017	2.191	2.439	1.907	2.231	2.713	2.826	2.261	2.326	2.374	2.19	1.751	2.042	2.23	2.315	2.24	2.308	2.133	2.43	2.284	2.665	2.416	1.985	2.704	2.33365	944529.0	1471143.5108
sub-011S4120	2.852	2.369	1.795	2.809	2.398	2.262	2.683	2.421	1.96	2.632	1.903	2.317	2.501	2.781	2.167	2.333	2.734	2.161	1.517	1.928	2.485	2.365	2.179	2.556	2.246	2.455	1.988	2.335	2.265	2.259	3.075	2.26817	916281.0	1410136.302794
sub-011S4222	2.576	2.431	1.848	1.988	2.472	2.38	2.623	2.297	2.162	2.384	1.98	2.221	2.446	1.967	2.249	2.354	2.518	2.149	1.46	1.939	2.214	2.316	2.171	2.477	2.094	2.459	2.127	2.342	2.368	2.346	2.793	2.2781	908207.0	1409857.710323
sub-011S4278	2.54	2.501	1.953	3.406	2.591	2.327	2.661	2.375	2.175	2.624	1.989	2.402	2.708	2.995	2.372	2.422	2.303	2.204	1.694	2.123	2.443	2.547	2.414	2.838	2.324	2.632	2.214	2.851	2.384	2.491	2.753	2.43734	985282.0	1590363.320442
sub-012S4026	2.826	2.579	1.797	3.515	2.563	2.271	2.632	2.407	1.979	2.713	1.817	2.362	2.62	2.762	2.305	2.596	2.727	2.314	1.507	1.983	2.653	2.542	2.285	2.479	2.37	2.455	2.072	2.783	2.335	2.615	2.963	2.37946	1050425.0	1620670.609621
sub-012S4545	2.71	2.363	1.999	3.493	2.693	2.311	2.794	2.136	2.125	2.569	1.985	2.666	2.79	2.866	2.448	2.584	2.687	2.372	1.505	1.999	2.346	2.388	2.46	2.955	2.441	2.661	2.137	2.562	2.311	2.147	2.955	2.42052	1131833.0	1500592.047643
sub-012S4643	2.981	2.26	1.708	3.753	2.674	2.266	2.631	2.247	2.172	2.806	1.898	2.321	2.623	3.203	2.409	2.519	2.56	2.264	1.454	1.937	2.442	2.494	2.32	2.59	2.209	2.409	2.081	2.688	2.301	2.004	3.018	2.36047	985283.0	1513785.948144
sub-013S4579	2.746	2.463	2.016	2.922	2.581	2.193	2.789	2.191	2.01	2.825	2.013	2.583	2.633	3.036	2.407	2.594	2.52	2.551	2.019	1.979	2.35	2.353	2.185	2.655	2.609	2.556	2.034	2.559	2.461	2.043	3.402	2.3863	885886.0	1441982.438839
sub-013S4580	2.516	2.173	1.896	3.2	2.539	2.266	2.596	2.166	2.101	2.502	1.969	2.215	2.564	2.834	2.127	2.195	2.586	2.009	1.587	1.92	2.32	2.129	2.075	2.769	2.202	2.416	1.958	2.501	2.257	2.067	2.795	2.25444	957136.0	1368992.959255
sub-013S4616	2.126	2.156	2.005	2.983	2.456	2.24	2.371	2.019	2.094	2.572	1.971	2.365	2.404	2.393	2.312	2.124	2.588	2.192	2.009	1.932	2.037	2.12	2.222	2.077	2.101	2.217	2.039	2.335	2.195	1.909	2.631	2.20137	1031889.0	1835733.260113
sub-013S4731	2.732	2.326	1.691	2.17	2.458	2.422	2.734	2.178	1.921	2.396	1.801	1.974	2.669	2.148	2.234	2.373	2.642	2.308	1.477	2.035	2.339	2.459	2.307	2.719	2.116	2.432	2.03	2.644	2.488	2.207	2.705	2.30801	902209.0	1432389.810952
sub-014S0519	2.478	2.213	1.963	3.504	2.611	2.28	2.692	2.123	2.015	2.532	1.806	2.265	2.467	2.847	2.298	2.438	2.721	2.2	1.433	1.84	2.35	2.182	2.162	2.548	2.149	2.4	2.102	2.427	2.343	1.842	2.82	2.2592	1015746.0	1534372.101223
sub-014S0520	2.336	2.074	1.743	2.565	2.612	2.082	2.691	1.965	1.972	2.478	1.972	2.029	2.547	2.347	1.803	2.165	2.286	2.148	1.447	1.792	2.084	1.862	1.925	2.319	1.917	2.024	1.741	2.392	2.03	1.771	2.654	2.08615	1095798.0	1526919.965463
sub-014S0548	2.47	1.888	1.62	2.722	2.279	1.849	2.349	2.214	2.035	2.111	1.924	1.87	2.079	2.279	2.007	2.142	2.228	1.906	1.451	1.725	2.365	2.003	1.891	2.413	1.83	2.021	1.66	2.104	1.94	1.836	2.573	1.99269	1009163.0	1551078.622055
sub-014S4080	2.482	2.363	1.893	2.795	2.621	2.148	2.659	2.296	2.049	2.824	2.096	2.319	2.417	2.524	2.141	2.266	2.294	2.263	1.566	1.937	2.145	2.202	2.215	2.942	2.464	2.465	1.938	2.537	2.414	2.225	3.133	2.31799	910854.0	1391923.16458
sub-014S4093	2.327	2.548	2.067	3.317	2.635	2.421	2.749	2.122	2.297	2.524	1.913	2.413	2.62	2.718	2.272	2.568	2.268	2.256	1.817	2.171	2.206	2.597	2.618	2.552	2.37	2.721	2.375	2.63	2.518	2.209	2.773	2.46304	1072590.0	1704672.333204
sub-014S4401	2.534	2.374	2.058	3.298	2.706	2.271	2.719	2.157	2.254	2.546	2.146	2.102	2.701	2.694	2.36	2.463	2.579	2.272	1.702	2.052	2.392	2.512	2.27	2.599	2.318	2.473	2.115	2.813	2.368	2.224	2.811	2.40145	1075572.0	1470561.153388
sub-014S4576	2.625	2.414	1.945	3.478	2.793	2.421	2.601	2.551	2.289	2.587	2.023	2.561	2.752	2.8	2.321	2.533	2.996	2.388	1.612	2.1	2.476	2.453	2.276	2.773	2.438	2.512	2.229	2.917	2.549	2.474	3.019	2.47733	902283.0	1222097.95918
sub-014S4577	2.36	2.284	1.742	2.602	2.363	2.141	2.51	2.08	1.945	2.51	1.943	2.47	2.349	1.986	2.043	2.399	2.157	2.185	1.517	1.816	2.192	2.232	2.023	2.561	2.271	2.393	1.93	2.3	2.109	1.869	2.809	2.19	979468.0	1457798.214596
sub-016S0359	2.633	2.206	1.662	3.375	2.275	2.129	2.677	2.136	2.04	2.296	1.674	2.229	2.484	2.644	2.147	2.384	2.52	2.277	1.426	1.805	2.339	2.222	2.164	3.142	2.256	2.458	1.894	2.315	2.207	2.285	2.737	2.21596	779559.0	1204786.766552
sub-016S4097	2.245	2.473	1.773	3.376	2.638	2.282	2.829	2.293	2.212	2.729	1.872	2.235	2.707	2.726	2.251	2.381	2.46	2.255	1.637	1.939	2.144	2.462	2.212	2.342	2.08	2.41	2.001	2.839	2.382	2.114	2.71	2.34921	947514.0	1200206.93281
sub-016S4121	2.595	2.088	1.547	3.504	2.464	2.064	2.839	2.484	1.948	2.716	1.837	2.233	2.562	2.51	1.954	2.55	2.349	2.018	1.366	1.736	2.112	2.033	2.021	2.596	2.081	2.186	1.768	2.421	2.039	1.839	2.895	2.13855	918187.0	1416440.25552
sub-016S4638	1.947	2.162	1.75	2.565	2.598	2.121	2.648	2.44	1.998	2.572	1.922	2.163	2.557	2.495	2.209	2.316	2.4	2.287	1.634	1.91	2.058	2.197	2.178	2.213	2.045	2.191	1.793	2.534	2.271	2.287	2.73	2.20943	1111526.0	1522101.871414
sub-016S4688	2.696	2.125	1.785	3.145	2.508	2.168	2.803	2.511	1.93	2.365	1.914	2.132	2.636	2.293	2.113	2.363	2.389	2.224	1.613	1.899	2.564	2.324	2.104	2.787	2.211	2.291	1.83	2.622	2.191	2.046	3.025	2.26036	912553.0	1274897.505263
sub-016S4951	2.621	2.153	1.827	3.481	2.689	2.045	2.927	2.529	1.935	2.462	2.046	2.382	2.685	3.263	2.154	2.465	2.239	2.133	1.514	1.793	2.232	2.289	2.185	2.991	1.996	2.291	2.009	2.666	2.207	2.072	3.131	2.28419	974685.0	1381934.595104
sub-016S4952	2.772	2.207	1.819	3.638	2.455	2.124	2.764	2.388	1.98	2.565	1.748	2.523	2.592	2.975	2.132	2.393	2.276	2.124	1.66	1.931	2.381	2.34	2.151	2.794	2.163	2.535	1.935	2.669	2.286	2.215	2.725	2.29142	897906.0	1249412.930232
sub-018S0055	2.386	2.413	1.515	3.052	2.441	2.148	2.794	2.372	1.864	2.375	1.748	2.19	2.536	2.424	1.957	2.395	2.173	2.217	1.383	1.712	2.036	2.203	1.97	2.138	2.161	2.325	1.776	2.381	2.208	1.846	2.674	2.16766	1068819.0	1860745.580041
sub-018S4257	2.547	2.306	1.519	2.902	2.259	2.021	2.481	2.14	1.841	2.28	1.659	2.024	2.564	2.857	2.129	2.169	2.414	2.054	1.422	1.704	2.353	2.297	2.009	2.358	1.928	2.236	1.748	2.276	2.04	1.971	2.603	2.11037	1183019.0	1825085.282837
sub-018S4349	2.659	2.298	1.761	3.554	2.595	2.241	2.727	2.254	2.138	2.632	1.88	2.579	2.657	2.969	2.284	2.417	2.598	2.265	1.285	1.908	2.516	2.268	2.186	2.8	2.216	2.52	1.93	2.817	2.379	2.012	2.94	2.33812	1165315.0	1640216.898661
sub-018S4399	2.323	2.267	1.744	3.642	2.553	2.223	3.205	2.471	2.013	2.735	1.856	2.28	2.715	2.55	1.97	2.341	2.367	2.037	1.408	1.751	2.453	2.154	2.191	2.402	2.161	2.294	1.979	2.614	2.305	1.78	3.064	2.27949	924171.0	1352778.430478
sub-018S4400	2.64	2.443	1.944	3.228	2.952	2.266	2.884	2.448	2.22	2.667	2.093	2.405	2.714	3.437	2.231	2.413	2.586	2.458	1.609	2.019	2.293	2.432	2.279	2.656	2.294	2.467	1.996	2.858	2.473	2.444	3.252	2.42523	979402.0	1484060.559027
sub-019S4367	2.458	2.242	1.735	2.746	2.556	2.22	2.792	2.358	1.974	2.828	1.94	2.19	2.398	2.643	2.081	2.346	2.63	2.314	1.587	1.712	2.451	1.868	2.182	2.297	2.24	2.38	2.051	2.383	2.205	1.761	3.012	2.23747	1065435.0	1404780.76974
sub-019S4835	2.493	2.18	1.792	3.276	2.396	2.128	2.663	2.441	1.874	2.413	1.806	2.173	2.579	3.069	2.117	2.329	2.416	2.077	1.414	1.956	2.285	2.315	1.967	2.488	1.992	2.189	1.881	2.643	2.402	1.795	2.976	2.21602	1136765.0	1688211.338736
sub-020S1288	2.497	2.409	1.693	3.381	2.77	2.28	2.852	2.001	2.125	2.603	2.04	2.43	2.76	3.339	2.367	2.508	2.484	2.312	1.483	1.967	2.508	2.416	2.27	2.765	2.237	2.542	1.915	2.749	2.296	2.296	2.948	2.38782	1193318.0	1686357.566228
sub-021S0159	2.169	2.112	1.907	2.94	2.379	2.413	2.538	2.01	2.116	2.214	1.829	2.057	2.322	2.641	2.343	2.474	2.295	2.137	1.536	1.938	2.241	2.246	2.122	2.765	2.044	2.297	2.07	2.424	2.151	2.146	2.628	2.20788	865254.0	1245772.285429
sub-021S0337	2.101	2.239	1.764	2.727	2.373	2.157	2.806	2.024	1.907	2.505	1.797	2.64	2.535	2.01	2.195	2.432	2.266	2.216	1.758	1.794	2.231	2.188	2.016	2.631	2.146	2.333	1.889	2.447	2.303	2.041	3.252	2.21955	970742.0	1733726.461237
sub-021S4254	2.587	2.196	1.581	2.668	2.638	2.087	2.628	2.186	2.013	2.5	1.848	2.001	2.539	2.706	2.335	2.535	2.45	2.13	1.55	1.707	2.511	2.351	2.022	3.165	2.284	2.304	1.745	2.387	2.061	1.81	2.716	2.18697	813098.0	1226951.352632
sub-021S4276	2.722	2.257	1.797	2.993	2.561	2.314	2.761	2.504	2.227	2.739	2.08	2.714	2.681	2.838	2.452	2.468	2.458	2.268	1.803	2.037	2.425	2.45	2.29	3.217	2.268	2.538	2.197	2.6	2.348	2.448	3.182	2.41339	958061.0	1419124.800091
sub-021S4335	2.58	2.195	1.812	3.344	2.679	2.231	2.598	2.257	2.148	2.567	2.058	2.235	2.601	2.697	2.374	2.419	2.307	2.348	1.727	2.01	2.518	2.468	2.183	2.7	2.28	2.35	1.938	2.697	2.407	2.391	3.267	2.33988	1002117.0	1363286.127158
sub-021S4421	2.579	2.456	2.122	3.127	2.603	2.398	2.908	2.481	2.158	2.752	2.087	2.471	2.729	3.118	2.639	2.535	2.553	2.335	1.776	2.091	2.578	2.644	2.481	2.799	2.325	2.522	2.265	2.665	2.384	2.284	2.815	2.46709	1122552.0	1559761.67399
sub-021S4558	2.298	2.321	1.948	3.239	2.391	2.308	2.664	2.205	2.053	2.337	1.824	2.245	2.524	2.737	2.307	2.45	2.326	2.036	1.615	1.809	2.494	2.418	2.304	2.75	2.198	2.585	1.999	2.56	2.202	2.253	2.615	2.29646	984985.0	1335947.604272
sub-022S0096	2.123	2.227	1.863	2.787	2.341	2.217	2.618	1.945	2.022	2.333	1.856	2.21	2.459	2.208	2.186	2.347	2.502	2.152	1.436	1.934	1.99	2.207	2.363	2.36	2.185	2.247	2.108	2.407	2.15	1.695	2.65	2.21286	1046938.0	1865691.684976
sub-022S0130	2.402	2.265	1.727	3.281	2.495	2.129	2.642	2.143	1.896	2.414	1.838	2.436	2.501	2.336	2.357	2.448	2.408	2.25	1.534	1.982	2.246	2.409	2.127	2.212	2.16	2.358	1.988	2.559	2.208	2.355	2.666	2.24894	1193738.0	1818840.642255
sub-022S4173	2.627	2.33	1.99	2.708	2.818	2.324	2.933	2.243	2.401	2.533	1.864	2.544	2.779	2.562	2.585	2.479	2.537	2.298	1.755	2.219	2.262	2.649	2.345	2.59	2.311	2.547	2.251	2.691	2.614	2.281	3.061	2.46798	902879.0	1306038.558225
sub-022S4196	2.565	2.424	1.781	2.959	2.502	2.307	2.701	2.197	2.298	2.62	1.911	2.371	2.622	2.87	2.263	2.4	2.465	2.187	1.648	1.905	2.301	2.43	2.226	2.549	2.319	2.498	2.127	2.614	2.463	2.193	2.769	2.36841	1027833.0	2394498.271875
sub-022S4266	2.436	2.556	1.91	3.192	2.578	2.265	2.601	2.137	2.18	2.493	2.037	2.16	2.599	3.019	2.67	2.557	2.362	2.285	1.789	2.201	2.232	2.754	2.351	2.557	2.254	2.529	2.226	2.55	2.367	2.531	3.049	2.39999	1073298.0	1505345.851411
sub-022S4291	2.522	2.567	2.151	3.333	2.607	2.331	2.633	2.178	2.389	2.439	2.044	2.184	2.59	3.099	2.73	2.509	2.353	2.137	1.424	2.386	2.408	2.642	2.477	2.412	2.188	2.569	2.42	2.634	2.482	2.301	2.915	2.45147	895090.0	1405472.205882
sub-022S4320	2.609	2.584	1.911	3.294	2.499	2.267	2.84	2.138	2.162	2.654	2.075	2.233	2.773	2.481	2.291	2.423	2.644	2.457	1.861	2.116	2.261	2.456	2.207	2.722	2.441	2.564	2.102	2.695	2.427	2.456	3.145	2.41363	975691.0	1513895.892783
sub-023S0031	2.506	2.252	1.803	2.881	2.328	2.055	2.6	2.123	1.815	2.285	1.902	2.04	2.43	2.207	2.209	2.224	2.41	2.237	1.565	1.802	2.358	2.334	2.114	2.419	1.976	2.338	1.837	2.503	2.228	1.919	2.926	2.16934	852372.0	1329445.163985
sub-023S0058	2.361	2.374	1.72	3.312	2.512	2.081	2.827	2.121	1.988	2.534	1.836	2.474	2.595	2.54	2.365	2.277	2.485	2.246	1.508	1.908	2.089	2.15	2.141	2.359	2.061	2.341	2.01	2.577	2.192	2.0	2.619	2.24265	983619.0	1429852.034188
sub-023S0061	2.549	2.312	1.772	2.444	2.572	2.341	2.597	2.061	1.785	2.618	1.844	2.327	2.385	1.864	2.239	2.627	2.247	2.336	1.442	1.93	2.162	2.212	2.135	2.965	2.138	2.442	1.899	2.364	2.267	2.313	2.619	2.22503	884651.0	1479244.247951
sub-023S0926	2.254	2.454	1.586	2.536	2.365	2.245	2.43	2.086	1.906	2.212	1.724	2.286	2.328	2.276	1.978	2.072	2.455	2.187	1.398	1.93	2.143	2.135	2.219	2.483	2.145	2.408	2.085	2.233	2.219	2.094	2.572	2.16786	978251.0	1480457.697885
sub-023S1190	2.632	2.181	1.774	3.45	2.512	2.011	2.743	2.242	2.001	2.6	1.929	2.214	2.511	3.055	2.177	2.575	2.458	2.118	1.444	1.753	2.254	2.256	1.974	2.794	2.349	2.339	1.769	2.526	2.287	2.054	3.162	2.24124	897862.0	1426927.285231
sub-023S4020	2.392	2.414	1.786	3.765	2.539	2.19	2.708	2.275	2.043	2.552	1.985	2.464	2.663	2.494	2.258	2.466	2.383	2.32	1.537	1.94	2.104	2.419	2.176	2.794	2.145	2.386	1.875	2.825	2.291	2.355	2.617	2.31608	1130941.0	1617752.58253
sub-023S4164	2.434	2.349	1.882	3.039	2.561	2.267	2.757	2.076	2.065	2.586	2.172	2.311	2.493	2.374	2.349	2.402	2.36	2.31	1.493	1.943	2.291	2.267	2.193	2.85	2.197	2.35	2.022	2.539	2.28	2.097	2.963	2.29409	1074326.0	1686602.620685
sub-023S4448	2.578	2.518	1.993	3.53	2.685	2.467	2.876	2.845	2.235	2.453	2.021	2.333	2.76	2.683	2.389	2.391	2.588	2.424	1.546	2.085	2.455	2.531	2.374	2.717	2.398	2.577	2.212	2.753	2.441	2.335	2.776	2.44436	1027146.0	1412208.270176
sub-024S0985	2.49	2.185	1.802	2.456	2.355	2.154	2.722	2.163	1.875	2.334	1.798	2.07	2.505	2.284	2.11	2.347	2.298	2.174	1.502	1.712	2.372	2.159	1.973	2.888	2.114	2.385	1.871	2.463	2.2	1.751	2.857	2.16306	764176.0	1331963.616711
sub-024S4084	2.893	2.628	1.96	3.471	2.784	2.491	2.896	2.524	2.205	2.58	2.018	2.471	2.694	2.521	2.503	2.728	2.759	2.359	1.643	2.205	2.461	2.676	2.451	2.899	2.5	2.696	2.275	2.632	2.445	2.578	3.056	2.51688	1054847.0	1473387.09007
sub-024S4158	2.554	2.136	1.648	3.102	2.417	1.993	2.496	2.101	1.903	2.221	1.831	2.32	2.408	2.947	2.036	2.375	2.078	2.185	1.507	1.68	2.193	2.223	2.006	2.49	2.108	2.283	1.724	2.413	2.167	1.985	2.756	2.14363	888200.0	1445341.188842
sub-027S0074	2.782	2.426	1.74	3.293	2.549	2.149	2.736	2.426	2.106	2.404	1.805	2.258	2.343	1.991	2.285	2.352	2.41	2.102	1.438	1.757	2.313	2.374	2.233	2.623	2.237	2.447	2.006	2.621	2.386	2.152	3.004	2.27232	965883.0	1606683.180919
sub-027S0120	2.322	2.263	1.698	3.428	2.487	2.025	2.502	2.211	1.999	2.417	1.76	2.595	2.447	2.398	2.22	2.359	2.344	2.192	1.515	1.892	2.208	2.279	1.994	2.844	2.095	2.281	1.852	2.564	2.209	2.05	2.851	2.20722	1051241.0	1537996.243965
sub-029S0824	2.612	2.421	1.925	3.307	2.865	2.369	2.571	2.016	2.264	2.503	2.048	2.429	2.665	3.144	2.454	2.608	2.659	2.391	1.678	1.925	2.347	2.493	2.401	2.725	2.377	2.516	2.109	2.521	2.4	2.25	3.037	2.3897	934723.0	1470856.047405
sub-029S4279	2.84	2.214	1.792	2.805	2.559	2.102	2.729	2.488	1.951	2.747	1.713	2.218	2.43	2.463	2.1	2.405	2.708	2.137	1.198	1.583	2.573	2.266	2.102	2.847	2.063	2.46	1.727	2.477	2.129	1.922	3.187	2.2057	955306.0	1473247.886144
sub-029S4290	2.622	2.378	2.025	3.134	2.519	2.162	2.728	2.468	2.042	2.46	2.108	2.516	2.636	2.64	2.478	2.503	2.467	2.318	1.671	1.908	2.493	2.466	2.178	2.878	2.205	2.51	2.052	2.72	2.354	2.602	3.145	2.35705	1039277.0	1629681.569519
sub-029S4384	2.424	2.219	1.975	3.661	2.518	2.329	2.731	2.559	2.09	2.361	1.81	2.335	2.49	3.154	2.603	2.378	2.364	2.31	1.413	2.045	2.276	2.634	2.46	2.661	2.323	2.573	2.023	2.714	2.298	2.305	3.041	2.37738	1069591.0	1461022.764941
sub-029S4385	2.673	2.176	1.836	2.927	2.365	2.116	2.586	2.054	1.922	2.468	1.73	2.207	2.665	2.59	2.298	2.454	2.515	2.145	1.714	1.983	2.02	2.488	2.223	2.346	2.208	2.236	2.037	2.601	2.232	1.985	2.766	2.25578	903546.0	1323205.82315
sub-029S4585	2.804	2.288	1.587	3.846	2.462	2.069	2.7	2.561	1.931	2.541	1.645	2.609	2.612	2.802	2.099	2.352	2.452	2.095	1.335	1.887	2.757	2.27	2.161	2.878	2.081	2.162	1.879	2.609	2.237	2.45	3.048	2.23472	1034952.0	1495842.569267
sub-029S4652	2.536	2.09	1.719	2.681	2.119	1.842	2.409	1.93	2.04	2.163	1.714	2.274	2.124	2.48	2.095	2.238	2.249	1.914	1.376	1.614	2.126	2.192	1.921	2.502	1.835	2.217	1.687	2.353	1.942	2.21	2.64	2.0493	996503.0	1602224.576237
sub-031S0618	2.617	2.264	1.654	3.634	2.512	2.15	2.757	2.109	2.048	2.622	1.73	2.287	2.745	2.924	1.882	2.396	2.512	2.276	1.502	1.827	2.246	2.193	2.135	2.515	2.273	2.532	1.973	2.664	2.371	2.128	2.97	2.30136	1052794.0	1457587.312761
sub-031S4021	2.459	2.498	1.922	3.596	2.687	2.484	3.083	2.45	2.143	2.755	1.891	2.28	2.76	2.634	2.455	2.629	2.616	2.425	1.466	1.83	2.397	2.53	2.476	2.676	2.246	2.633	2.282	2.775	2.39	1.813	2.941	2.44173	1037869.0	1645923.380834
sub-031S4032	2.844	2.376	1.736	3.382	2.552	2.265	2.792	2.778	1.922	2.692	1.937	2.132	2.696	2.316	2.216	2.401	2.707	2.301	1.518	1.95	2.678	2.407	2.187	2.94	2.185	2.52	2.049	2.63	2.448	2.21	2.81	2.33689	880979.0	1069381.348114
sub-031S4218	2.807	2.386	1.92	3.5	2.721	2.407	2.767	2.484	2.103	2.505	1.971	2.087	2.75	2.614	2.564	2.401	2.535	2.302	1.559	2.087	2.465	2.676	2.579	2.434	2.192	2.498	2.244	2.809	2.511	2.189	2.892	2.42667	1058542.0	1684670.921817
sub-031S4474	2.397	2.147	1.695	2.739	2.161	1.949	2.389	2.357	1.767	2.545	1.78	2.081	2.387	1.813	2.189	2.158	2.258	1.871	1.338	1.703	2.377	1.977	1.883	2.372	1.94	2.202	1.789	2.197	1.98	1.625	2.691	2.04857	1030673.0	1769607.560528
sub-031S4496	2.333	2.61	1.808	3.228	2.411	2.418	2.942	2.47	2.152	2.688	1.827	2.072	2.79	3.069	2.361	2.639	2.643	2.226	1.527	1.971	2.611	2.511	2.178	2.567	2.424	2.591	2.101	2.599	2.369	2.129	3.312	2.4068	970835.0	1526209.661023
sub-032S0479	2.876	2.44	1.555	2.403	2.333	2.186	2.726	2.055	1.896	2.373	1.689	2.273	2.554	1.77	2.103	2.478	2.285	2.036	1.418	1.668	2.405	2.165	2.129	2.459	2.182	2.369	1.878	2.423	2.363	1.914	2.791	2.1902	990126.0	1547150.622092
sub-032S0677	2.739	2.492	1.795	3.31	2.5	2.212	2.58	2.192	2.095	2.669	1.894	2.357	2.708	3.212	2.374	2.499	2.724	2.363	1.487	1.997	2.281	2.424	2.27	2.784	2.417	2.603	1.998	2.652	2.301	2.191	2.708	2.35993	1010056.0	1528490.940716
sub-032S1169	2.682	2.648	1.878	2.194	2.511	2.373	2.537	2.294	2.127	2.736	2.015	2.323	2.517	2.28	2.426	2.681	2.681	2.412	1.625	1.985	2.562	2.481	2.083	2.689	2.469	2.606	1.943	2.483	2.622	2.154	2.768	2.36711	933539.0	1561276.878402
sub-032S4277	2.793	2.419	1.868	2.739	2.725	2.346	2.735	2.399	2.099	2.589	2.148	2.446	2.675	2.241	2.376	2.624	2.542	2.388	1.567	2.001	2.399	2.51	2.269	2.613	2.37	2.637	2.0	2.594	2.463	2.453	2.527	2.39	902223.0	1274512.512789
sub-032S4304	2.358	2.313	1.906	3.376	2.46	2.281	2.768	2.16	2.112	2.575	1.904	2.328	2.629	2.635	2.295	2.442	2.441	2.265	1.635	1.862	2.131	2.418	2.175	2.496	2.259	2.383	2.08	2.595	2.26	2.039	3.052	2.31044	978837.0	1526609.580507
sub-032S4348	2.651	2.292	1.957	3.702	2.594	2.336	2.707	2.473	2.231	2.47	2.097	2.018	2.608	2.817	2.267	2.396	2.47	2.288	1.542	2.078	2.377	2.424	2.304	2.589	2.186	2.319	2.203	2.746	2.437	2.401	2.767	2.36962	882803.0	1293885.870067
sub-032S4386	2.606	2.487	1.863	3.632	2.602	2.366	2.765	2.096	2.167	2.927	1.971	2.318	2.711	2.491	2.301	2.569	2.665	2.36	1.743	1.954	2.362	2.374	2.255	2.831	2.242	2.535	2.068	2.747	2.418	2.419	2.856	2.38802	919554.0	1386114.843536
sub-032S4429	2.448	2.425	1.891	3.623	2.661	2.337	2.673	2.191	2.151	2.5	2.08	2.277	2.668	2.633	2.269	2.335	2.501	2.256	1.808	2.031	2.305	2.445	2.357	2.686	2.217	2.329	2.213	2.718	2.477	2.655	2.83	2.37732	1068893.0	1614706.866069
sub-032S4921	2.443	2.289	1.793	3.233	2.393	2.028	2.522	2.102	1.946	2.263	1.856	2.141	2.432	2.739	2.22	2.356	2.271	2.175	1.648	1.817	2.308	2.288	2.108	2.486	2.091	2.211	1.908	2.564	2.161	1.974	2.563	2.18978	1133830.0	1721022.937334
sub-033S0734	2.216	2.421	1.822	3.197	2.166	2.109	2.621	2.162	1.89	2.45	1.792	2.186	2.418	2.707	2.236	2.252	2.509	2.111	1.462	1.754	2.24	2.241	2.094	2.167	2.108	2.332	1.836	2.435	2.189	1.743	2.637	2.16958	1024865.0	1579572.255923
sub-033S0741	2.483	2.292	1.65	2.181	2.44	2.159	2.405	2.165	2.053	2.272	1.817	2.038	2.444	2.383	2.383	2.372	2.404	2.13	1.697	1.916	2.331	2.367	2.093	2.36	2.087	2.284	1.95	2.379	2.226	2.158	2.762	2.19725	972685.0	1493875.144498
sub-033S0920	2.704	2.206	1.755	2.134	2.564	2.151	2.564	2.203	1.976	2.532	1.734	2.402	2.367	2.362	2.263	2.45	2.683	1.946	1.452	1.937	2.347	2.153	2.194	2.473	2.113	2.411	1.957	2.301	2.389	2.101	2.834	2.20629	815946.0	1384241.903544
sub-033S0923	2.69	2.072	1.726	3.293	2.367	1.954	2.526	2.369	1.831	2.345	1.778	2.442	2.532	3.157	2.342	2.223	2.179	1.967	1.366	1.905	2.136	2.025	2.117	3.018	1.84	2.225	1.879	2.346	1.969	2.255	3.053	2.1571	943450.0	1507713.409069
sub-033S1016	2.598	2.143	1.759	3.422	2.428	2.104	2.637	2.249	1.997	2.493	1.862	2.445	2.467	3.151	2.205	2.079	2.304	1.934	1.575	1.742	2.363	2.275	2.166	2.632	1.936	2.258	1.794	2.612	2.251	2.141	2.927	2.20984	975104.0	1346424.173932
sub-033S1098	2.52	2.049	1.712	2.913	2.367	2.045	2.344	2.209	1.956	2.49	1.938	2.497	2.398	2.557	2.062	2.276	2.697	2.254	1.503	1.883	2.371	2.265	1.983	2.955	2.306	2.433	1.875	2.344	2.245	2.246	3.217	2.21395	826712.0	1184105.295781
sub-033S4176	2.232	2.299	1.646	3.412	2.572	2.147	2.646	2.117	1.933	2.373	1.82	2.259	2.397	2.232	2.078	2.25	2.387	2.05	1.599	1.846	2.129	2.401	2.02	2.434	2.134	2.287	2.009	2.571	2.117	2.093	2.791	2.19679	1075212.0	1686863.417342
sub-033S4177	2.8	2.269	1.897	3.539	2.609	2.134	2.846	2.367	2.054	2.605	1.887	2.53	2.561	2.362	2.225	2.494	2.247	2.289	1.53	1.769	2.502	2.256	2.235	2.748	2.285	2.343	1.796	2.532	2.214	2.097	2.77	2.27547	1104119.0	1732747.022062
sub-033S4179	2.696	2.529	2.003	3.359	2.75	2.522	2.797	2.274	2.213	2.695	2.212	2.358	2.73	3.132	2.512	2.56	2.491	2.438	1.524	2.205	2.363	2.65	2.517	2.636	2.347	2.668	2.404	2.721	2.45	2.641	2.76	2.50068	1131945.0	1748549.249966
sub-033S4505	2.442	2.293	1.769	3.071	2.423	2.238	2.689	1.809	2.023	2.444	1.996	2.064	2.541	2.261	2.212	2.451	2.519	2.428	1.646	1.963	2.359	2.443	2.203	2.93	2.284	2.466	2.039	2.595	2.348	2.045	2.822	2.2968	846083.0	1408363.70729
sub-033S4508	2.732	2.444	1.887	3.494	2.607	2.244	2.632	2.237	2.121	2.517	2.001	2.365	2.641	3.221	2.362	2.399	2.603	2.292	1.68	2.03	2.367	2.413	2.205	2.849	2.285	2.55	2.091	2.704	2.391	2.287	2.807	2.38234	981959.0	1484636.260151
sub-035S0156	2.429	2.18	1.852	2.262	2.344	2.172	2.444	1.844	1.99	2.293	1.877	2.037	2.48	2.377	2.112	2.248	2.191	2.11	1.609	1.88	2.109	2.266	2.087	2.147	1.953	2.323	2.046	2.295	2.162	2.216	2.596	2.15229	981862.0	1597232.044265
sub-035S0555	2.454	2.298	1.777	3.359	2.616	2.269	2.802	2.062	2.122	2.472	1.993	2.191	2.635	2.571	2.231	2.25	2.407	2.212	1.499	1.845	2.027	2.374	2.097	2.549	2.139	2.251	2.068	2.531	2.269	1.986	2.898	2.272	1103615.0	1797852.000764
sub-035S4082	2.452	2.259	1.743	3.115	2.481	2.32	2.602	2.412	2.099	2.306	1.959	2.089	2.529	2.876	2.231	2.338	2.254	2.078	1.414	1.953	2.075	2.348	2.228	2.365	1.979	2.215	1.921	2.642	2.367	2.133	2.867	2.2513	1252418.0	1912235.938355
sub-035S4464	2.662	2.558	2.05	3.366	2.838	2.478	2.894	2.842	2.288	2.676	1.975	2.535	2.91	2.684	2.481	2.604	2.853	2.683	1.88	2.18	2.669	2.683	2.484	2.884	2.617	2.75	2.25	2.855	2.613	2.377	3.197	2.58124	1052696.0	1579643.559775
sub-036S1023	2.46	2.162	1.657	3.73	2.668	2.232	2.741	2.291	2.204	2.505	1.786	2.205	2.51	3.118	2.333	2.372	2.428	2.247	1.6	1.821	2.19	2.347	2.258	2.638	2.106	2.348	1.906	2.665	2.208	2.092	2.773	2.26991	885513.0	1348046.193222
sub-036S4389	2.547	2.3	1.82	3.206	2.704	2.251	2.775	2.091	2.003	2.607	1.877	2.485	2.578	3.064	2.174	2.486	2.521	2.175	1.608	1.985	2.227	2.388	2.11	2.816	2.277	2.428	1.985	2.706	2.33	2.104	3.06	2.31967	1179385.0	1753629.271998
sub-036S4491	2.477	2.345	1.751	3.68	2.644	2.268	2.679	2.313	1.928	2.679	2.033	2.253	2.65	3.281	2.303	2.487	2.197	2.282	1.62	1.962	2.3	2.35	2.267	2.619	2.277	2.46	2.01	2.37	2.363	2.131	2.815	2.31525	930234.0	1523912.727469
sub-036S4878	2.662	2.262	1.627	3.388	2.66	2.208	2.769	2.569	1.936	2.563	1.872	2.339	2.502	2.901	2.086	2.34	2.384	2.27	1.365	1.838	2.604	2.258	2.167	2.63	2.209	2.461	1.882	2.756	2.344	2.245	2.908	2.30488	879157.0	1276010.437744
sub-037S0303	2.604	2.289	1.909	2.997	2.46	2.307	2.917	2.238	2.088	2.518	1.989	2.66	2.578	2.785	2.297	2.516	2.518	2.104	1.797	2.081	2.334	2.438	2.32	2.59	2.428	2.434	2.09	2.519	2.395	2.334	2.891	2.35725	921436.0	1481218.005028
sub-037S0454	2.7	2.286	1.802	3.259	2.465	2.326	2.516	2.227	2.183	2.444	1.91	2.392	2.443	2.762	2.331	2.367	2.368	2.192	1.792	1.929	2.242	2.326	2.099	2.423	2.188	2.364	1.993	2.278	2.154	2.047	2.897	2.25282	935356.0	1437657.644648
sub-037S0467	2.391	2.275	2.146	2.305	2.531	2.491	2.54	2.008	2.222	2.519	2.034	2.292	2.533	2.586	2.477	2.41	2.459	2.341	1.585	2.126	1.978	2.347	2.393	2.77	2.283	2.44	2.309	2.546	2.329	2.093	2.842	2.34781	961726.0	1543469.702011
sub-037S4028	2.606	2.318	1.999	3.062	2.493	2.263	2.679	2.297	2.197	2.601	2.061	2.32	2.662	2.253	2.412	2.448	2.383	2.34	1.783	2.079	2.409	2.578	2.191	2.539	2.207	2.544	2.182	2.661	2.4	2.568	2.779	2.38099	961021.0	1287136.959764
sub-037S4071	2.276	2.187	1.832	3.03	2.523	2.132	2.484	2.255	2.105	2.284	1.896	1.976	2.453	3.064	2.215	2.226	2.112	1.967	1.86	1.728	2.299	2.135	2.223	2.487	1.916	2.142	1.893	2.436	2.096	2.016	2.699	2.16634	1081563.0	1666989.101814
sub-037S4308	3.048	2.552	1.901	3.043	2.495	2.353	2.639	2.372	2.047	2.675	1.99	2.37	2.674	2.625	2.432	2.609	2.864	2.488	1.517	1.977	2.581	2.602	2.253	2.603	2.329	2.547	2.091	2.803	2.42	2.332	3.024	2.42123	1057861.0	1730173.741198
sub-037S4410	2.52	2.512	2.037	2.889	2.451	2.233	2.415	2.271	2.04	2.528	1.998	2.141	2.495	2.513	2.453	2.368	2.441	2.265	1.842	2.038	2.337	2.619	2.253	2.545	2.25	2.588	2.12	2.585	2.493	2.718	2.675	2.36011	940815.0	1325921.065453
sub-041S4014	2.292	2.292	1.817	2.197	2.581	2.066	2.712	2.22	2.112	2.451	1.912	2.229	2.412	2.059	2.135	2.434	2.583	2.209	1.583	1.905	2.056	2.271	2.18	2.78	2.218	2.393	1.848	2.572	2.293	2.131	3.086	2.25747	1077521.0	1796166.627148
sub-041S4037	2.384	2.14	1.758	2.83	2.514	2.143	2.64	2.254	1.975	2.557	1.778	2.415	2.467	3.03	2.204	2.133	2.34	1.997	1.506	1.882	2.356	2.163	2.109	2.481	2.177	2.18	1.986	2.568	2.129	2.162	2.825	2.19528	1115838.0	1721186.437662
sub-041S4041	2.611	2.48	1.913	3.138	2.775	2.448	3.156	2.25	2.233	2.792	1.876	2.28	2.926	3.194	2.131	2.619	2.187	2.317	1.612	1.927	2.527	2.272	2.241	2.508	2.425	2.573	2.112	2.613	2.561	2.672	3.074	2.39834	777237.0	1201667.548555
sub-041S4060	2.369	2.531	1.843	3.436	2.466	2.493	2.797	2.074	2.055	2.556	1.964	2.129	2.669	2.589	2.309	2.631	2.625	2.332	1.575	2.174	2.392	2.515	2.344	2.742	2.228	2.38	2.198	2.723	2.451	1.921	2.787	2.38106	1052134.0	1631735.301404
sub-041S4083	2.618	2.266	1.86	3.47	2.551	2.143	2.584	2.33	2.048	2.616	2.089	2.423	2.524	2.555	2.327	2.404	2.543	2.352	1.524	1.928	2.293	2.45	2.189	2.586	2.195	2.407	1.898	2.499	2.263	2.106	2.726	2.28612	1040905.0	1677110.366135
sub-041S4200	2.432	2.551	1.937	3.618	2.574	2.347	2.576	2.149	2.134	2.457	1.944	2.176	2.537	2.589	2.446	2.576	2.369	2.154	1.603	1.999	2.401	2.594	2.281	2.579	2.193	2.534	2.047	2.468	2.359	2.101	2.661	2.33523	1014730.0	1498221.236319
sub-041S4427	2.268	2.376	1.885	3.591	2.604	2.193	2.825	2.581	2.023	2.657	1.925	2.336	2.645	2.563	2.062	2.458	2.536	2.404	1.724	1.927	2.239	2.355	2.207	2.413	2.215	2.34	2.028	2.807	2.382	2.597	2.803	2.32414	1182844.0	1753480.622528
sub-041S4509	2.397	2.299	1.77	3.059	2.587	2.251	2.653	2.293	1.906	2.579	2.032	2.191	2.568	3.067	2.22	2.465	2.285	2.309	1.63	1.873	2.228	2.393	2.146	2.37	2.197	2.324	1.996	2.648	2.288	2.086	2.73	2.27933	932175.0	1384908.452117
sub-051S1123	2.724	2.363	1.758	2.768	2.137	2.054	2.307	2.006	1.837	2.429	1.707	1.847	2.225	2.598	2.017	2.355	2.439	2.269	1.316	1.657	2.175	2.131	1.948	2.68	2.201	2.361	1.847	2.356	2.243	2.143	2.668	2.11581	848945.0	1393956.185082
sub-052S0951	2.521	2.359	1.644	3.369	2.107	2.014	2.577	2.023	1.778	2.405	1.788	2.109	2.476	3.147	2.022	2.364	2.451	2.124	1.355	1.8	2.315	2.033	1.914	2.339	1.997	2.265	1.779	2.553	2.181	1.896	2.561	2.12915	1030154.0	1663979.822
sub-052S1250	1.125	1.502	1.587	1.963	1.483	1.403	1.741	1.643	1.629	1.644	1.313	1.315	1.678	2.003	1.353	1.597	1.656	1.474	1.255	1.68	1.149	1.588	1.5	1.154	1.478	1.62	1.718	1.718	1.419	1.298	1.545	1.55649	960542.0	1239581.035099
sub-053S4578	2.454	2.325	1.853	3.273	2.619	2.365	2.845	2.196	2.035	2.613	1.845	2.199	2.68	3.002	2.416	2.466	2.552	2.272	1.605	2.09	2.271	2.606	2.389	2.324	2.168	2.473	2.135	2.696	2.397	2.495	2.857	2.36513	1162496.0	1647336.989424
sub-057S0934	2.65	2.539	2.088	3.233	2.831	2.327	2.783	2.349	2.114	2.725	2.14	2.455	2.621	3.609	2.603	2.485	2.615	2.254	1.789	1.898	2.369	2.445	2.366	3.105	2.435	2.642	2.061	2.711	2.474	2.015	3.066	2.43355	879661.0	1321735.353185
sub-067S0056	2.439	2.306	1.855	3.602	2.614	2.361	2.727	2.12	2.201	2.459	1.978	2.4	2.753	2.839	2.445	2.596	2.472	2.377	1.889	2.156	2.399	2.576	2.359	2.482	2.24	2.48	2.28	2.796	2.461	2.437	2.882	2.42289	887621.0	1223450.781435
sub-067S0059	2.921	2.373	1.876	3.894	2.673	2.305	2.902	2.435	2.135	2.889	2.069	2.419	2.805	3.206	2.392	2.676	2.64	2.519	1.677	1.88	2.611	2.41	2.256	3.004	2.216	2.466	2.108	2.743	2.553	2.326	3.047	2.41555	824439.0	1219933.426277
sub-067S0257	2.808	2.358	1.784	3.225	2.406	2.199	2.827	1.986	2.159	2.527	1.883	2.072	2.542	2.481	2.106	2.427	2.763	2.514	1.714	1.9	2.123	2.197	2.093	2.872	2.202	2.285	2.018	2.435	2.325	1.994	2.931	2.26496	791542.0	1308719.260697
sub-068S0127	2.542	2.197	1.627	3.771	2.49	2.291	2.976	2.403	2.038	2.695	1.838	2.453	2.619	2.936	1.97	2.521	2.881	2.34	1.437	1.835	2.267	2.115	2.2	2.94	2.293	2.472	1.99	2.561	2.176	1.846	2.938	2.30283	911169.0	1488107.863495
sub-068S0210	2.663	2.476	1.753	3.252	2.457	2.233	2.723	2.37	1.933	2.522	1.982	2.206	2.597	2.528	2.233	2.674	2.498	2.233	1.443	1.952	2.404	2.405	2.168	2.931	2.355	2.534	2.06	2.618	2.376	2.423	2.776	2.33173	889057.0	1319890.022188
sub-068S0473	2.578	2.342	1.703	3.221	2.434	2.207	2.612	2.623	1.942	2.434	1.765	2.345	2.511	2.619	2.286	2.485	2.134	2.257	1.582	1.89	2.432	2.391	2.187	2.778	2.202	2.319	2.097	2.539	2.331	2.352	2.774	2.27813	1039079.0	1594956.226897
sub-068S4174	2.624	2.519	2.155	3.69	2.769	2.476	2.778	2.664	2.352	2.628	2.104	2.408	2.762	2.955	2.595	2.482	2.507	2.403	1.575	2.146	2.545	2.562	2.426	2.657	2.321	2.585	2.211	2.814	2.629	2.315	2.935	2.50041	998369.0	1325987.66102
sub-068S4340	2.568	2.378	1.772	3.374	2.734	2.136	2.738	2.621	2.088	2.508	1.997	2.207	2.551	2.177	2.243	2.395	2.474	2.468	1.483	1.922	2.324	2.363	2.25	2.496	2.22	2.319	1.877	2.615	2.2	2.192	2.67	2.30041	1148701.0	1598231.936423
sub-068S4424	2.82	2.704	1.875	3.843	2.825	2.396	2.83	2.317	2.315	2.783	2.2	2.301	2.816	3.416	2.366	2.626	2.496	2.602	1.625	2.245	2.317	2.727	2.497	2.868	2.38	2.733	2.382	2.933	2.568	2.421	3.108	2.57052	910342.0	1214092.414278
sub-070S4856	2.914	2.483	1.926	3.605	2.825	2.469	2.97	2.46	2.184	2.685	1.977	2.229	2.932	2.996	2.177	2.638	2.518	2.203	1.77	2.191	2.316	2.562	2.341	2.778	2.293	2.655	2.369	2.849	2.537	2.092	2.974	2.50295	983708.0	1502186.473274
sub-070S5040	2.387	2.155	1.699	3.259	2.472	2.175	2.624	1.923	1.841	2.517	1.757	2.164	2.521	2.796	2.044	2.225	2.348	2.007	1.491	1.789	2.112	2.21	1.988	2.609	2.135	2.294	1.934	2.491	2.274	2.302	2.804	2.19194	907605.0	1307643.881453
sub-072S0315	2.331	2.435	1.755	3.645	2.305	2.143	2.824	2.373	1.934	2.52	1.661	2.249	2.492	2.625	2.139	2.279	2.508	2.121	1.354	1.825	2.225	2.429	1.975	2.32	2.155	2.532	2.035	2.508	2.276	2.181	2.753	2.23853	1134283.0	1653131.838186
sub-072S4103	2.42	2.268	1.86	3.133	2.56	2.421	2.592	2.464	2.054	2.802	1.973	2.267	2.474	2.399	2.589	2.508	2.528	2.318	1.565	2.22	2.23	2.277	2.276	2.68	2.599	2.492	2.178	2.605	2.522	2.066	2.869	2.37432	820879.0	1228448.09368
sub-072S4391	2.386	2.195	1.971	3.463	2.552	2.337	2.727	2.286	2.237	2.45	2.055	2.27	2.596	3.09	2.296	2.387	2.318	2.324	1.606	1.932	2.315	2.391	2.229	2.494	2.177	2.296	2.102	2.636	2.324	2.18	2.818	2.32884	890687.0	1341221.071702
sub-073S0089	2.773	2.551	1.894	3.481	2.876	2.46	2.858	2.469	2.187	2.686	2.137	2.434	2.879	3.254	2.427	2.569	2.72	2.445	1.511	2.104	2.325	2.482	2.349	2.988	2.369	2.589	2.177	2.93	2.567	2.399	3.204	2.51005	1039424.0	1511067.24314
sub-073S0311	2.712	2.205	1.659	3.369	2.254	2.028	2.76	2.095	1.946	2.339	1.865	2.233	2.455	2.388	2.29	2.437	2.443	2.107	1.607	1.766	2.388	2.085	2.007	2.908	2.305	2.532	1.888	2.511	2.121	2.187	3.227	2.20678	779809.0	1338137.314322
sub-073S4155	2.849	2.313	1.902	3.153	2.639	2.376	2.75	2.495	2.255	2.686	1.947	2.309	2.68	2.508	2.276	2.332	2.451	2.237	1.668	2.031	2.415	2.477	2.28	2.819	2.323	2.529	2.099	2.726	2.502	2.283	2.973	2.41347	918833.0	1344107.224638
sub-073S4382	2.728	2.619	1.987	3.668	2.518	2.288	2.685	2.08	2.156	2.561	2.105	2.47	2.537	2.394	2.387	2.587	2.582	2.34	1.693	2.065	2.351	2.449	2.399	2.699	2.318	2.514	2.241	2.701	2.472	2.39	2.946	2.41171	847802.0	1241673.439848
sub-073S4393	2.433	2.352	1.871	3.133	2.659	2.269	2.68	2.248	1.999	2.517	2.02	2.262	2.558	2.78	2.311	2.481	2.323	2.186	1.843	1.971	2.198	2.469	2.181	2.397	2.139	2.379	2.029	2.685	2.376	2.319	2.878	2.32045	1240770.0	1789425.066282
sub-073S4552	2.448	2.563	1.963	3.074	2.697	2.301	2.674	2.525	2.071	2.469	1.972	2.254	2.678	2.225	2.389	2.624	2.511	2.213	1.719	2.076	2.218	2.675	2.405	2.512	2.289	2.565	2.201	2.7	2.412	2.344	2.757	2.39884	1126955.0	1685212.428787
sub-073S4559	2.441	2.37	2.095	3.533	2.714	2.311	2.84	2.066	2.005	2.418	2.161	2.248	2.663	2.65	2.453	2.377	2.587	2.344	1.611	2.03	2.036	2.65	2.375	2.568	2.239	2.425	2.203	2.698	2.535	2.262	2.695	2.38203	972049.0	1388380.584881
sub-073S4739	2.553	2.509	2.012	3.419	2.513	2.269	2.749	2.311	2.117	2.547	1.978	2.214	2.696	2.938	2.505	2.611	2.307	2.363	1.705	1.96	2.487	2.544	2.252	2.587	2.311	2.484	2.097	2.748	2.372	2.404	2.838	2.39136	1062608.0	1595360.439445
sub-073S4762	2.947	2.64	1.934	3.332	2.745	2.489	2.797	2.396	2.19	2.811	2.138	2.401	2.804	2.653	2.558	2.567	2.527	2.353	1.709	2.126	2.531	2.649	2.509	2.724	2.334	2.629	2.22	2.809	2.45	2.223	2.913	2.50264	942430.0	1393638.546504
sub-073S4795	2.601	2.626	2.023	3.28	2.657	2.481	2.81	2.428	2.323	2.595	2.138	2.256	2.798	2.602	2.672	2.662	2.569	2.379	1.683	2.214	2.468	2.712	2.552	2.638	2.375	2.707	2.41	2.822	2.45	2.446	3.024	2.52634	1263893.0	1647276.214072
sub-073S5023	2.337	2.377	1.922	3.456	2.554	2.38	2.632	2.312	2.168	2.324	2.027	2.347	2.614	2.556	2.331	2.394	2.487	2.301	1.692	2.06	2.339	2.422	2.271	2.554	2.317	2.479	2.179	2.582	2.496	2.353	2.784	2.36318	1026345.0	1495719.487634
sub-082S1256	2.663	2.49	1.939	3.301	2.587	2.312	2.759	2.384	2.022	2.663	2.0	2.842	2.6	2.518	2.301	2.478	2.526	2.236	1.59	1.934	2.414	2.411	2.441	3.045	2.26	2.579	2.149	2.486	2.447	2.208	2.689	2.36966	898510.0	1317062.030323
sub-082S4090	2.286	2.278	1.722	3.296	2.529	2.142	2.538	2.242	1.993	2.541	1.9	2.339	2.539	3.08	2.207	2.338	2.202	2.152	1.581	1.952	2.244	2.256	2.286	2.494	2.245	2.386	2.049	2.57	2.279	1.709	2.792	2.27355	1038096.0	1530012.434958
sub-082S4208	2.563	2.339	1.927	3.516	2.59	2.266	2.578	2.089	2.076	2.443	1.925	2.333	2.549	2.676	2.311	2.437	2.475	2.25	1.604	1.836	1.984	2.413	2.199	2.878	2.194	2.361	1.997	2.621	2.246	2.276	2.888	2.29499	1043324.0	1686843.567498
sub-082S4224	2.3	2.29	1.908	2.928	2.686	2.263	2.734	2.173	2.111	2.451	2.104	2.349	2.688	2.299	2.339	2.502	2.407	2.358	1.68	1.963	2.235	2.4	2.359	2.459	2.302	2.441	2.126	2.636	2.416	2.391	2.75	2.34753	1088330.0	1639435.459284
sub-082S4339	2.836	2.503	1.834	3.385	2.749	2.413	2.857	2.243	2.141	2.536	1.976	2.434	2.769	2.613	2.234	2.581	2.658	2.523	1.559	1.847	2.484	2.316	2.232	3.12	2.4	2.521	2.112	2.662	2.404	2.276	3.243	2.41231	1068030.0	1691117.683099
sub-082S4428	2.45	2.257	1.595	3.113	2.521	2.076	2.793	2.3	1.94	2.705	1.935	2.368	2.739	2.396	2.148	2.317	2.498	2.343	1.542	1.947	2.279	2.358	2.115	2.574	2.193	2.318	1.959	2.722	2.376	2.23	2.858	2.29027	1145116.0	1634487.234321
sub-094S4234	2.345	2.128	1.893	3.434	2.535	2.149	2.681	2.234	2.124	2.284	1.808	2.125	2.666	3.134	2.141	2.403	2.348	2.123	1.685	1.763	2.386	2.206	2.086	2.136	2.012	2.153	1.837	2.577	2.348	2.255	2.393	2.20998	1011653.0	1480659.842449
sub-094S4459	2.514	2.376	1.993	3.817	2.683	2.36	2.897	2.591	2.228	2.503	2.058	2.296	2.818	3.186	2.385	2.418	2.399	2.152	1.741	2.132	2.491	2.607	2.207	2.582	2.236	2.308	2.113	2.843	2.513	2.373	3.119	2.43853	979440.0	1366347.86492
sub-094S4460	2.302	2.389	1.776	3.026	2.469	2.367	2.723	2.583	2.089	2.323	1.907	1.918	2.925	3.009	2.142	2.252	2.274	2.185	1.695	2.35	2.604	2.085	2.38	2.366	2.274	2.276	2.098	2.843	2.428	1.692	2.696	2.36257	931635.0	1251929.392674
sub-094S4503	2.339	2.197	2.031	3.794	2.696	2.312	2.925	2.074	2.142	2.659	1.979	2.358	2.861	2.685	2.448	2.601	2.635	2.333	1.813	2.061	2.225	2.482	2.36	2.67	2.239	2.358	2.143	2.845	2.527	2.137	3.219	2.42161	987322.0	1511371.479389
sub-094S4560	2.474	2.369	1.831	3.451	2.683	2.224	2.811	1.975	1.932	2.565	2.052	2.411	2.713	2.902	2.334	2.315	2.676	2.366	1.604	1.805	2.361	2.409	2.138	2.645	2.263	2.321	1.874	2.749	2.258	2.349	2.991	2.31486	887630.0	1262059.323991
sub-094S4649	2.702	2.162	1.785	2.985	2.493	2.181	2.359	2.291	1.855	2.764	2.075	2.367	2.414	2.421	2.109	2.381	2.564	2.225	1.549	1.857	2.401	2.115	2.162	2.772	2.287	2.336	1.977	2.597	2.347	1.846	2.605	2.24003	1123751.0	1593247.751524
sub-098S0171	2.296	2.384	1.72	2.486	2.608	2.323	2.612	2.337	1.947	2.462	1.905	2.084	2.435	2.191	2.174	2.088	2.392	2.038	1.365	1.991	2.618	2.248	2.199	2.582	2.068	2.422	2.131	2.254	2.251	1.927	2.579	2.23083	821536.0	1367200.402152
sub-098S0172	2.765	2.213	1.878	3.278	2.568	2.301	2.732	2.335	2.121	2.418	1.884	2.244	2.661	3.178	2.337	2.033	2.328	2.01	1.465	1.804	2.479	1.973	2.195	2.544	2.063	2.298	1.919	2.546	1.985	2.318	2.668	2.23842	945676.0	1428963.080323
sub-098S0896	2.411	1.946	1.731	2.106	2.206	2.1	2.432	2.061	1.901	2.236	1.906	2.065	2.34	2.121	2.252	2.342	2.235	1.917	1.56	1.615	2.442	2.102	2.06	2.144	1.842	1.961	1.793	2.292	2.012	1.58	2.6	2.04225	1074167.0	1751610.922614
sub-098S4002	2.622	2.445	2.274	3.606	2.537	2.404	2.896	2.57	2.308	2.792	2.159	2.533	2.762	2.576	2.693	2.668	2.661	2.586	1.86	2.2	2.309	2.7	2.523	2.632	2.269	2.656	2.186	2.743	2.506	2.512	3.069	2.52083	1021016.0	1487256.544757
sub-098S4003	2.57	2.398	2.004	3.331	2.581	2.297	2.588	2.07	2.133	2.574	2.045	2.277	2.632	3.074	2.372	2.433	2.628	2.232	1.833	2.009	2.094	2.537	2.205	2.791	2.153	2.473	2.09	2.637	2.288	2.448	2.737	2.36	937958.0	1412115.771445
sub-098S4018	2.586	2.174	1.838	3.102	2.515	2.053	2.637	2.376	1.999	2.386	1.927	2.299	2.305	2.772	2.185	2.285	2.367	2.124	1.693	1.838	2.257	2.31	2.061	2.182	2.063	2.283	1.813	2.38	2.217	2.228	2.811	2.19146	998206.0	1520072.022625
sub-098S4050	2.635	2.407	1.891	3.259	2.683	2.325	2.8	2.453	1.985	2.618	1.979	2.303	2.712	3.178	2.413	2.586	2.681	2.339	1.767	2.007	2.464	2.541	2.207	2.424	2.284	2.467	2.213	2.649	2.368	1.947	2.763	2.38303	1095710.0	1578147.529467
sub-098S4275	2.46	2.375	1.828	3.493	2.599	2.094	2.608	2.312	1.859	2.634	2.073	2.318	2.521	2.505	2.574	2.561	2.876	2.3	1.753	1.907	2.497	2.329	2.163	2.698	2.301	2.392	1.976	2.715	2.298	2.22	2.979	2.32828	1144849.0	1654769.966238
sub-098S4506	2.867	2.245	1.826	3.495	2.343	2.193	2.709	2.106	2.032	2.497	1.943	2.248	2.612	3.003	2.214	2.381	2.39	2.101	1.745	1.782	2.206	2.381	2.105	2.786	2.133	2.443	1.768	2.675	2.07	1.98	2.631	2.25565	1001515.0	1487482.213176
sub-099S0352	2.034	2.218	1.646	2.497	2.321	1.84	2.542	2.07	1.762	2.159	1.662	1.999	2.313	1.961	1.931	2.237	2.103	1.972	1.591	1.708	1.861	2.071	1.962	1.98	1.867	2.007	1.78	2.185	2.156	1.673	2.868	2.01786	661686.0	1272905.556113
sub-099S4076	2.726	2.632	1.817	3.304	2.542	2.311	2.642	2.219	2.079	2.561	2.076	2.489	2.594	3.109	2.344	2.593	2.403	2.422	1.65	1.915	2.396	2.608	2.247	2.6	2.4	2.592	2.037	2.789	2.442	2.513	3.042	2.41671	957819.0	1458660.399777
sub-099S4086	2.472	2.07	1.769	2.796	2.365	2.309	2.633	2.255	1.837	2.247	1.705	1.957	2.386	2.143	2.18	1.912	2.303	1.986	1.506	1.699	2.299	2.153	1.98	2.766	1.917	2.143	1.941	2.421	2.096	2.042	2.164	2.0969	734447.0	1276256.281275
sub-099S4104	2.751	2.453	2.057	3.813	2.481	2.204	2.689	2.466	1.955	2.759	2.109	2.619	2.626	3.041	2.724	2.846	2.398	2.435	1.667	1.896	2.695	2.579	2.309	2.734	2.25	2.684	2.089	2.781	2.538	2.265	2.971	2.42543	992999.0	1395868.638256
sub-100S0069	2.75	2.378	1.675	3.504	2.605	2.191	2.75	2.53	1.924	2.696	1.829	2.058	2.673	2.417	2.202	2.54	2.539	2.232	1.508	1.793	2.495	2.3	2.152	2.657	2.214	2.421	1.917	2.546	2.241	1.731	3.059	2.28079	1112095.0	1706538.990091
sub-100S1286	2.242	2.22	1.771	3.562	2.364	2.206	2.962	2.28	2.054	2.497	1.849	2.194	2.686	2.858	2.283	2.28	2.187	2.041	1.476	1.97	2.185	2.333	2.187	2.382	1.993	2.239	2.087	2.702	2.239	2.122	2.671	2.27183	1020766.0	1636358.095757
sub-100S4469	2.566	2.257	1.789	3.427	2.814	2.256	2.995	2.264	2.101	2.744	1.908	2.379	2.726	2.749	2.337	2.511	2.731	2.328	1.794	2.002	2.559	2.513	2.223	2.869	2.221	2.433	1.98	2.76	2.546	2.402	3.166	2.42893	1025085.0	1413887.065383
sub-100S4511	2.409	2.36	1.776	3.042	2.628	2.287	2.773	2.485	2.069	2.27	1.968	2.231	2.569	2.809	2.171	2.459	2.558	2.281	1.511	2.011	2.369	2.46	2.239	2.663	2.207	2.463	2.079	2.568	2.29	2.312	3.041	2.34506	1107206.0	1577717.109209
sub-100S5246	2.847	2.404	1.773	3.392	2.533	2.171	2.736	2.128	1.904	2.656	1.851	2.023	2.669	2.974	2.157	2.598	2.78	2.401	1.564	1.776	2.14	2.24	2.006	2.455	2.285	2.332	1.831	2.626	2.299	2.184	2.973	2.25574	842925.0	1319757.526868
sub-109S4499	2.152	2.321	1.747	3.546	2.708	2.142	2.779	2.518	2.101	2.505	1.848	2.196	2.593	2.875	2.24	2.391	2.572	2.125	1.493	1.843	2.372	2.317	2.195	2.583	2.116	2.255	1.929	2.622	2.232	2.596	2.851	2.27634	1035683.0	1456787.948436
sub-114S0166	2.27	2.127	1.713	2.436	2.259	1.931	2.309	1.9	1.853	2.212	1.823	1.822	2.043	2.159	1.98	1.889	2.155	1.868	1.373	1.699	1.905	1.872	1.867	2.367	1.86	2.068	1.833	2.0	1.903	1.858	2.737	1.96441	843279.0	1496834.395829
sub-114S0173	2.289	2.298	1.964	2.396	2.496	2.233	2.507	1.933	2.035	2.35	1.986	2.032	2.474	2.279	2.266	2.307	2.248	2.093	1.753	1.95	2.041	2.361	2.262	2.345	2.127	2.229	2.049	2.348	2.251	2.245	2.67	2.21615	1003455.0	1636039.791441
sub-114S0416	2.374	2.308	1.911	2.869	2.532	2.263	2.764	2.267	2.169	2.549	1.974	2.194	2.674	2.101	2.307	2.406	2.533	2.279	1.755	2.044	2.344	2.451	2.247	2.59	2.285	2.372	2.097	2.588	2.333	2.395	3.031	2.32842	785567.0	1349457.69301
sub-116S0382	2.593	2.323	1.628	3.785	2.612	2.297	2.739	2.14	1.889	2.417	1.748	2.128	2.537	2.41	2.204	2.312	2.472	2.178	1.341	1.908	2.591	2.253	2.135	2.648	2.254	2.498	2.029	2.445	2.285	2.224	2.734	2.26182	981811.0	1542724.987152
sub-116S1232	2.334	2.431	1.845	3.116	2.282	2.158	2.529	1.998	1.774	2.393	1.802	2.173	2.547	2.641	2.12	2.48	2.488	2.101	1.417	1.712	2.159	2.447	2.054	2.386	2.131	2.408	1.866	2.577	2.271	1.944	2.576	2.20978	947672.0	1402340.158131
sub-116S1249	2.479	2.016	1.63	2.687	1.985	1.96	2.421	1.706	1.767	2.154	1.715	2.0	2.169	2.198	2.154	1.996	1.679	2.039	1.363	1.919	2.026	1.956	1.924	2.587	1.814	2.07	1.851	2.077	2.096	2.235	2.47	1.99838	874336.0	1398822.487137
sub-116S4010	2.508	2.362	1.902	3.418	2.662	2.31	2.824	2.258	2.262	2.477	2.016	2.358	2.732	2.268	2.303	2.384	2.443	2.285	1.712	1.956	2.299	2.455	2.17	2.556	2.362	2.496	2.182	2.569	2.488	2.131	2.915	2.36671	878982.0	1293803.202484
sub-116S4043	2.373	2.267	1.937	3.528	2.534	2.297	2.653	2.074	2.086	2.457	2.088	2.238	2.676	2.862	2.379	2.31	2.383	2.257	1.896	2.045	2.214	2.42	2.283	2.409	2.177	2.336	2.145	2.602	2.473	2.021	3.027	2.3468	1034351.0	1593845.076005
sub-116S4092	2.412	2.362	1.908	3.109	2.386	2.227	2.541	2.13	2.037	2.46	1.98	2.158	2.485	2.352	2.407	2.467	2.6	2.3	1.839	2.212	2.282	2.532	2.208	2.348	2.245	2.332	2.026	2.676	2.365	2.384	2.545	2.31473	998241.0	1553870.206662
sub-116S4453	2.433	2.262	1.859	3.184	2.423	2.154	2.542	2.185	2.063	2.484	1.973	2.191	2.48	2.629	2.147	2.408	2.298	2.235	1.626	1.982	2.308	2.249	2.149	2.464	2.214	2.408	2.041	2.644	2.148	2.333	2.814	2.26241	1034264.0	1590429.874853
sub-116S4483	2.355	2.512	1.822	3.215	2.472	2.421	2.602	2.136	2.11	2.494	1.948	2.358	2.544	2.833	2.453	2.404	2.294	2.243	1.773	2.158	2.152	2.536	2.265	2.541	2.269	2.555	2.27	2.637	2.403	2.535	2.613	2.37365	961653.0	1395492.925523
sub-116S4855	2.329	2.138	1.757	3.36	2.467	1.963	2.519	2.173	1.923	2.227	1.926	2.123	2.395	2.801	2.08	2.224	2.127	1.996	1.628	1.743	2.192	2.207	1.996	2.158	2.03	2.17	1.796	2.465	2.071	2.069	2.684	2.12791	1009425.0	1627013.651235
sub-123S0072	2.505	2.269	1.984	2.995	2.557	2.17	3.005	2.032	1.934	2.52	1.929	2.157	2.527	2.778	2.035	2.319	2.494	2.119	1.455	1.771	2.273	2.036	2.296	2.517	2.22	2.284	1.941	2.676	2.271	2.257	2.832	2.24675	1035520.0	1578423.426613
sub-123S0106	2.283	2.306	1.785	2.529	2.085	1.951	2.34	1.839	1.838	2.357	1.844	2.112	2.257	1.897	2.205	2.219	2.364	2.063	1.531	1.948	2.044	2.315	1.72	2.639	2.024	2.307	1.854	2.356	2.25	1.757	2.84	2.1121	1110821.0	1853270.623146
sub-123S0113	2.545	2.461	2.0	3.067	2.412	2.614	2.862	1.797	2.272	2.371	1.887	1.986	2.58	2.001	2.008	2.449	2.403	2.124	1.624	1.998	2.933	2.227	2.283	2.181	2.091	2.475	2.538	2.549	2.311	2.212	2.596	2.34487	1029499.0	1812763.655098
sub-123S0298	2.205	2.191	1.786	3.145	2.49	2.383	2.662	2.011	1.882	2.447	1.67	1.93	2.478	2.694	2.1	2.204	2.318	1.954	1.401	1.74	2.143	2.03	1.944	2.539	2.148	2.352	1.971	2.405	2.209	1.623	2.781	2.16287	991925.0	1467119.605332
sub-123S4362	2.46	2.433	1.914	3.569	2.625	2.293	2.533	2.627	2.249	2.639	1.978	2.332	2.644	2.676	2.323	2.494	2.51	2.212	1.446	2.032	2.386	2.496	2.357	2.625	2.265	2.444	2.136	2.67	2.406	2.131	2.99	2.3859	1003610.0	1390485.958101
sub-126S0605	2.427	2.124	1.677	3.307	2.426	2.158	2.423	2.002	1.9	2.521	1.855	2.156	2.374	2.424	2.396	2.277	2.386	2.073	1.486	1.908	2.301	2.341	2.071	2.742	2.09	2.251	1.949	2.496	2.292	2.211	2.733	2.20522	1132385.0	1778415.328252
sub-126S0680	2.503	2.175	1.726	3.352	2.472	1.97	2.511	2.226	1.946	2.344	1.762	2.115	2.374	2.602	2.005	2.316	2.452	2.172	1.51	1.802	2.224	2.194	2.004	2.697	2.059	2.226	1.791	2.458	2.091	2.283	2.453	2.14438	879440.0	1393491.426201
sub-127S0259	2.661	1.984	1.738	2.88	1.947	1.795	2.236	2.123	1.817	2.421	1.765	2.422	2.128	2.002	1.971	2.196	2.171	2.023	1.593	1.562	2.194	1.839	1.879	2.471	1.92	2.011	1.629	2.059	1.98	2.185	2.689	1.97328	827287.0	1375509.628708
sub-127S0260	2.723	2.434	1.853	3.807	2.588	2.322	2.86	1.928	2.045	2.717	1.947	2.726	2.588	2.61	2.412	2.457	2.582	2.171	1.565	1.879	2.469	2.457	2.176	2.688	2.264	2.42	2.067	2.468	2.318	1.954	2.822	2.34279	863171.0	1284379.598125
sub-127S4148	2.491	2.304	1.913	3.554	2.602	2.248	2.788	2.303	2.077	2.514	1.961	2.627	2.609	2.766	2.28	2.424	2.419	2.275	1.772	2.005	2.489	2.367	2.361	2.596	2.133	2.339	2.062	2.722	2.37	2.287	3.048	2.34569	1078569.0	1539977.187279
sub-127S4198	2.829	2.212	1.884	2.279	2.607	2.181	2.773	2.465	2.086	2.592	2.07	2.467	2.533	2.242	2.387	2.627	2.658	2.275	1.505	2.035	2.49	2.407	2.194	2.919	2.311	2.468	1.999	2.476	2.232	2.348	2.97	2.33524	926816.0	1370157.410328
sub-127S4604	2.346	2.593	1.94	3.683	2.714	2.492	2.817	2.343	2.292	2.726	1.974	2.602	2.688	2.561	2.526	2.643	2.88	2.582	1.681	2.153	2.339	2.634	2.505	3.012	2.445	2.662	2.334	2.885	2.43	2.283	3.169	2.51912	1178423.0	1794293.095085
sub-127S4645	2.881	2.387	1.785	3.591	2.518	2.132	2.654	2.403	2.078	2.452	2.015	2.336	2.749	2.813	2.348	2.556	2.563	2.394	1.606	1.955	2.303	2.432	2.102	3.01	2.156	2.349	1.946	2.533	2.22	2.222	2.929	2.30895	1015065.0	1506748.655051
sub-127S4843	2.446	2.23	1.721	3.489	2.472	2.076	2.685	2.361	1.963	2.463	1.984	2.216	2.479	2.819	2.448	2.412	2.267	2.11	1.723	1.824	2.266	2.289	2.108	2.024	2.24	2.203	1.968	2.487	2.164	2.469	2.742	2.2274	1078415.0	1577433.084299
sub-128S0229	2.8	2.113	1.687	2.673	2.728	2.072	2.535	2.578	1.878	2.52	1.848	2.103	2.427	2.444	2.018	2.421	2.213	2.484	1.504	1.742	2.483	2.036	2.065	2.813	2.227	2.478	1.978	2.413	2.255	2.174	2.704	2.21703	881260.0	1364944.150402
sub-128S0230	2.214	2.076	1.608	2.238	2.067	1.91	2.161	1.912	1.743	2.203	1.695	2.059	2.277	2.106	1.967	2.217	2.244	1.882	1.401	1.676	2.056	1.786	1.831	1.992	1.903	2.044	1.501	2.09	1.934	1.596	2.619	1.93723	1034381.0	1761625.955423
sub-128S0272	2.337	2.467	1.822	3.035	2.427	2.145	2.649	1.982	1.955	2.389	1.816	2.246	2.554	2.779	2.44	2.477	2.18	2.302	1.667	1.931	2.338	2.395	2.241	2.394	2.245	2.486	1.933	2.621	2.441	1.966	2.912	2.28862	1046458.0	1623144.744601
sub-128S0522	2.228	1.989	1.602	2.748	2.092	1.885	2.232	1.798	1.714	2.308	1.58	1.939	2.201	2.48	1.782	2.075	2.072	2.122	1.404	1.467	2.279	1.68	1.829	2.36	1.902	1.968	1.597	2.114	1.908	1.695	3.087	1.92582	1048302.0	1780563.276524
sub-128S0545	2.607	2.348	1.837	3.237	2.474	2.266	2.771	2.147	2.068	2.602	1.844	2.545	2.513	3.158	2.019	2.418	2.268	2.229	1.443	1.797	2.455	2.092	2.081	2.847	2.187	2.329	1.973	2.466	2.198	2.059	2.994	2.25562	1108565.0	1809132.910046
sub-128S0863	2.184	2.163	1.815	2.713	2.505	2.14	2.766	2.16	2.102	2.258	1.871	2.352	2.532	2.31	2.183	2.107	2.284	2.022	1.487	1.748	2.207	2.168	2.379	2.314	2.177	2.398	2.009	2.292	2.047	2.122	2.909	2.21408	971305.0	1662631.395346
sub-128S1242	2.338	2.327	1.645	3.321	2.217	2.137	2.618	1.882	1.831	2.394	1.587	2.245	2.486	2.117	2.183	2.254	2.114	2.016	1.358	1.806	2.225	2.094	1.994	2.521	2.098	2.373	1.82	2.237	2.15	1.887	2.71	2.13494	887995.0	1394566.904681
sub-128S4586	2.499	2.432	1.787	3.813	2.525	2.22	2.876	2.052	1.906	2.574	1.928	2.303	2.675	2.767	2.062	2.41	2.623	2.175	1.491	2.015	2.321	2.334	2.12	2.605	2.372	2.403	1.925	2.641	2.325	2.453	2.909	2.31108	1014479.0	1596258.505287
sub-128S4599	2.483	2.699	1.832	4.24	2.729	2.425	2.985	2.608	2.373	2.691	2.146	2.213	2.928	2.511	2.536	2.864	2.613	2.56	1.579	2.24	2.352	2.773	2.439	2.474	2.427	2.577	2.287	2.867	2.539	2.292	3.127	2.54343	1251424.0	1724565.254916
sub-128S4607	2.522	2.514	1.904	2.957	2.645	2.396	2.809	2.143	2.203	2.682	1.905	2.423	2.883	2.438	2.55	2.667	2.668	2.365	1.682	2.125	2.44	2.655	2.324	2.627	2.315	2.482	2.198	2.879	2.533	2.768	3.033	2.4663	1045573.0	1477553.966179
sub-128S4609	2.665	2.379	1.846	3.486	2.444	2.212	2.543	2.21	2.048	2.53	1.857	2.398	2.545	3.092	2.456	2.39	2.281	2.232	1.473	1.956	2.258	2.47	2.309	2.608	2.26	2.485	2.024	2.58	2.247	2.213	2.718	2.29512	907456.0	1416626.154457
sub-128S4832	2.299	2.359	1.863	3.237	2.515	2.163	2.648	1.946	2.127	2.37	1.913	2.289	2.582	2.274	2.342	2.209	2.372	2.087	1.648	1.966	2.132	2.409	2.083	2.373	2.24	2.397	2.073	2.603	2.32	2.097	2.717	2.27238	1103826.0	1632655.551223
sub-129S0778	2.364	2.19	1.95	3.41	2.353	2.265	2.661	2.195	2.087	2.62	1.931	2.26	2.54	2.813	2.182	2.429	2.548	2.371	1.812	1.908	2.438	2.228	2.215	2.472	2.125	2.328	2.071	2.439	2.352	2.353	3.193	2.28479	956630.0	1533577.273602
sub-129S4369	2.662	2.47	1.906	3.699	2.442	2.245	2.858	2.462	2.029	2.595	2.113	2.294	2.668	3.017	2.392	2.433	2.503	2.344	1.758	1.912	2.151	2.467	2.33	2.566	2.423	2.589	1.987	2.757	2.445	2.163	2.979	2.40293	1009920.0	1362526.044775
sub-129S4371	2.581	2.066	1.948	2.947	2.511	2.117	2.747	2.383	1.934	2.5	1.816	2.285	2.555	2.953	2.147	2.327	2.5	2.195	1.64	1.745	2.499	2.169	2.134	2.636	2.233	2.318	1.856	2.553	2.146	2.179	2.966	2.24026	960702.0	1374319.53865
sub-129S4396	3.275	2.459	1.816	3.069	2.552	2.16	2.511	2.1	1.87	2.757	1.957	2.298	2.558	2.832	2.358	2.524	2.449	2.157	1.618	1.999	2.568	2.272	2.377	3.137	2.161	2.354	1.836	2.672	2.283	2.261	3.311	2.31698	861849.0	1268612.638669
sub-129S4422	2.428	2.341	1.76	3.051	2.355	1.852	2.576	2.237	1.811	2.648	1.831	2.238	2.338	2.413	2.372	2.435	2.196	2.274	1.574	1.833	2.447	2.314	2.045	2.723	2.101	2.363	1.749	2.379	2.051	1.961	2.766	2.17829	931477.0	1351727.50621
sub-130S0232	2.6	2.22	1.568	3.088	2.601	2.082	2.538	2.203	1.787	2.523	1.963	2.333	2.365	2.32	2.336	2.368	2.379	2.019	1.383	1.701	2.276	2.073	2.171	2.331	2.086	2.434	1.911	2.448	2.171	2.221	2.683	2.18123	1053283.0	1726766.547186
sub-130S0886	2.611	2.366	1.806	3.559	2.617	2.289	3.055	2.352	2.029	2.857	1.825	2.407	2.68	2.967	2.193	2.457	2.778	2.342	1.364	2.089	2.296	2.378	2.085	2.586	2.282	2.557	2.097	2.858	2.584	2.039	3.072	2.39095	937068.0	1410910.126175
sub-130S0969	2.539	2.234	1.859	3.487	2.57	2.186	2.799	2.312	2.186	2.612	1.85	2.111	2.591	2.884	2.309	2.438	2.467	2.184	1.447	1.844	2.222	2.097	2.495	2.317	2.118	2.25	2.387	2.447	2.179	2.082	2.515	2.27759	1045619.0	1649002.749342
sub-130S4343	2.443	2.311	1.743	3.746	2.661	2.498	2.831	2.343	2.255	2.585	1.878	2.462	2.615	3.173	2.259	2.525	2.854	2.309	1.567	2.009	2.413	2.413	2.201	2.615	2.172	2.408	2.142	2.65	2.384	2.083	2.749	2.35955	1043510.0	1540315.535403
sub-130S4352	2.737	2.27	1.68	3.482	2.528	2.242	2.745	2.189	1.871	2.329	1.8	2.017	2.678	2.851	2.189	2.318	2.273	2.089	1.393	1.862	2.181	2.211	2.127	2.304	2.13	2.337	1.929	2.551	2.181	1.87	2.813	2.21661	1013218.0	1607615.551063
sub-131S0123	2.541	2.096	1.713	2.348	2.315	2.055	2.415	2.362	2.056	2.273	1.931	2.207	2.444	2.084	2.143	2.437	2.664	2.151	1.505	1.831	2.203	2.184	2.151	2.608	2.098	2.164	1.91	2.417	2.185	2.578	2.669	2.1653	863623.0	1298518.865268
sub-131S0441	2.483	2.042	1.799	3.203	2.314	1.948	2.585	2.173	2.055	2.807	1.739	2.873	2.347	2.917	2.118	2.227	2.572	2.033	1.524	1.664	2.44	1.973	1.982	2.848	2.185	2.539	1.754	2.291	1.833	2.192	2.802	2.15114	920637.0	1387284.002844
sub-135S4446	2.631	2.449	1.872	3.375	2.824	2.266	2.873	2.049	2.2	2.591	2.081	2.458	2.696	2.924	2.378	2.723	2.567	2.308	1.636	2.072	2.468	2.339	2.328	2.778	2.466	2.521	2.129	2.884	2.445	2.292	3.323	2.4486	946630.0	1380782.24791
sub-135S4566	3.057	2.559	1.821	3.254	2.689	2.344	3.23	2.458	2.018	2.756	1.872	2.53	2.797	2.668	2.247	2.476	2.599	2.377	1.611	1.835	2.5	2.377	2.24	3.577	2.41	2.712	2.009	2.634	2.428	2.367	2.966	2.39278	956429.0	1503001.337962
sub-135S4598	2.57	2.568	1.91	3.653	2.807	2.504	2.874	2.649	2.178	2.608	2.209	2.379	2.938	2.353	2.516	2.488	2.431	2.381	1.797	2.163	2.503	2.507	2.352	2.381	2.523	2.625	2.061	2.833	2.477	2.437	2.9	2.49657	1049064.0	1521597.195116
sub-136S0186	2.471	2.556	1.779	3.517	2.559	2.349	2.789	2.177	2.089	2.586	1.894	2.078	2.523	2.841	2.365	2.397	2.51	2.31	1.63	1.919	2.167	2.427	2.323	2.238	2.394	2.467	2.107	2.444	2.362	2.155	2.691	2.32472	1031515.0	1573694.729086
sub-136S4269	2.275	2.265	1.711	3.768	2.47	2.095	2.711	2.141	1.96	2.596	1.795	2.337	2.656	3.023	2.095	2.39	2.464	2.042	1.489	1.861	2.614	2.231	2.023	2.467	2.088	2.433	2.13	2.626	2.265	2.231	2.823	2.27216	1004439.0	1497608.190219
sub-136S4433	2.767	2.35	1.739	3.222	2.471	2.161	2.689	2.57	2.01	2.506	1.765	2.093	2.616	2.877	2.175	2.348	2.619	2.089	1.342	1.896	2.5	2.215	2.173	2.396	2.248	2.435	1.981	2.695	2.278	2.014	3.069	2.28113	979850.0	1389364.196233
sub-136S4726	2.678	2.481	1.831	3.273	2.472	2.377	2.862	2.753	2.129	2.662	1.943	2.129	2.748	2.739	2.601	2.513	2.503	2.248	1.547	2.11	2.513	2.743	2.252	2.56	2.299	2.586	2.346	2.752	2.518	2.449	3.18	2.45444	1119964.0	1557192.208811
sub-136S4727	2.781	2.332	1.658	3.941	2.42	2.086	2.89	2.583	1.847	2.621	1.923	1.997	2.689	2.702	2.31	2.435	2.84	2.421	1.594	1.868	2.66	2.431	2.213	2.629	2.237	2.524	2.063	2.594	2.291	1.775	2.853	2.32	906361.0	1377380.590077
sub-137S0301	2.734	2.41	1.821	3.928	2.391	2.342	2.564	1.955	1.958	2.352	1.812	2.384	2.589	2.68	2.522	2.356	2.567	2.29	1.485	1.949	2.202	2.388	2.084	2.474	2.26	2.45	2.071	2.361	2.298	2.033	2.777	2.26702	1015579.0	1451280.648767
sub-137S0972	2.223	2.191	1.705	2.024	2.391	2.178	2.523	1.852	1.919	2.443	1.787	2.117	2.475	2.508	2.286	2.411	2.317	2.221	1.598	1.695	1.965	2.278	2.057	2.152	2.125	2.225	1.879	2.318	2.199	1.776	2.498	2.14718	935531.0	1465760.533881
sub-137S4466	2.668	2.283	1.814	2.748	2.57	2.111	2.581	1.885	2.087	2.547	1.798	2.147	2.577	2.827	2.307	2.347	2.366	2.1	1.531	1.878	2.054	2.413	2.187	2.609	2.086	2.321	1.983	2.53	2.171	2.324	2.839	2.24644	1003904.0	1530749.512418
sub-137S4482	2.728	2.308	1.658	3.196	2.356	2.264	2.558	2.039	1.961	2.807	1.841	2.587	2.583	2.795	2.277	2.587	2.597	2.233	1.558	1.936	2.342	2.439	2.061	2.653	2.264	2.383	2.018	2.566	2.34	2.288	2.882	2.28228	900937.0	1389805.520956
sub-137S4520	2.91	2.665	2.168	4.421	2.913	2.464	3.018	2.499	2.301	2.855	2.102	2.63	2.819	2.974	2.42	2.833	2.886	2.597	1.821	2.08	2.527	2.593	2.455	2.858	2.552	2.842	2.272	2.968	2.737	2.497	3.444	2.60973	1157410.0	1577581.708708
sub-137S4587	2.544	2.515	1.989	3.511	2.632	2.343	2.681	2.308	2.313	2.614	2.013	2.514	2.558	2.932	2.347	2.502	2.543	2.249	1.603	2.06	2.303	2.492	2.45	2.334	2.341	2.676	2.168	2.608	2.294	2.637	2.61	2.41542	922113.0	1377212.508159
sub-137S4632	2.674	2.483	1.799	3.083	2.687	2.327	2.901	2.368	2.156	2.537	2.075	2.421	2.681	3.055	2.462	2.593	2.579	2.381	1.496	1.937	2.358	2.662	2.507	2.815	2.303	2.621	2.184	2.753	2.413	2.551	3.245	2.45221	1116547.0	1639418.683536
sub-141S0717	2.409	2.222	1.845	2.634	2.234	2.029	2.414	2.288	2.133	2.426	1.884	2.409	2.146	2.167	1.893	2.23	2.27	2.009	1.548	1.805	2.371	1.94	1.892	2.299	2.094	2.226	1.697	2.164	1.934	1.502	2.888	2.08753	1131498.0	1813448.206093
sub-141S0767	2.458	2.316	1.912	2.825	2.486	2.362	2.569	1.952	2.065	2.301	1.881	2.012	2.668	2.385	2.222	2.357	2.407	2.199	1.685	2.087	2.163	2.398	2.113	2.431	2.243	2.445	2.075	2.527	2.233	2.221	2.614	2.27603	906588.0	1297735.585428
sub-153S4125	2.943	2.633	1.809	3.525	2.737	2.517	2.932	2.983	2.255	2.707	1.971	2.301	2.792	2.633	2.463	2.645	2.756	2.513	1.532	2.129	2.625	2.594	2.362	2.966	2.482	2.658	2.367	2.878	2.647	2.723	3.17	2.54229	894695.0	1308163.914274
sub-153S4139	2.481	2.478	1.837	3.048	2.618	2.298	2.651	2.146	2.096	2.652	1.884	2.412	2.677	3.002	2.265	2.419	2.79	2.325	1.686	1.933	2.236	2.426	2.199	2.764	2.217	2.478	1.982	2.661	2.473	2.166	2.802	2.35069	883531.0	1276535.224567
sub-153S4151	2.249	2.353	1.852	3.645	2.396	2.309	2.745	2.18	2.174	2.551	1.964	2.112	2.63	2.271	2.435	2.349	2.607	2.284	1.792	2.049	2.265	2.332	2.263	2.517	2.309	2.489	2.097	2.665	2.271	2.419	2.754	2.35253	861078.0	1314784.546112
sub-153S4372	2.512	2.285	1.838	3.35	2.663	2.336	2.629	2.308	2.065	2.584	2.019	2.422	2.667	2.969	2.352	2.419	2.543	2.462	1.616	2.056	2.511	2.386	2.245	2.829	2.262	2.435	2.084	2.74	2.424	2.377	2.786	2.37256	915746.0	1350920.617123
sub-941S1195	2.49	2.239	1.868	3.582	2.582	2.246	2.722	2.005	2.019	2.466	1.962	2.395	2.612	3.008	2.212	2.389	2.522	2.266	1.68	1.946	2.22	2.321	2.152	2.843	2.262	2.459	2.061	2.669	2.425	2.232	3.37	2.32782	1003304.0	1587230.896674
sub-941S1202	2.465	2.171	1.81	1.862	2.384	2.251	2.661	2.183	2.175	2.546	1.899	2.325	2.592	1.766	2.165	2.257	2.389	2.146	1.43	1.787	2.401	2.325	2.002	2.633	2.189	2.34	2.107	2.371	2.225	2.146	2.949	2.24786	990794.0	1632443.695868
sub-941S1203	3.136	2.312	1.679	3.096	2.723	2.287	2.943	2.417	1.929	2.861	2.027	2.483	2.647	2.799	2.34	2.534	2.476	2.346	1.481	1.972	2.68	2.414	2.325	2.913	2.668	2.614	2.061	2.66	2.448	2.18	2.98	2.41133	881116.0	1406361.694575
sub-941S4066	2.488	2.342	1.842	3.073	2.611	2.241	2.627	2.438	2.023	2.471	1.906	2.137	2.513	2.318	2.354	2.323	2.356	2.17	1.481	1.95	2.491	2.322	2.428	2.658	2.255	2.403	2.129	2.672	2.229	2.355	2.798	2.30083	877640.0	1423322.903793
sub-941S4100	2.824	2.502	1.774	3.283	2.631	2.325	2.768	2.125	2.063	2.528	2.065	2.155	2.835	2.951	2.282	2.456	2.371	2.286	1.473	2.142	2.604	2.487	2.234	2.485	2.301	2.442	2.088	2.614	2.442	2.047	2.802	2.38643	1013370.0	1579475.76931
sub-941S4255	2.443	2.325	1.857	3.33	2.584	2.356	2.625	2.145	2.157	2.449	1.821	2.381	2.661	2.554	2.139	2.436	2.225	2.313	1.565	2.065	2.44	2.397	2.25	2.513	2.189	2.364	2.133	2.596	2.333	2.236	2.87	2.32801	1035029.0	1602607.335152
sub-941S4292	2.327	2.38	1.947	3.446	2.519	2.331	2.71	2.477	2.082	2.659	2.005	2.177	2.567	2.678	2.342	2.366	2.537	2.31	1.595	2.044	2.192	2.498	2.417	2.649	2.232	2.416	2.122	2.621	2.331	2.295	2.904	2.35756	999881.0	1484738.773689
sub-941S4365	2.345	2.455	1.859	3.114	2.58	2.033	2.525	2.277	1.934	2.629	1.999	2.233	2.32	2.773	2.233	2.4	2.421	2.248	1.653	1.921	2.336	2.285	2.159	2.382	2.19	2.425	2.03	2.566	2.233	2.255	2.632	2.26358	1091136.0	1724259.741326
sub-941S4376	2.41	2.291	1.764	3.539	2.406	2.165	2.505	2.149	2.028	2.534	1.887	2.348	2.583	3.335	2.328	2.445	2.77	2.541	1.447	1.895	2.395	2.322	2.216	2.685	2.379	2.493	1.904	2.619	2.418	2.479	3.058	2.30567	928015.0	1400893.739842
