lh.aparc.DKTatlas.meancurv	lh_caudalanteriorcingulate_meancurv	lh_caudalmiddlefrontal_meancurv	lh_cuneus_meancurv	lh_entorhinal_meancurv	lh_fusiform_meancurv	lh_inferiorparietal_meancurv	lh_inferiortemporal_meancurv	lh_isthmuscingulate_meancurv	lh_lateraloccipital_meancurv	lh_lateralorbitofrontal_meancurv	lh_lingual_meancurv	lh_medialorbitofrontal_meancurv	lh_middletemporal_meancurv	lh_parahippocampal_meancurv	lh_paracentral_meancurv	lh_parsopercularis_meancurv	lh_parsorbitalis_meancurv	lh_parstriangularis_meancurv	lh_pericalcarine_meancurv	lh_postcentral_meancurv	lh_posteriorcingulate_meancurv	lh_precentral_meancurv	lh_precuneus_meancurv	lh_rostralanteriorcingulate_meancurv	lh_rostralmiddlefrontal_meancurv	lh_superiorfrontal_meancurv	lh_superiorparietal_meancurv	lh_superiortemporal_meancurv	lh_supramarginal_meancurv	lh_transversetemporal_meancurv	lh_insula_meancurv	BrainSegVolNotVent	eTIV
sub-002S0295	0.148	0.104	0.126	0.105	0.127	0.119	0.128	0.138	0.131	0.127	0.123	0.118	0.12	0.084	0.078	0.111	0.127	0.111	0.131	0.091	0.123	0.093	0.125	0.114	0.125	0.126	0.118	0.093	0.12	0.087	0.106	1049464.0	1683891.325623
sub-002S0413	0.129	0.113	0.125	0.118	0.136	0.129	0.142	0.122	0.143	0.146	0.133	0.13	0.125	0.089	0.105	0.114	0.152	0.116	0.144	0.102	0.15	0.106	0.135	0.14	0.139	0.125	0.119	0.112	0.129	0.104	0.107	1031417.0	1468504.820203
sub-002S0685	0.139	0.115	0.139	0.14	0.135	0.126	0.148	0.121	0.139	0.158	0.15	0.146	0.131	0.104	0.112	0.112	0.126	0.117	0.16	0.116	0.141	0.117	0.129	0.154	0.148	0.139	0.122	0.104	0.131	0.128	0.116	981016.0	1543022.145788
sub-002S1261	0.151	0.127	0.126	0.117	0.136	0.128	0.157	0.123	0.13	0.148	0.134	0.127	0.139	0.112	0.092	0.122	0.112	0.136	0.148	0.119	0.14	0.112	0.13	0.127	0.148	0.136	0.123	0.119	0.129	0.096	0.107	971327.0	1486914.720552
sub-002S1280	0.145	0.13	0.152	0.119	0.14	0.145	0.151	0.127	0.156	0.135	0.134	0.118	0.153	0.122	0.114	0.144	0.135	0.13	0.135	0.116	0.137	0.119	0.138	0.119	0.146	0.131	0.13	0.122	0.132	0.078	0.129	912236.0	1420831.701808
sub-002S4213	0.124	0.142	0.137	0.107	0.145	0.148	0.148	0.142	0.151	0.154	0.135	0.122	0.149	0.103	0.111	0.128	0.13	0.129	0.121	0.118	0.148	0.115	0.143	0.122	0.151	0.145	0.133	0.111	0.139	0.122	0.118	929490.0	1457811.479267
sub-002S4225	0.124	0.114	0.131	0.099	0.124	0.125	0.133	0.128	0.131	0.122	0.128	0.12	0.122	0.088	0.092	0.119	0.106	0.123	0.116	0.101	0.126	0.102	0.128	0.132	0.137	0.13	0.124	0.107	0.122	0.072	0.117	1225004.0	1880480.84738
sub-002S4262	0.16	0.128	0.138	0.124	0.14	0.132	0.157	0.117	0.152	0.127	0.144	0.126	0.13	0.089	0.115	0.134	0.127	0.124	0.121	0.119	0.15	0.124	0.142	0.137	0.153	0.14	0.114	0.107	0.145	0.106	0.111	877597.0	1574305.99148
sub-002S4264	0.143	0.119	0.144	0.138	0.145	0.128	0.142	0.122	0.14	0.155	0.164	0.154	0.145	0.088	0.093	0.124	0.137	0.148	0.144	0.12	0.137	0.105	0.139	0.14	0.145	0.136	0.124	0.122	0.144	0.111	0.122	946496.0	1432436.642983
sub-002S4270	0.113	0.123	0.14	0.111	0.149	0.143	0.145	0.123	0.151	0.142	0.154	0.139	0.13	0.083	0.096	0.116	0.137	0.137	0.146	0.116	0.131	0.101	0.139	0.12	0.147	0.136	0.132	0.122	0.133	0.101	0.121	999849.0	1495734.272789
sub-003S0907	0.126	0.129	0.142	0.145	0.156	0.12	0.15	0.128	0.135	0.149	0.146	0.145	0.131	0.116	0.102	0.116	0.126	0.123	0.132	0.11	0.139	0.113	0.126	0.143	0.158	0.138	0.112	0.124	0.122	0.1	0.111	833101.0	1408413.108412
sub-003S0981	0.113	0.116	0.152	0.153	0.164	0.132	0.162	0.124	0.148	0.138	0.158	0.145	0.139	0.107	0.098	0.128	0.146	0.128	0.137	0.111	0.124	0.106	0.141	0.137	0.142	0.124	0.117	0.109	0.124	0.103	0.143	823439.0	3074205.906953
sub-003S4081	0.167	0.125	0.139	0.136	0.143	0.128	0.138	0.134	0.147	0.145	0.157	0.143	0.143	0.106	0.115	0.116	0.127	0.14	0.139	0.108	0.145	0.107	0.143	0.13	0.161	0.13	0.129	0.111	0.142	0.124	0.117	802731.0	1175637.939837
sub-003S4119	0.126	0.127	0.137	0.121	0.138	0.13	0.139	0.129	0.145	0.15	0.146	0.136	0.132	0.106	0.106	0.13	0.119	0.128	0.133	0.11	0.128	0.111	0.138	0.14	0.142	0.131	0.119	0.119	0.132	0.104	0.128	1085194.0	1540009.985009
sub-003S4288	0.111	0.136	0.135	0.155	0.151	0.147	0.163	0.141	0.148	0.144	0.144	0.144	0.138	0.134	0.127	0.109	0.133	0.125	0.13	0.128	0.147	0.135	0.147	0.13	0.145	0.144	0.126	0.12	0.136	0.104	0.126	868201.0	1213393.324962
sub-003S4350	0.164	0.123	0.122	0.136	0.131	0.133	0.147	0.12	0.131	0.143	0.136	0.142	0.131	0.095	0.11	0.123	0.125	0.131	0.143	0.105	0.143	0.108	0.135	0.155	0.14	0.133	0.114	0.114	0.12	0.083	0.125	1116021.0	1421978.642033
sub-003S4441	0.12	0.119	0.14	0.101	0.132	0.13	0.133	0.127	0.139	0.125	0.134	0.122	0.124	0.098	0.102	0.11	0.126	0.113	0.139	0.101	0.142	0.091	0.13	0.139	0.131	0.117	0.131	0.101	0.116	0.111	0.109	1105372.0	1530622.913335
sub-003S4555	0.153	0.131	0.143	0.192	0.147	0.131	0.157	0.117	0.133	0.151	0.152	0.129	0.125	0.112	0.129	0.139	0.126	0.105	0.137	0.132	0.146	0.135	0.144	0.155	0.135	0.145	0.13	0.123	0.133	0.124	0.132	1019373.0	1384959.507897
sub-003S4644	0.127	0.115	0.141	0.106	0.131	0.132	0.139	0.123	0.137	0.137	0.149	0.14	0.124	0.103	0.112	0.12	0.102	0.126	0.136	0.117	0.132	0.104	0.144	0.138	0.147	0.13	0.123	0.123	0.135	0.108	0.125	975313.0	1365713.781841
sub-003S4839	0.13	0.115	0.136	0.099	0.129	0.123	0.143	0.126	0.138	0.142	0.141	0.122	0.133	0.1	0.095	0.115	0.137	0.129	0.141	0.115	0.133	0.099	0.132	0.12	0.133	0.125	0.123	0.107	0.124	0.088	0.115	975693.0	1369211.809852
sub-003S4840	0.139	0.123	0.141	0.119	0.133	0.124	0.136	0.127	0.13	0.131	0.136	0.125	0.125	0.087	0.115	0.11	0.124	0.123	0.136	0.109	0.142	0.107	0.139	0.13	0.128	0.129	0.115	0.105	0.126	0.084	0.121	1100815.0	1448127.526802
sub-003S4872	0.136	0.124	0.149	0.131	0.142	0.146	0.157	0.143	0.148	0.146	0.154	0.138	0.127	0.104	0.109	0.128	0.145	0.131	0.145	0.112	0.152	0.121	0.139	0.133	0.151	0.141	0.131	0.115	0.142	0.111	0.131	1014951.0	1448192.20547
sub-003S4900	0.134	0.121	0.154	0.167	0.135	0.13	0.139	0.129	0.143	0.145	0.139	0.139	0.132	0.1	0.108	0.115	0.125	0.135	0.124	0.116	0.141	0.109	0.144	0.135	0.145	0.139	0.121	0.127	0.13	0.116	0.112	978392.0	1215856.919368
sub-005S0553	0.127	0.116	0.129	0.161	0.15	0.127	0.159	0.114	0.132	0.146	0.14	0.143	0.133	0.116	0.095	0.122	0.126	0.12	0.128	0.12	0.146	0.103	0.138	0.124	0.149	0.125	0.116	0.106	0.131	0.092	0.128	917208.0	1540761.958465
sub-005S0602	0.126	0.12	0.138	0.129	0.125	0.125	0.138	0.123	0.133	0.137	0.145	0.114	0.122	0.077	0.087	0.106	0.124	0.138	0.123	0.103	0.127	0.098	0.123	0.128	0.142	0.123	0.111	0.112	0.127	0.081	0.121	983743.0	1385998.576713
sub-005S0610	0.115	0.118	0.136	0.131	0.147	0.12	0.158	0.103	0.141	0.143	0.158	0.112	0.141	0.129	0.096	0.131	0.136	0.108	0.12	0.097	0.104	0.098	0.127	0.118	0.151	0.115	0.103	0.115	0.133	0.131	0.136	891703.0	1460837.307316
sub-006S0498	0.118	0.126	0.123	0.104	0.134	0.127	0.143	0.112	0.123	0.147	0.133	0.137	0.133	0.082	0.097	0.127	0.122	0.134	0.119	0.102	0.134	0.1	0.136	0.125	0.148	0.131	0.106	0.111	0.134	0.098	0.119	1066582.0	1636697.177721
sub-006S0731	0.132	0.112	0.136	0.106	0.136	0.134	0.141	0.132	0.137	0.136	0.15	0.128	0.127	0.086	0.104	0.113	0.136	0.143	0.165	0.106	0.148	0.1	0.144	0.148	0.138	0.127	0.128	0.113	0.121	0.072	0.097	982881.0	1494517.802949
sub-006S4150	0.132	0.105	0.131	0.105	0.134	0.123	0.133	0.126	0.139	0.135	0.156	0.12	0.128	0.083	0.091	0.117	0.115	0.12	0.14	0.102	0.128	0.1	0.127	0.137	0.137	0.116	0.119	0.113	0.118	0.077	0.108	1054806.0	1605626.307878
sub-006S4357	0.135	0.122	0.139	0.112	0.138	0.138	0.132	0.137	0.144	0.139	0.141	0.13	0.131	0.109	0.094	0.114	0.146	0.133	0.132	0.105	0.13	0.101	0.14	0.146	0.151	0.135	0.125	0.128	0.125	0.123	0.111	876915.0	1148315.525837
sub-006S4449	0.14	0.115	0.116	0.087	0.129	0.132	0.138	0.123	0.132	0.133	0.142	0.128	0.12	0.1	0.09	0.117	0.115	0.133	0.134	0.109	0.133	0.103	0.118	0.122	0.14	0.129	0.119	0.103	0.12	0.091	0.122	1207593.0	1792794.524345
sub-006S4485	0.116	0.109	0.142	0.113	0.142	0.136	0.143	0.14	0.152	0.131	0.144	0.142	0.142	0.089	0.103	0.123	0.128	0.122	0.138	0.114	0.154	0.106	0.126	0.118	0.142	0.123	0.121	0.111	0.135	0.094	0.1	1108943.0	1688758.614764
sub-007S1206	0.136	0.11	0.132	0.124	0.13	0.125	0.136	0.101	0.127	0.142	0.129	0.143	0.131	0.092	0.089	0.117	0.116	0.137	0.126	0.1	0.122	0.1	0.141	0.123	0.142	0.131	0.114	0.111	0.129	0.104	0.107	1109840.0	1711488.986575
sub-007S1222	0.119	0.127	0.14	0.157	0.147	0.124	0.15	0.132	0.147	0.149	0.151	0.144	0.13	0.118	0.109	0.122	0.117	0.123	0.138	0.108	0.129	0.119	0.117	0.139	0.132	0.139	0.099	0.121	0.123	0.121	0.155	896150.0	1347342.66089
sub-007S4387	0.174	0.116	0.131	0.123	0.133	0.137	0.145	0.128	0.142	0.132	0.136	0.135	0.136	0.082	0.112	0.12	0.128	0.113	0.126	0.107	0.149	0.104	0.124	0.146	0.137	0.141	0.119	0.119	0.133	0.086	0.119	934388.0	1387400.721012
sub-007S4488	0.136	0.103	0.127	0.161	0.152	0.129	0.131	0.143	0.135	0.154	0.142	0.15	0.124	0.12	0.087	0.122	0.136	0.13	0.124	0.104	0.141	0.104	0.133	0.151	0.142	0.131	0.112	0.122	0.13	0.115	0.129	1137958.0	1607405.87503
sub-007S4516	0.136	0.128	0.123	0.139	0.142	0.133	0.152	0.119	0.137	0.163	0.148	0.174	0.133	0.098	0.104	0.121	0.131	0.127	0.122	0.114	0.143	0.111	0.136	0.149	0.136	0.135	0.117	0.112	0.127	0.098	0.123	1032285.0	1415187.264209
sub-007S4620	0.144	0.125	0.13	0.155	0.127	0.107	0.151	0.127	0.134	0.134	0.124	0.136	0.135	0.106	0.097	0.12	0.133	0.143	0.126	0.099	0.144	0.103	0.129	0.136	0.141	0.131	0.111	0.12	0.129	0.087	0.117	935229.0	1454466.949158
sub-007S4637	0.121	0.132	0.15	0.109	0.143	0.133	0.145	0.123	0.145	0.148	0.143	0.146	0.14	0.104	0.13	0.121	0.126	0.129	0.141	0.108	0.146	0.113	0.144	0.11	0.146	0.138	0.118	0.118	0.13	0.102	0.113	927957.0	1309197.040793
sub-009S0751	0.119	0.121	0.138	0.103	0.133	0.115	0.139	0.119	0.14	0.146	0.136	0.131	0.135	0.083	0.098	0.12	0.131	0.119	0.123	0.113	0.149	0.102	0.135	0.131	0.143	0.124	0.118	0.116	0.13	0.104	0.11	1027155.0	1691257.521957
sub-009S0842	0.124	0.112	0.134	0.112	0.124	0.125	0.136	0.113	0.138	0.144	0.147	0.142	0.127	0.075	0.116	0.114	0.136	0.121	0.145	0.105	0.137	0.109	0.137	0.132	0.139	0.133	0.128	0.103	0.125	0.083	0.103	1097114.0	1656701.514839
sub-009S4337	0.119	0.129	0.138	0.12	0.132	0.138	0.138	0.13	0.144	0.139	0.132	0.142	0.138	0.084	0.121	0.126	0.131	0.139	0.128	0.124	0.139	0.122	0.132	0.131	0.148	0.138	0.123	0.115	0.128	0.121	0.113	967708.0	1502186.05902
sub-009S4388	0.12	0.12	0.138	0.112	0.129	0.116	0.135	0.124	0.138	0.127	0.128	0.134	0.121	0.098	0.098	0.115	0.122	0.134	0.117	0.111	0.13	0.113	0.123	0.12	0.133	0.122	0.122	0.104	0.12	0.088	0.12	1113336.0	1670964.340858
sub-009S4612	0.144	0.119	0.131	0.152	0.131	0.135	0.142	0.127	0.139	0.148	0.141	0.131	0.137	0.115	0.102	0.127	0.151	0.125	0.145	0.117	0.138	0.123	0.134	0.142	0.143	0.142	0.128	0.123	0.141	0.116	0.154	891416.0	1192550.067527
sub-010S0419	0.118	0.117	0.123	0.135	0.144	0.12	0.152	0.116	0.131	0.133	0.13	0.132	0.119	0.098	0.09	0.116	0.138	0.119	0.123	0.108	0.123	0.097	0.117	0.115	0.132	0.123	0.104	0.098	0.124	0.079	0.117	1063906.0	1628289.97458
sub-010S0420	0.123	0.107	0.119	0.109	0.137	0.131	0.147	0.127	0.145	0.142	0.144	0.132	0.134	0.1	0.094	0.12	0.137	0.147	0.116	0.109	0.128	0.106	0.121	0.137	0.143	0.121	0.115	0.109	0.128	0.104	0.116	1027497.0	1503139.446854
sub-010S4345	0.103	0.125	0.124	0.098	0.134	0.128	0.124	0.11	0.133	0.146	0.142	0.146	0.119	0.078	0.097	0.117	0.132	0.118	0.103	0.111	0.119	0.096	0.124	0.122	0.144	0.121	0.118	0.102	0.125	0.095	0.104	1042921.0	1579937.08795
sub-010S4442	0.131	0.142	0.146	0.109	0.141	0.14	0.139	0.117	0.163	0.136	0.147	0.12	0.129	0.082	0.117	0.129	0.121	0.117	0.137	0.116	0.126	0.143	0.141	0.134	0.142	0.16	0.142	0.103	0.14	0.079	0.124	963275.0	1230255.159956
sub-011S0021	0.134	0.129	0.128	0.142	0.139	0.142	0.146	0.13	0.137	0.14	0.145	0.144	0.139	0.108	0.106	0.127	0.124	0.129	0.123	0.122	0.142	0.127	0.134	0.159	0.148	0.142	0.122	0.133	0.132	0.11	0.125	873882.0	1373135.659751
sub-011S0023	0.131	0.116	0.141	0.105	0.135	0.132	0.135	0.136	0.139	0.14	0.137	0.112	0.13	0.1	0.111	0.122	0.125	0.121	0.121	0.111	0.13	0.108	0.131	0.143	0.131	0.133	0.117	0.121	0.126	0.102	0.128	1008068.0	1537336.193831
sub-011S4075	0.154	0.12	0.125	0.096	0.147	0.137	0.143	0.116	0.133	0.143	0.13	0.136	0.125	0.089	0.107	0.132	0.131	0.128	0.137	0.11	0.131	0.109	0.13	0.121	0.141	0.131	0.12	0.113	0.128	0.092	0.106	1044879.0	1563584.684012
sub-011S4105	0.114	0.124	0.126	0.122	0.135	0.135	0.133	0.128	0.135	0.141	0.139	0.137	0.131	0.101	0.123	0.115	0.113	0.116	0.118	0.113	0.135	0.122	0.128	0.123	0.144	0.134	0.13	0.112	0.13	0.107	0.106	944529.0	1471143.5108
sub-011S4120	0.123	0.119	0.134	0.107	0.146	0.14	0.152	0.121	0.133	0.159	0.142	0.136	0.147	0.091	0.106	0.136	0.147	0.149	0.131	0.116	0.119	0.111	0.135	0.138	0.152	0.136	0.129	0.108	0.151	0.133	0.128	916281.0	1410136.302794
sub-011S4222	0.151	0.14	0.14	0.108	0.128	0.143	0.152	0.123	0.147	0.154	0.136	0.132	0.134	0.092	0.125	0.121	0.14	0.117	0.132	0.129	0.158	0.136	0.142	0.121	0.155	0.149	0.13	0.112	0.141	0.124	0.108	908207.0	1409857.710323
sub-011S4278	0.136	0.13	0.14	0.138	0.129	0.132	0.142	0.133	0.14	0.144	0.135	0.16	0.134	0.11	0.117	0.119	0.128	0.129	0.138	0.116	0.138	0.117	0.133	0.131	0.149	0.13	0.126	0.12	0.126	0.117	0.109	985282.0	1590363.320442
sub-012S4026	0.143	0.125	0.139	0.105	0.142	0.131	0.129	0.123	0.144	0.148	0.137	0.123	0.125	0.096	0.099	0.11	0.122	0.129	0.125	0.108	0.152	0.107	0.14	0.121	0.152	0.132	0.126	0.107	0.139	0.099	0.108	1050425.0	1620670.609621
sub-012S4545	0.118	0.13	0.149	0.131	0.141	0.128	0.138	0.122	0.149	0.141	0.144	0.13	0.129	0.135	0.118	0.119	0.124	0.128	0.158	0.119	0.137	0.113	0.135	0.13	0.143	0.139	0.124	0.116	0.131	0.094	0.154	1131833.0	1500592.047643
sub-012S4643	0.127	0.127	0.129	0.104	0.143	0.12	0.147	0.127	0.147	0.146	0.14	0.146	0.133	0.097	0.09	0.117	0.134	0.143	0.124	0.106	0.131	0.093	0.125	0.118	0.155	0.134	0.107	0.111	0.136	0.123	0.12	985283.0	1513785.948144
sub-013S4579	0.139	0.117	0.136	0.146	0.14	0.121	0.147	0.13	0.141	0.144	0.148	0.144	0.138	0.109	0.105	0.129	0.133	0.144	0.121	0.109	0.134	0.113	0.13	0.137	0.149	0.138	0.112	0.132	0.142	0.129	0.123	885886.0	1441982.438839
sub-013S4580	0.135	0.125	0.141	0.133	0.156	0.137	0.149	0.13	0.151	0.139	0.148	0.147	0.131	0.128	0.108	0.141	0.149	0.136	0.152	0.112	0.138	0.113	0.146	0.153	0.152	0.141	0.124	0.123	0.131	0.11	0.121	957136.0	1368992.959255
sub-013S4616	0.149	0.129	0.133	0.164	0.134	0.128	0.142	0.123	0.145	0.149	0.142	0.136	0.14	0.102	0.108	0.144	0.158	0.133	0.157	0.117	0.13	0.125	0.134	0.132	0.146	0.138	0.124	0.13	0.128	0.112	0.131	1031889.0	1835733.260113
sub-013S4731	0.114	0.113	0.124	0.111	0.133	0.125	0.13	0.113	0.137	0.135	0.137	0.142	0.123	0.073	0.092	0.104	0.118	0.113	0.124	0.108	0.148	0.098	0.116	0.127	0.135	0.12	0.111	0.103	0.12	0.101	0.104	902209.0	1432389.810952
sub-014S0519	0.125	0.117	0.145	0.126	0.137	0.126	0.141	0.123	0.139	0.138	0.132	0.135	0.127	0.087	0.122	0.118	0.137	0.116	0.145	0.11	0.145	0.107	0.145	0.122	0.131	0.125	0.128	0.115	0.121	0.078	0.116	1015746.0	1534372.101223
sub-014S0520	0.143	0.14	0.14	0.138	0.149	0.133	0.16	0.152	0.154	0.153	0.147	0.128	0.145	0.09	0.116	0.129	0.139	0.141	0.147	0.128	0.152	0.135	0.142	0.151	0.153	0.14	0.122	0.127	0.138	0.112	0.144	1095798.0	1526919.965463
sub-014S0548	0.129	0.111	0.128	0.153	0.137	0.123	0.148	0.114	0.146	0.144	0.157	0.148	0.13	0.099	0.106	0.119	0.121	0.134	0.138	0.108	0.149	0.117	0.134	0.139	0.147	0.133	0.117	0.105	0.115	0.079	0.127	1009163.0	1551078.622055
sub-014S4080	0.128	0.154	0.149	0.149	0.159	0.162	0.154	0.136	0.171	0.152	0.153	0.137	0.131	0.087	0.135	0.14	0.141	0.139	0.125	0.119	0.15	0.127	0.138	0.134	0.152	0.155	0.141	0.124	0.163	0.11	0.122	910854.0	1391923.16458
sub-014S4093	0.141	0.117	0.137	0.114	0.136	0.132	0.141	0.148	0.141	0.133	0.145	0.149	0.124	0.086	0.129	0.115	0.137	0.144	0.111	0.119	0.151	0.114	0.136	0.133	0.141	0.133	0.125	0.101	0.132	0.114	0.111	1072590.0	1704672.333204
sub-014S4401	0.116	0.109	0.128	0.106	0.125	0.123	0.136	0.134	0.13	0.144	0.13	0.124	0.123	0.095	0.097	0.113	0.125	0.124	0.142	0.108	0.125	0.1	0.125	0.124	0.134	0.124	0.112	0.11	0.122	0.094	0.116	1075572.0	1470561.153388
sub-014S4576	0.113	0.133	0.125	0.139	0.128	0.13	0.132	0.142	0.139	0.14	0.134	0.13	0.132	0.099	0.107	0.122	0.145	0.124	0.124	0.125	0.14	0.127	0.123	0.126	0.146	0.133	0.134	0.115	0.132	0.108	0.126	902283.0	1222097.95918
sub-014S4577	0.108	0.124	0.15	0.15	0.153	0.127	0.152	0.15	0.146	0.153	0.152	0.14	0.139	0.102	0.132	0.12	0.136	0.138	0.148	0.123	0.144	0.127	0.136	0.13	0.149	0.149	0.131	0.129	0.127	0.098	0.131	979468.0	1457798.214596
sub-016S0359	0.147	0.123	0.139	0.137	0.155	0.14	0.157	0.132	0.15	0.168	0.158	0.159	0.136	0.129	0.123	0.132	0.15	0.162	0.13	0.124	0.15	0.129	0.145	0.142	0.158	0.15	0.122	0.132	0.147	0.135	0.124	779559.0	1204786.766552
sub-016S4097	0.141	0.113	0.148	0.124	0.135	0.135	0.149	0.135	0.137	0.153	0.152	0.138	0.13	0.072	0.101	0.113	0.145	0.144	0.136	0.106	0.145	0.109	0.135	0.149	0.134	0.127	0.122	0.118	0.129	0.14	0.12	947514.0	1200206.93281
sub-016S4121	0.126	0.146	0.141	0.14	0.147	0.133	0.162	0.13	0.134	0.147	0.141	0.142	0.137	0.117	0.123	0.12	0.132	0.131	0.119	0.132	0.142	0.133	0.135	0.109	0.149	0.136	0.124	0.122	0.131	0.126	0.121	918187.0	1416440.25552
sub-016S4638	0.128	0.12	0.135	0.15	0.126	0.132	0.141	0.135	0.131	0.139	0.151	0.138	0.132	0.084	0.116	0.125	0.128	0.127	0.126	0.12	0.151	0.109	0.151	0.13	0.135	0.131	0.119	0.126	0.135	0.101	0.122	1111526.0	1522101.871414
sub-016S4688	0.126	0.125	0.135	0.117	0.132	0.135	0.152	0.128	0.133	0.139	0.139	0.128	0.137	0.094	0.12	0.117	0.126	0.121	0.128	0.116	0.149	0.112	0.134	0.143	0.147	0.139	0.119	0.116	0.127	0.079	0.128	912553.0	1274897.505263
sub-016S4951	0.145	0.127	0.139	0.119	0.145	0.141	0.143	0.123	0.138	0.151	0.148	0.162	0.131	0.092	0.106	0.113	0.161	0.129	0.141	0.116	0.15	0.107	0.138	0.141	0.15	0.135	0.129	0.125	0.13	0.13	0.115	974685.0	1381934.595104
sub-016S4952	0.146	0.12	0.135	0.121	0.145	0.138	0.153	0.129	0.14	0.162	0.151	0.164	0.141	0.108	0.114	0.118	0.135	0.116	0.131	0.122	0.152	0.115	0.144	0.163	0.154	0.15	0.127	0.124	0.14	0.123	0.145	897906.0	1249412.930232
sub-018S0055	0.116	0.111	0.143	0.143	0.137	0.124	0.142	0.112	0.137	0.151	0.141	0.143	0.123	0.084	0.089	0.126	0.121	0.124	0.137	0.099	0.115	0.101	0.121	0.148	0.13	0.119	0.1	0.108	0.12	0.094	0.122	1068819.0	1860745.580041
sub-018S4257	0.12	0.109	0.14	0.14	0.158	0.125	0.136	0.137	0.138	0.14	0.142	0.136	0.126	0.113	0.101	0.108	0.104	0.123	0.134	0.1	0.114	0.106	0.132	0.124	0.134	0.122	0.103	0.108	0.131	0.112	0.104	1183019.0	1825085.282837
sub-018S4349	0.117	0.125	0.143	0.12	0.157	0.138	0.143	0.143	0.15	0.153	0.147	0.136	0.139	0.088	0.114	0.123	0.144	0.129	0.133	0.114	0.136	0.115	0.136	0.119	0.154	0.137	0.125	0.124	0.13	0.102	0.106	1165315.0	1640216.898661
sub-018S4399	0.119	0.113	0.143	0.075	0.142	0.126	0.147	0.123	0.145	0.146	0.141	0.139	0.137	0.076	0.099	0.122	0.119	0.131	0.13	0.11	0.143	0.111	0.127	0.126	0.155	0.132	0.123	0.12	0.128	0.087	0.107	924171.0	1352778.430478
sub-018S4400	0.135	0.124	0.14	0.119	0.136	0.133	0.144	0.123	0.145	0.14	0.133	0.125	0.131	0.098	0.09	0.127	0.128	0.138	0.135	0.112	0.146	0.107	0.137	0.131	0.142	0.136	0.118	0.121	0.137	0.096	0.12	979402.0	1484060.559027
sub-019S4367	0.108	0.116	0.149	0.112	0.127	0.128	0.138	0.12	0.14	0.136	0.144	0.136	0.119	0.092	0.099	0.115	0.133	0.136	0.156	0.105	0.137	0.107	0.137	0.116	0.141	0.123	0.118	0.108	0.136	0.139	0.144	1065435.0	1404780.76974
sub-019S4835	0.114	0.119	0.128	0.12	0.136	0.116	0.131	0.115	0.129	0.142	0.143	0.137	0.126	0.109	0.096	0.126	0.126	0.122	0.153	0.121	0.146	0.098	0.115	0.122	0.143	0.128	0.11	0.109	0.129	0.109	0.118	1136765.0	1688211.338736
sub-020S1288	0.119	0.113	0.132	0.113	0.138	0.119	0.128	0.132	0.132	0.133	0.14	0.136	0.124	0.123	0.099	0.115	0.108	0.134	0.138	0.109	0.151	0.105	0.134	0.143	0.138	0.125	0.11	0.11	0.125	0.1	0.119	1193318.0	1686357.566228
sub-021S0159	0.134	0.121	0.147	0.137	0.147	0.131	0.148	0.133	0.147	0.134	0.131	0.135	0.146	0.121	0.119	0.138	0.137	0.138	0.13	0.117	0.139	0.114	0.141	0.133	0.137	0.134	0.132	0.115	0.126	0.116	0.135	865254.0	1245772.285429
sub-021S0337	0.128	0.118	0.136	0.146	0.149	0.142	0.159	0.132	0.151	0.14	0.141	0.144	0.137	0.087	0.128	0.129	0.122	0.119	0.132	0.115	0.139	0.112	0.137	0.121	0.145	0.138	0.124	0.123	0.139	0.1	0.111	970742.0	1733726.461237
sub-021S4254	0.151	0.112	0.136	0.189	0.153	0.131	0.16	0.133	0.161	0.157	0.154	0.143	0.153	0.109	0.106	0.148	0.152	0.134	0.129	0.103	0.143	0.103	0.146	0.141	0.154	0.145	0.118	0.126	0.128	0.099	0.152	813098.0	1226951.352632
sub-021S4276	0.142	0.116	0.138	0.138	0.143	0.126	0.163	0.116	0.139	0.154	0.137	0.129	0.135	0.133	0.118	0.137	0.127	0.131	0.142	0.1	0.144	0.11	0.134	0.134	0.135	0.135	0.118	0.111	0.129	0.1	0.121	958061.0	1419124.800091
sub-021S4335	0.123	0.124	0.129	0.121	0.139	0.125	0.137	0.141	0.134	0.143	0.133	0.145	0.122	0.096	0.104	0.124	0.131	0.126	0.141	0.107	0.149	0.103	0.142	0.134	0.133	0.131	0.125	0.113	0.125	0.098	0.125	1002117.0	1363286.127158
sub-021S4421	0.131	0.128	0.138	0.133	0.138	0.137	0.143	0.128	0.13	0.154	0.147	0.128	0.133	0.117	0.098	0.136	0.148	0.133	0.145	0.103	0.138	0.114	0.125	0.158	0.151	0.143	0.123	0.119	0.128	0.109	0.139	1122552.0	1559761.67399
sub-021S4558	0.14	0.111	0.143	0.143	0.147	0.125	0.141	0.127	0.144	0.148	0.153	0.166	0.128	0.111	0.1	0.115	0.144	0.122	0.139	0.11	0.139	0.113	0.137	0.142	0.143	0.13	0.119	0.123	0.123	0.096	0.12	984985.0	1335947.604272
sub-022S0096	0.145	0.124	0.15	0.147	0.139	0.127	0.133	0.116	0.15	0.143	0.147	0.137	0.13	0.105	0.134	0.127	0.14	0.112	0.135	0.115	0.139	0.12	0.134	0.144	0.145	0.143	0.123	0.117	0.125	0.106	0.121	1046938.0	1865691.684976
sub-022S0130	0.114	0.122	0.132	0.104	0.124	0.12	0.126	0.131	0.137	0.14	0.148	0.14	0.117	0.084	0.1	0.112	0.135	0.137	0.143	0.111	0.127	0.112	0.123	0.119	0.135	0.13	0.111	0.113	0.126	0.113	0.114	1193738.0	1818840.642255
sub-022S4173	0.149	0.106	0.126	0.102	0.126	0.127	0.147	0.121	0.141	0.154	0.129	0.132	0.127	0.08	0.103	0.132	0.142	0.138	0.106	0.111	0.14	0.108	0.129	0.149	0.146	0.129	0.122	0.108	0.134	0.097	0.11	902879.0	1306038.558225
sub-022S4196	0.123	0.116	0.129	0.123	0.139	0.138	0.142	0.133	0.154	0.146	0.147	0.122	0.121	0.106	0.107	0.125	0.137	0.135	0.145	0.113	0.143	0.118	0.123	0.114	0.145	0.137	0.118	0.106	0.126	0.118	0.125	1027833.0	2394498.271875
sub-022S4266	0.147	0.105	0.123	0.109	0.132	0.125	0.127	0.125	0.124	0.13	0.128	0.129	0.129	0.099	0.1	0.114	0.125	0.119	0.136	0.107	0.131	0.102	0.125	0.126	0.13	0.122	0.111	0.108	0.123	0.114	0.122	1073298.0	1505345.851411
sub-022S4291	0.141	0.12	0.136	0.104	0.134	0.127	0.139	0.127	0.133	0.14	0.139	0.147	0.139	0.107	0.116	0.12	0.121	0.125	0.137	0.118	0.127	0.12	0.137	0.137	0.142	0.127	0.14	0.108	0.125	0.135	0.09	895090.0	1405472.205882
sub-022S4320	0.119	0.107	0.123	0.135	0.143	0.134	0.152	0.124	0.136	0.15	0.139	0.129	0.133	0.097	0.105	0.109	0.137	0.133	0.129	0.106	0.135	0.105	0.122	0.141	0.142	0.136	0.121	0.12	0.13	0.104	0.121	975691.0	1513895.892783
sub-023S0031	0.148	0.124	0.136	0.169	0.138	0.132	0.148	0.154	0.136	0.146	0.15	0.127	0.129	0.082	0.109	0.106	0.124	0.133	0.139	0.107	0.146	0.103	0.134	0.129	0.139	0.131	0.118	0.125	0.132	0.117	0.14	852372.0	1329445.163985
sub-023S0058	0.158	0.122	0.136	0.147	0.137	0.123	0.146	0.136	0.141	0.149	0.153	0.146	0.122	0.093	0.115	0.12	0.124	0.135	0.129	0.122	0.149	0.135	0.132	0.124	0.15	0.141	0.123	0.127	0.129	0.114	0.128	983619.0	1429852.034188
sub-023S0061	0.15	0.125	0.135	0.139	0.145	0.134	0.144	0.124	0.135	0.162	0.139	0.149	0.125	0.089	0.104	0.114	0.143	0.125	0.127	0.119	0.146	0.115	0.124	0.14	0.142	0.126	0.103	0.112	0.137	0.123	0.115	884651.0	1479244.247951
sub-023S0926	0.136	0.121	0.149	0.133	0.144	0.134	0.153	0.122	0.142	0.151	0.148	0.138	0.131	0.108	0.118	0.129	0.145	0.134	0.145	0.108	0.155	0.109	0.153	0.137	0.151	0.132	0.133	0.126	0.126	0.107	0.119	978251.0	1480457.697885
sub-023S1190	0.146	0.135	0.152	0.177	0.152	0.139	0.157	0.132	0.144	0.147	0.139	0.141	0.152	0.109	0.107	0.137	0.118	0.134	0.111	0.107	0.156	0.11	0.147	0.139	0.153	0.144	0.122	0.118	0.135	0.115	0.112	897862.0	1426927.285231
sub-023S4020	0.131	0.12	0.122	0.105	0.131	0.12	0.139	0.129	0.13	0.142	0.142	0.137	0.132	0.092	0.101	0.124	0.127	0.118	0.12	0.101	0.128	0.109	0.137	0.136	0.14	0.147	0.118	0.112	0.125	0.113	0.176	1130941.0	1617752.58253
sub-023S4164	0.134	0.117	0.132	0.114	0.137	0.131	0.152	0.124	0.134	0.147	0.141	0.138	0.13	0.088	0.111	0.121	0.131	0.128	0.138	0.116	0.133	0.127	0.121	0.124	0.144	0.133	0.121	0.119	0.12	0.119	0.133	1074326.0	1686602.620685
sub-023S4448	0.131	0.118	0.135	0.105	0.126	0.126	0.133	0.126	0.143	0.14	0.134	0.131	0.123	0.093	0.101	0.131	0.115	0.121	0.132	0.11	0.135	0.118	0.127	0.125	0.136	0.125	0.115	0.107	0.124	0.089	0.12	1027146.0	1412208.270176
sub-024S0985	0.115	0.111	0.125	0.155	0.137	0.131	0.146	0.109	0.128	0.137	0.119	0.138	0.121	0.087	0.097	0.097	0.133	0.117	0.131	0.101	0.13	0.1	0.118	0.089	0.143	0.118	0.105	0.109	0.108	0.105	0.119	764176.0	1331963.616711
sub-024S4084	0.121	0.128	0.143	0.096	0.13	0.129	0.138	0.125	0.141	0.134	0.139	0.134	0.126	0.076	0.093	0.108	0.126	0.114	0.139	0.115	0.14	0.108	0.134	0.129	0.135	0.13	0.119	0.106	0.135	0.086	0.115	1054847.0	1473387.09007
sub-024S4158	0.13	0.117	0.145	0.152	0.156	0.133	0.143	0.132	0.151	0.169	0.146	0.147	0.135	0.127	0.106	0.117	0.137	0.135	0.143	0.115	0.135	0.111	0.134	0.138	0.151	0.134	0.111	0.126	0.128	0.121	0.109	888200.0	1445341.188842
sub-027S0074	0.125	0.113	0.138	0.137	0.134	0.135	0.149	0.102	0.147	0.145	0.147	0.132	0.14	0.097	0.096	0.106	0.139	0.123	0.143	0.108	0.136	0.102	0.142	0.114	0.139	0.135	0.124	0.111	0.14	0.144	0.128	965883.0	1606683.180919
sub-027S0120	0.121	0.104	0.134	0.134	0.131	0.118	0.143	0.135	0.138	0.141	0.141	0.137	0.129	0.081	0.101	0.125	0.134	0.134	0.151	0.117	0.14	0.107	0.13	0.143	0.14	0.126	0.122	0.111	0.135	0.127	0.111	1051241.0	1537996.243965
sub-029S0824	0.135	0.118	0.136	0.149	0.143	0.125	0.154	0.116	0.132	0.145	0.128	0.149	0.14	0.092	0.115	0.115	0.124	0.122	0.115	0.107	0.146	0.108	0.128	0.133	0.149	0.146	0.134	0.115	0.129	0.076	0.113	934723.0	1470856.047405
sub-029S4279	0.121	0.13	0.133	0.121	0.168	0.131	0.179	0.121	0.148	0.154	0.149	0.153	0.157	0.088	0.115	0.144	0.149	0.129	0.155	0.111	0.123	0.113	0.139	0.106	0.158	0.149	0.116	0.129	0.14	0.096	0.129	955306.0	1473247.886144
sub-029S4290	0.126	0.107	0.14	0.128	0.13	0.139	0.153	0.124	0.137	0.144	0.146	0.14	0.144	0.099	0.1	0.124	0.122	0.134	0.155	0.108	0.14	0.111	0.139	0.113	0.151	0.132	0.125	0.124	0.132	0.095	0.119	1039277.0	1629681.569519
sub-029S4384	0.154	0.114	0.141	0.13	0.136	0.129	0.15	0.128	0.128	0.142	0.141	0.139	0.144	0.099	0.109	0.116	0.141	0.117	0.144	0.125	0.151	0.107	0.135	0.143	0.139	0.134	0.124	0.131	0.13	0.085	0.115	1069591.0	1461022.764941
sub-029S4385	0.155	0.132	0.135	0.109	0.138	0.145	0.149	0.145	0.139	0.142	0.146	0.114	0.15	0.113	0.115	0.128	0.156	0.132	0.134	0.121	0.149	0.125	0.143	0.135	0.162	0.145	0.133	0.119	0.147	0.094	0.127	903546.0	1323205.82315
sub-029S4585	0.113	0.12	0.143	0.118	0.149	0.137	0.153	0.13	0.14	0.144	0.137	0.132	0.137	0.076	0.114	0.128	0.12	0.126	0.137	0.11	0.119	0.113	0.136	0.135	0.157	0.136	0.12	0.113	0.127	0.11	0.106	1034952.0	1495842.569267
sub-029S4652	0.148	0.118	0.149	0.155	0.155	0.131	0.141	0.138	0.139	0.161	0.136	0.144	0.124	0.149	0.118	0.127	0.108	0.133	0.126	0.117	0.133	0.118	0.136	0.141	0.143	0.145	0.124	0.125	0.126	0.116	0.122	996503.0	1602224.576237
sub-031S0618	0.133	0.128	0.126	0.133	0.143	0.128	0.142	0.133	0.139	0.147	0.14	0.141	0.141	0.09	0.097	0.112	0.117	0.132	0.137	0.103	0.136	0.11	0.129	0.126	0.149	0.132	0.106	0.11	0.121	0.091	0.113	1052794.0	1457587.312761
sub-031S4021	0.137	0.107	0.136	0.112	0.133	0.129	0.129	0.13	0.15	0.141	0.151	0.123	0.129	0.078	0.091	0.113	0.098	0.112	0.144	0.104	0.141	0.099	0.127	0.117	0.13	0.117	0.12	0.113	0.132	0.098	0.104	1037869.0	1645923.380834
sub-031S4032	0.13	0.114	0.144	0.129	0.142	0.135	0.152	0.129	0.151	0.146	0.158	0.143	0.128	0.071	0.091	0.124	0.119	0.134	0.144	0.104	0.139	0.101	0.126	0.12	0.142	0.136	0.115	0.118	0.139	0.094	0.106	880979.0	1069381.348114
sub-031S4218	0.119	0.123	0.134	0.098	0.138	0.122	0.138	0.136	0.138	0.143	0.147	0.122	0.128	0.083	0.093	0.118	0.117	0.125	0.125	0.11	0.139	0.108	0.129	0.125	0.146	0.121	0.112	0.109	0.136	0.079	0.118	1058542.0	1684670.921817
sub-031S4474	0.129	0.116	0.142	0.123	0.135	0.13	0.156	0.128	0.149	0.154	0.149	0.147	0.144	0.084	0.113	0.113	0.126	0.119	0.142	0.112	0.148	0.113	0.134	0.139	0.147	0.138	0.117	0.119	0.121	0.083	0.114	1030673.0	1769607.560528
sub-031S4496	0.115	0.127	0.138	0.108	0.148	0.142	0.155	0.124	0.163	0.144	0.137	0.128	0.144	0.118	0.104	0.107	0.101	0.118	0.131	0.108	0.142	0.103	0.132	0.109	0.142	0.133	0.142	0.119	0.133	0.089	0.104	970835.0	1526209.661023
sub-032S0479	0.144	0.136	0.131	0.105	0.13	0.134	0.144	0.144	0.137	0.144	0.133	0.129	0.13	0.082	0.101	0.131	0.141	0.128	0.133	0.111	0.141	0.122	0.13	0.131	0.141	0.141	0.114	0.102	0.126	0.103	0.119	990126.0	1547150.622092
sub-032S0677	0.132	0.114	0.131	0.146	0.138	0.135	0.138	0.146	0.142	0.15	0.143	0.133	0.13	0.123	0.105	0.119	0.138	0.124	0.137	0.118	0.131	0.119	0.141	0.125	0.136	0.134	0.13	0.119	0.133	0.099	0.145	1010056.0	1528490.940716
sub-032S1169	0.123	0.106	0.113	0.14	0.132	0.129	0.135	0.123	0.123	0.159	0.137	0.131	0.127	0.096	0.095	0.127	0.127	0.119	0.115	0.1	0.126	0.106	0.117	0.129	0.148	0.127	0.092	0.108	0.128	0.126	0.154	933539.0	1561276.878402
sub-032S4277	0.161	0.116	0.14	0.128	0.129	0.138	0.142	0.127	0.146	0.138	0.148	0.129	0.132	0.083	0.101	0.127	0.127	0.136	0.14	0.121	0.144	0.111	0.133	0.147	0.143	0.135	0.118	0.112	0.143	0.118	0.109	902223.0	1274512.512789
sub-032S4304	0.131	0.129	0.153	0.136	0.145	0.139	0.142	0.128	0.154	0.144	0.156	0.145	0.137	0.101	0.112	0.138	0.129	0.122	0.131	0.118	0.145	0.113	0.13	0.143	0.148	0.136	0.133	0.122	0.14	0.118	0.134	978837.0	1526609.580507
sub-032S4348	0.146	0.109	0.134	0.068	0.132	0.142	0.142	0.122	0.142	0.147	0.136	0.16	0.122	0.091	0.093	0.117	0.119	0.123	0.135	0.109	0.14	0.1	0.138	0.14	0.147	0.135	0.125	0.116	0.131	0.106	0.116	882803.0	1293885.870067
sub-032S4386	0.14	0.132	0.132	0.134	0.142	0.141	0.161	0.129	0.143	0.151	0.14	0.142	0.149	0.099	0.114	0.115	0.118	0.145	0.12	0.114	0.133	0.123	0.143	0.148	0.144	0.135	0.124	0.12	0.146	0.103	0.152	919554.0	1386114.843536
sub-032S4429	0.132	0.132	0.132	0.124	0.133	0.126	0.125	0.115	0.134	0.143	0.131	0.128	0.126	0.089	0.113	0.121	0.132	0.122	0.124	0.115	0.147	0.116	0.133	0.12	0.145	0.138	0.123	0.112	0.127	0.094	0.139	1068893.0	1614706.866069
sub-032S4921	0.128	0.116	0.134	0.137	0.142	0.124	0.148	0.13	0.144	0.139	0.129	0.131	0.128	0.089	0.114	0.116	0.13	0.127	0.134	0.109	0.134	0.113	0.123	0.129	0.126	0.116	0.129	0.118	0.131	0.119	0.126	1133830.0	1721022.937334
sub-033S0734	0.13	0.118	0.129	0.15	0.119	0.136	0.141	0.095	0.135	0.146	0.133	0.138	0.134	0.119	0.103	0.102	0.128	0.132	0.127	0.111	0.132	0.108	0.138	0.128	0.161	0.131	0.118	0.115	0.128	0.096	0.111	1024865.0	1579572.255923
sub-033S0741	0.141	0.119	0.113	0.132	0.142	0.12	0.139	0.149	0.14	0.141	0.14	0.138	0.123	0.13	0.102	0.116	0.116	0.141	0.134	0.103	0.139	0.096	0.134	0.134	0.138	0.133	0.113	0.113	0.123	0.101	0.115	972685.0	1493875.144498
sub-033S0920	0.126	0.12	0.126	0.131	0.153	0.139	0.165	0.109	0.135	0.142	0.151	0.135	0.125	0.085	0.092	0.118	0.138	0.123	0.142	0.109	0.134	0.105	0.142	0.138	0.149	0.132	0.111	0.103	0.133	0.11	0.092	815946.0	1384241.903544
sub-033S0923	0.136	0.108	0.141	0.14	0.145	0.13	0.154	0.121	0.141	0.154	0.138	0.14	0.135	0.102	0.103	0.112	0.155	0.115	0.127	0.11	0.147	0.107	0.132	0.136	0.128	0.114	0.117	0.113	0.122	0.093	0.115	943450.0	1507713.409069
sub-033S1016	0.141	0.124	0.145	0.148	0.139	0.145	0.147	0.136	0.15	0.145	0.146	0.142	0.134	0.103	0.106	0.127	0.147	0.127	0.132	0.12	0.136	0.108	0.146	0.15	0.156	0.141	0.12	0.118	0.136	0.107	0.121	975104.0	1346424.173932
sub-033S1098	0.152	0.13	0.126	0.16	0.164	0.122	0.166	0.133	0.141	0.163	0.146	0.147	0.129	0.099	0.105	0.131	0.151	0.137	0.121	0.114	0.14	0.115	0.157	0.147	0.188	0.148	0.111	0.126	0.13	0.117	0.126	826712.0	1184105.295781
sub-033S4176	0.109	0.12	0.125	0.134	0.127	0.132	0.14	0.128	0.144	0.145	0.132	0.13	0.132	0.086	0.095	0.125	0.125	0.138	0.131	0.113	0.12	0.108	0.13	0.124	0.145	0.117	0.122	0.114	0.133	0.115	0.116	1075212.0	1686863.417342
sub-033S4177	0.124	0.117	0.134	0.102	0.131	0.119	0.142	0.117	0.133	0.138	0.129	0.129	0.126	0.07	0.086	0.105	0.129	0.12	0.102	0.102	0.131	0.089	0.13	0.126	0.131	0.115	0.118	0.102	0.122	0.103	0.11	1104119.0	1732747.022062
sub-033S4179	0.133	0.114	0.136	0.113	0.123	0.123	0.132	0.115	0.128	0.141	0.13	0.128	0.121	0.107	0.108	0.12	0.131	0.125	0.121	0.105	0.126	0.107	0.127	0.132	0.138	0.126	0.12	0.107	0.119	0.116	0.113	1131945.0	1748549.249966
sub-033S4505	0.132	0.127	0.118	0.105	0.136	0.138	0.144	0.135	0.135	0.137	0.13	0.133	0.133	0.086	0.108	0.131	0.159	0.13	0.118	0.124	0.135	0.109	0.136	0.156	0.155	0.142	0.114	0.108	0.131	0.128	0.112	846083.0	1408363.70729
sub-033S4508	0.156	0.124	0.145	0.101	0.146	0.137	0.144	0.123	0.147	0.143	0.138	0.13	0.128	0.1	0.102	0.115	0.127	0.128	0.12	0.119	0.142	0.108	0.138	0.139	0.148	0.135	0.119	0.116	0.143	0.123	0.127	981959.0	1484636.260151
sub-035S0156	0.116	0.121	0.134	0.129	0.149	0.131	0.158	0.121	0.139	0.15	0.14	0.13	0.132	0.101	0.111	0.11	0.137	0.129	0.115	0.118	0.134	0.115	0.131	0.128	0.137	0.123	0.119	0.115	0.134	0.097	0.108	981862.0	1597232.044265
sub-035S0555	0.121	0.115	0.129	0.137	0.133	0.127	0.147	0.124	0.132	0.142	0.135	0.119	0.125	0.081	0.099	0.114	0.152	0.12	0.12	0.105	0.138	0.1	0.124	0.141	0.137	0.13	0.119	0.107	0.124	0.101	0.115	1103615.0	1797852.000764
sub-035S4082	0.109	0.106	0.139	0.121	0.122	0.122	0.14	0.13	0.138	0.134	0.127	0.123	0.129	0.112	0.1	0.112	0.132	0.114	0.149	0.104	0.124	0.105	0.128	0.124	0.127	0.118	0.108	0.108	0.121	0.086	0.107	1252418.0	1912235.938355
sub-035S4464	0.127	0.115	0.132	0.098	0.131	0.126	0.139	0.122	0.147	0.154	0.134	0.138	0.131	0.088	0.107	0.112	0.144	0.118	0.12	0.115	0.133	0.114	0.14	0.128	0.143	0.123	0.121	0.118	0.129	0.099	0.123	1052696.0	1579643.559775
sub-036S1023	0.141	0.132	0.137	0.119	0.135	0.129	0.136	0.123	0.146	0.15	0.142	0.125	0.131	0.119	0.106	0.123	0.148	0.131	0.139	0.11	0.138	0.112	0.13	0.138	0.148	0.139	0.122	0.113	0.123	0.1	0.112	885513.0	1348046.193222
sub-036S4389	0.132	0.13	0.133	0.133	0.137	0.146	0.143	0.127	0.136	0.158	0.137	0.129	0.137	0.113	0.098	0.118	0.143	0.131	0.136	0.119	0.105	0.112	0.129	0.142	0.151	0.133	0.12	0.116	0.134	0.086	0.135	1179385.0	1753629.271998
sub-036S4491	0.15	0.124	0.138	0.113	0.137	0.139	0.153	0.138	0.148	0.147	0.14	0.117	0.139	0.097	0.111	0.124	0.145	0.149	0.12	0.115	0.15	0.104	0.143	0.148	0.151	0.128	0.132	0.113	0.131	0.103	0.113	930234.0	1523912.727469
sub-036S4878	0.141	0.126	0.149	0.114	0.139	0.136	0.149	0.136	0.154	0.146	0.158	0.136	0.126	0.109	0.108	0.122	0.11	0.141	0.135	0.122	0.147	0.106	0.138	0.153	0.149	0.14	0.123	0.129	0.146	0.126	0.114	879157.0	1276010.437744
sub-037S0303	0.132	0.12	0.133	0.124	0.142	0.122	0.145	0.124	0.136	0.152	0.129	0.144	0.128	0.101	0.108	0.124	0.126	0.114	0.108	0.11	0.138	0.095	0.128	0.126	0.138	0.141	0.115	0.109	0.131	0.094	0.112	921436.0	1481218.005028
sub-037S0454	0.162	0.115	0.134	0.135	0.152	0.124	0.149	0.118	0.145	0.132	0.144	0.132	0.136	0.115	0.083	0.127	0.14	0.128	0.12	0.118	0.137	0.104	0.131	0.127	0.141	0.126	0.112	0.109	0.125	0.098	0.113	935356.0	1437657.644648
sub-037S0467	0.144	0.117	0.145	0.141	0.14	0.139	0.14	0.121	0.143	0.147	0.136	0.13	0.128	0.113	0.109	0.117	0.123	0.115	0.128	0.121	0.149	0.109	0.141	0.132	0.148	0.135	0.128	0.118	0.124	0.125	0.122	961726.0	1543469.702011
sub-037S4028	0.126	0.126	0.145	0.142	0.126	0.127	0.143	0.132	0.137	0.146	0.133	0.131	0.128	0.082	0.1	0.116	0.112	0.128	0.116	0.109	0.134	0.111	0.124	0.12	0.144	0.132	0.12	0.115	0.132	0.09	0.119	961021.0	1287136.959764
sub-037S4071	0.128	0.108	0.137	0.145	0.143	0.121	0.14	0.127	0.136	0.147	0.147	0.133	0.124	0.115	0.109	0.112	0.145	0.129	0.15	0.109	0.137	0.115	0.144	0.133	0.135	0.12	0.111	0.117	0.113	0.092	0.119	1081563.0	1666989.101814
sub-037S4308	0.14	0.116	0.123	0.147	0.134	0.13	0.137	0.119	0.142	0.135	0.133	0.125	0.127	0.115	0.108	0.125	0.121	0.123	0.116	0.113	0.128	0.107	0.143	0.127	0.136	0.132	0.125	0.116	0.134	0.109	0.114	1057861.0	1730173.741198
sub-037S4410	0.115	0.114	0.129	0.128	0.13	0.126	0.128	0.12	0.138	0.145	0.143	0.121	0.12	0.091	0.1	0.11	0.128	0.132	0.129	0.113	0.126	0.102	0.124	0.138	0.138	0.123	0.116	0.113	0.126	0.112	0.113	940815.0	1325921.065453
sub-041S4014	0.128	0.123	0.12	0.165	0.145	0.122	0.148	0.136	0.141	0.153	0.137	0.151	0.131	0.098	0.118	0.135	0.133	0.132	0.114	0.119	0.138	0.123	0.136	0.129	0.143	0.137	0.126	0.125	0.129	0.122	0.126	1077521.0	1796166.627148
sub-041S4037	0.123	0.127	0.129	0.145	0.162	0.148	0.167	0.134	0.146	0.143	0.139	0.135	0.153	0.111	0.121	0.135	0.142	0.14	0.133	0.118	0.141	0.121	0.15	0.146	0.146	0.153	0.14	0.122	0.148	0.103	0.137	1115838.0	1721186.437662
sub-041S4041	0.137	0.125	0.148	0.132	0.169	0.151	0.159	0.131	0.159	0.171	0.147	0.144	0.149	0.116	0.112	0.137	0.138	0.132	0.132	0.107	0.136	0.115	0.142	0.13	0.162	0.147	0.131	0.122	0.151	0.123	0.133	777237.0	1201667.548555
sub-041S4060	0.127	0.125	0.133	0.122	0.128	0.144	0.154	0.137	0.142	0.142	0.132	0.126	0.129	0.082	0.107	0.114	0.151	0.133	0.14	0.113	0.144	0.108	0.133	0.145	0.149	0.13	0.128	0.12	0.143	0.09	0.122	1052134.0	1631735.301404
sub-041S4083	0.136	0.12	0.113	0.119	0.142	0.128	0.155	0.119	0.129	0.14	0.138	0.122	0.128	0.118	0.092	0.129	0.124	0.123	0.132	0.107	0.126	0.104	0.135	0.118	0.14	0.122	0.111	0.111	0.135	0.084	0.137	1040905.0	1677110.366135
sub-041S4200	0.143	0.123	0.14	0.094	0.123	0.145	0.152	0.13	0.146	0.15	0.146	0.122	0.133	0.089	0.118	0.123	0.126	0.134	0.139	0.115	0.156	0.116	0.136	0.135	0.151	0.137	0.123	0.117	0.139	0.081	0.129	1014730.0	1498221.236319
sub-041S4427	0.109	0.12	0.137	0.105	0.131	0.128	0.132	0.125	0.147	0.138	0.159	0.136	0.13	0.09	0.112	0.115	0.105	0.122	0.131	0.117	0.131	0.117	0.138	0.125	0.134	0.123	0.128	0.119	0.127	0.091	0.112	1182844.0	1753480.622528
sub-041S4509	0.136	0.131	0.148	0.131	0.149	0.14	0.135	0.146	0.136	0.141	0.152	0.143	0.125	0.113	0.106	0.124	0.14	0.133	0.147	0.119	0.136	0.116	0.135	0.137	0.143	0.134	0.128	0.122	0.139	0.146	0.133	932175.0	1384908.452117
sub-051S1123	0.147	0.122	0.127	0.124	0.141	0.127	0.139	0.124	0.132	0.152	0.143	0.125	0.131	0.103	0.1	0.13	0.116	0.129	0.15	0.109	0.142	0.102	0.126	0.131	0.135	0.125	0.107	0.112	0.12	0.109	0.121	848945.0	1393956.185082
sub-052S0951	0.11	0.116	0.146	0.133	0.156	0.12	0.136	0.14	0.132	0.156	0.151	0.136	0.129	0.09	0.106	0.118	0.139	0.13	0.141	0.115	0.133	0.11	0.136	0.137	0.135	0.123	0.107	0.11	0.12	0.129	0.123	1030154.0	1663979.822
sub-052S1250	0.122	0.134	0.132	0.191	0.16	0.138	0.155	0.116	0.144	0.157	0.15	0.131	0.164	0.109	0.137	0.138	0.119	0.147	0.133	0.125	0.129	0.131	0.131	0.093	0.151	0.132	0.123	0.147	0.135	0.133	0.156	960542.0	1239581.035099
sub-053S4578	0.122	0.121	0.136	0.12	0.154	0.132	0.126	0.13	0.151	0.14	0.143	0.122	0.12	0.121	0.108	0.124	0.141	0.132	0.142	0.114	0.138	0.109	0.129	0.152	0.142	0.129	0.125	0.11	0.125	0.086	0.118	1162496.0	1647336.989424
sub-057S0934	0.13	0.119	0.135	0.143	0.142	0.141	0.15	0.12	0.134	0.156	0.141	0.144	0.158	0.112	0.098	0.122	0.155	0.133	0.117	0.108	0.146	0.11	0.136	0.135	0.138	0.133	0.122	0.11	0.123	0.11	0.124	879661.0	1321735.353185
sub-067S0056	0.136	0.117	0.134	0.094	0.134	0.141	0.127	0.128	0.146	0.135	0.133	0.141	0.125	0.099	0.103	0.109	0.109	0.108	0.129	0.116	0.137	0.112	0.132	0.123	0.135	0.133	0.128	0.121	0.128	0.094	0.105	887621.0	1223450.781435
sub-067S0059	0.128	0.129	0.131	0.133	0.138	0.137	0.137	0.122	0.137	0.142	0.14	0.137	0.134	0.09	0.112	0.122	0.129	0.134	0.125	0.109	0.127	0.121	0.128	0.143	0.135	0.128	0.114	0.115	0.136	0.106	0.122	824439.0	1219933.426277
sub-067S0257	0.137	0.125	0.145	0.157	0.146	0.129	0.144	0.143	0.148	0.142	0.151	0.13	0.128	0.107	0.123	0.12	0.131	0.121	0.143	0.118	0.152	0.128	0.126	0.117	0.147	0.129	0.122	0.11	0.15	0.118	0.126	791542.0	1308719.260697
sub-068S0127	0.136	0.128	0.143	0.141	0.134	0.134	0.164	0.116	0.15	0.16	0.147	0.137	0.152	0.097	0.12	0.143	0.129	0.137	0.145	0.114	0.128	0.129	0.139	0.138	0.151	0.152	0.123	0.127	0.126	0.096	0.121	911169.0	1488107.863495
sub-068S0210	0.132	0.136	0.134	0.105	0.132	0.141	0.145	0.127	0.142	0.143	0.142	0.131	0.138	0.075	0.095	0.143	0.135	0.141	0.125	0.125	0.13	0.116	0.127	0.15	0.148	0.139	0.128	0.124	0.137	0.127	0.128	889057.0	1319890.022188
sub-068S0473	0.129	0.105	0.134	0.145	0.131	0.129	0.142	0.143	0.148	0.152	0.144	0.159	0.136	0.112	0.11	0.132	0.148	0.123	0.125	0.106	0.144	0.103	0.133	0.121	0.14	0.136	0.116	0.109	0.13	0.097	0.117	1039079.0	1594956.226897
sub-068S4174	0.13	0.124	0.14	0.095	0.143	0.13	0.143	0.126	0.157	0.151	0.151	0.141	0.136	0.107	0.093	0.117	0.15	0.126	0.145	0.121	0.128	0.11	0.132	0.123	0.142	0.129	0.13	0.127	0.134	0.111	0.137	998369.0	1325987.66102
sub-068S4340	0.118	0.113	0.139	0.105	0.132	0.131	0.138	0.139	0.142	0.146	0.149	0.13	0.122	0.07	0.105	0.13	0.134	0.132	0.122	0.121	0.133	0.11	0.136	0.139	0.148	0.137	0.129	0.111	0.124	0.085	0.137	1148701.0	1598231.936423
sub-068S4424	0.156	0.12	0.139	0.126	0.138	0.126	0.137	0.138	0.142	0.143	0.135	0.128	0.131	0.105	0.125	0.112	0.133	0.13	0.125	0.123	0.144	0.106	0.139	0.139	0.143	0.126	0.124	0.12	0.124	0.114	0.122	910342.0	1214092.414278
sub-070S4856	0.135	0.128	0.145	0.097	0.137	0.135	0.153	0.127	0.147	0.142	0.137	0.127	0.136	0.078	0.125	0.127	0.137	0.119	0.148	0.121	0.153	0.114	0.142	0.131	0.146	0.138	0.135	0.107	0.124	0.102	0.113	983708.0	1502186.473274
sub-070S5040	0.145	0.132	0.14	0.108	0.147	0.137	0.143	0.136	0.147	0.157	0.14	0.144	0.146	0.096	0.105	0.134	0.138	0.146	0.122	0.116	0.149	0.117	0.13	0.155	0.159	0.14	0.143	0.118	0.139	0.117	0.133	907605.0	1307643.881453
sub-072S0315	0.123	0.108	0.13	0.123	0.142	0.126	0.137	0.121	0.143	0.133	0.135	0.131	0.119	0.079	0.096	0.104	0.122	0.12	0.146	0.105	0.139	0.106	0.132	0.12	0.134	0.116	0.119	0.106	0.125	0.088	0.102	1134283.0	1653131.838186
sub-072S4103	0.142	0.137	0.147	0.161	0.138	0.145	0.158	0.134	0.146	0.154	0.143	0.144	0.135	0.11	0.127	0.121	0.14	0.145	0.139	0.131	0.141	0.128	0.154	0.15	0.158	0.148	0.136	0.132	0.152	0.136	0.119	820879.0	1228448.09368
sub-072S4391	0.142	0.127	0.136	0.114	0.13	0.122	0.135	0.132	0.141	0.145	0.143	0.129	0.132	0.105	0.11	0.121	0.115	0.117	0.131	0.116	0.148	0.108	0.134	0.129	0.142	0.136	0.126	0.123	0.127	0.105	0.127	890687.0	1341221.071702
sub-073S0089	0.155	0.12	0.141	0.112	0.135	0.135	0.143	0.136	0.14	0.151	0.143	0.152	0.121	0.135	0.103	0.116	0.133	0.132	0.147	0.123	0.143	0.113	0.131	0.146	0.145	0.133	0.135	0.121	0.141	0.108	0.117	1039424.0	1511067.24314
sub-073S0311	0.123	0.134	0.122	0.129	0.138	0.148	0.148	0.121	0.146	0.143	0.131	0.141	0.142	0.108	0.106	0.135	0.13	0.148	0.124	0.119	0.133	0.12	0.134	0.115	0.149	0.14	0.118	0.138	0.135	0.096	0.112	779809.0	1338137.314322
sub-073S4155	0.154	0.13	0.148	0.109	0.142	0.141	0.151	0.148	0.143	0.142	0.136	0.143	0.138	0.082	0.107	0.125	0.135	0.146	0.124	0.115	0.153	0.115	0.136	0.16	0.156	0.147	0.127	0.119	0.13	0.113	0.126	918833.0	1344107.224638
sub-073S4382	0.136	0.127	0.137	0.128	0.135	0.132	0.144	0.128	0.15	0.141	0.14	0.159	0.134	0.089	0.103	0.126	0.13	0.14	0.14	0.122	0.14	0.122	0.138	0.128	0.139	0.135	0.121	0.125	0.13	0.096	0.126	847802.0	1241673.439848
sub-073S4393	0.118	0.11	0.121	0.113	0.13	0.125	0.122	0.12	0.125	0.13	0.127	0.132	0.126	0.085	0.097	0.119	0.13	0.121	0.114	0.106	0.129	0.099	0.117	0.123	0.126	0.126	0.125	0.107	0.12	0.088	0.116	1240770.0	1789425.066282
sub-073S4552	0.125	0.103	0.133	0.106	0.116	0.118	0.135	0.13	0.142	0.139	0.139	0.119	0.126	0.078	0.105	0.103	0.123	0.121	0.141	0.112	0.14	0.105	0.133	0.12	0.132	0.124	0.122	0.116	0.128	0.1	0.106	1126955.0	1685212.428787
sub-073S4559	0.139	0.111	0.135	0.126	0.132	0.131	0.142	0.121	0.137	0.132	0.15	0.124	0.13	0.091	0.103	0.119	0.146	0.12	0.192	0.112	0.15	0.111	0.143	0.14	0.142	0.132	0.12	0.107	0.134	0.121	0.108	972049.0	1388380.584881
sub-073S4739	0.112	0.113	0.13	0.106	0.131	0.128	0.135	0.128	0.134	0.142	0.13	0.135	0.135	0.111	0.103	0.119	0.123	0.132	0.143	0.118	0.128	0.105	0.128	0.122	0.133	0.125	0.122	0.117	0.127	0.098	0.114	1062608.0	1595360.439445
sub-073S4762	0.124	0.104	0.139	0.099	0.137	0.13	0.142	0.125	0.134	0.141	0.143	0.141	0.129	0.084	0.097	0.119	0.129	0.14	0.119	0.105	0.14	0.103	0.12	0.11	0.131	0.122	0.128	0.115	0.135	0.123	0.107	942430.0	1393638.546504
sub-073S4795	0.114	0.112	0.129	0.137	0.127	0.128	0.131	0.116	0.139	0.138	0.134	0.12	0.121	0.117	0.09	0.116	0.116	0.127	0.15	0.107	0.126	0.106	0.137	0.121	0.132	0.12	0.117	0.111	0.122	0.09	0.114	1263893.0	1647276.214072
sub-073S5023	0.111	0.116	0.146	0.116	0.131	0.131	0.144	0.129	0.142	0.152	0.146	0.141	0.14	0.091	0.113	0.125	0.128	0.129	0.142	0.116	0.149	0.116	0.132	0.121	0.15	0.138	0.123	0.119	0.134	0.096	0.123	1026345.0	1495719.487634
sub-082S1256	0.136	0.119	0.148	0.116	0.148	0.125	0.14	0.134	0.148	0.157	0.152	0.13	0.131	0.105	0.107	0.117	0.149	0.133	0.148	0.113	0.142	0.119	0.139	0.141	0.157	0.134	0.131	0.124	0.137	0.12	0.139	898510.0	1317062.030323
sub-082S4090	0.12	0.121	0.132	0.12	0.134	0.135	0.139	0.142	0.144	0.148	0.144	0.135	0.127	0.116	0.105	0.122	0.107	0.145	0.129	0.121	0.147	0.114	0.136	0.133	0.15	0.137	0.13	0.117	0.126	0.105	0.12	1038096.0	1530012.434958
sub-082S4208	0.132	0.122	0.145	0.118	0.148	0.14	0.157	0.133	0.145	0.149	0.145	0.152	0.128	0.096	0.102	0.118	0.118	0.126	0.123	0.113	0.144	0.096	0.149	0.134	0.153	0.131	0.116	0.11	0.129	0.113	0.104	1043324.0	1686843.567498
sub-082S4224	0.135	0.108	0.131	0.128	0.124	0.125	0.143	0.125	0.136	0.137	0.139	0.124	0.13	0.091	0.121	0.124	0.143	0.138	0.139	0.116	0.147	0.111	0.123	0.122	0.139	0.123	0.118	0.11	0.133	0.095	0.114	1088330.0	1639435.459284
sub-082S4339	0.127	0.115	0.121	0.131	0.138	0.132	0.141	0.134	0.122	0.133	0.132	0.137	0.134	0.103	0.123	0.111	0.131	0.119	0.131	0.114	0.155	0.123	0.123	0.129	0.132	0.135	0.104	0.101	0.123	0.105	0.134	1068030.0	1691117.683099
sub-082S4428	0.141	0.115	0.14	0.117	0.129	0.126	0.134	0.138	0.141	0.151	0.14	0.147	0.127	0.083	0.108	0.112	0.127	0.124	0.133	0.109	0.15	0.109	0.131	0.143	0.135	0.132	0.114	0.117	0.13	0.126	0.118	1145116.0	1634487.234321
sub-094S4234	0.133	0.12	0.126	0.132	0.139	0.124	0.132	0.128	0.148	0.136	0.153	0.145	0.121	0.124	0.117	0.126	0.126	0.123	0.15	0.109	0.146	0.106	0.143	0.147	0.134	0.133	0.113	0.118	0.125	0.113	0.163	1011653.0	1480659.842449
sub-094S4459	0.159	0.122	0.129	0.119	0.134	0.13	0.142	0.133	0.137	0.135	0.133	0.157	0.131	0.097	0.106	0.111	0.127	0.121	0.126	0.109	0.148	0.101	0.12	0.137	0.135	0.134	0.127	0.109	0.133	0.085	0.128	979440.0	1366347.86492
sub-094S4460	0.129	0.109	0.112	0.132	0.137	0.128	0.127	0.113	0.139	0.129	0.131	0.123	0.129	0.094	0.111	0.119	0.127	0.105	0.14	0.131	0.136	0.107	0.131	0.128	0.122	0.118	0.123	0.114	0.133	0.092	0.121	931635.0	1251929.392674
sub-094S4503	0.119	0.128	0.129	0.121	0.142	0.123	0.152	0.133	0.132	0.157	0.136	0.135	0.138	0.091	0.115	0.126	0.13	0.122	0.125	0.112	0.135	0.121	0.144	0.124	0.154	0.143	0.139	0.114	0.13	0.119	0.106	987322.0	1511371.479389
sub-094S4560	0.154	0.119	0.136	0.113	0.139	0.127	0.142	0.122	0.128	0.145	0.14	0.14	0.123	0.097	0.102	0.1	0.125	0.138	0.115	0.108	0.136	0.101	0.148	0.159	0.156	0.139	0.115	0.11	0.122	0.105	0.144	887630.0	1262059.323991
sub-094S4649	0.154	0.164	0.144	0.153	0.146	0.134	0.148	0.126	0.142	0.156	0.163	0.159	0.137	0.121	0.131	0.148	0.159	0.13	0.127	0.138	0.151	0.152	0.139	0.133	0.151	0.16	0.132	0.149	0.137	0.154	0.17	1123751.0	1593247.751524
sub-098S0171	0.128	0.108	0.141	0.12	0.137	0.122	0.149	0.1	0.14	0.147	0.155	0.147	0.126	0.093	0.124	0.122	0.129	0.118	0.139	0.125	0.117	0.12	0.125	0.124	0.142	0.13	0.115	0.103	0.126	0.16	0.11	821536.0	1367200.402152
sub-098S0172	0.132	0.104	0.135	0.113	0.15	0.124	0.13	0.126	0.136	0.136	0.145	0.14	0.132	0.108	0.1	0.11	0.137	0.105	0.141	0.108	0.139	0.107	0.13	0.127	0.131	0.122	0.107	0.102	0.104	0.081	0.134	945676.0	1428963.080323
sub-098S0896	0.119	0.114	0.135	0.138	0.159	0.124	0.162	0.124	0.147	0.138	0.16	0.118	0.145	0.111	0.118	0.129	0.133	0.126	0.154	0.116	0.129	0.118	0.153	0.123	0.148	0.126	0.116	0.126	0.129	0.131	0.132	1074167.0	1751610.922614
sub-098S4002	0.142	0.11	0.131	0.119	0.134	0.131	0.151	0.123	0.136	0.132	0.123	0.13	0.123	0.074	0.104	0.128	0.126	0.112	0.123	0.102	0.146	0.109	0.137	0.132	0.136	0.13	0.118	0.103	0.136	0.103	0.105	1021016.0	1487256.544757
sub-098S4003	0.141	0.127	0.13	0.12	0.14	0.128	0.137	0.133	0.142	0.141	0.137	0.135	0.132	0.113	0.111	0.129	0.139	0.129	0.128	0.116	0.15	0.112	0.138	0.132	0.145	0.133	0.126	0.105	0.134	0.098	0.12	937958.0	1412115.771445
sub-098S4018	0.13	0.11	0.139	0.142	0.154	0.134	0.151	0.141	0.136	0.144	0.14	0.151	0.133	0.102	0.106	0.136	0.119	0.136	0.128	0.11	0.127	0.109	0.145	0.151	0.14	0.129	0.116	0.123	0.143	0.092	0.115	998206.0	1520072.022625
sub-098S4050	0.121	0.112	0.135	0.125	0.126	0.131	0.135	0.125	0.142	0.152	0.14	0.121	0.141	0.097	0.095	0.121	0.117	0.132	0.132	0.109	0.153	0.094	0.12	0.116	0.133	0.133	0.124	0.111	0.124	0.101	0.118	1095710.0	1578147.529467
sub-098S4275	0.144	0.125	0.135	0.126	0.134	0.128	0.142	0.131	0.131	0.141	0.131	0.143	0.129	0.084	0.111	0.122	0.122	0.118	0.137	0.119	0.136	0.115	0.144	0.136	0.137	0.129	0.119	0.109	0.127	0.12	0.111	1144849.0	1654769.966238
sub-098S4506	0.137	0.131	0.137	0.108	0.142	0.125	0.135	0.123	0.134	0.139	0.136	0.139	0.127	0.13	0.111	0.118	0.123	0.126	0.124	0.11	0.153	0.108	0.123	0.13	0.139	0.128	0.117	0.113	0.127	0.084	0.108	1001515.0	1487482.213176
sub-099S0352	0.142	0.132	0.152	0.142	0.155	0.127	0.157	0.131	0.15	0.145	0.157	0.127	0.128	0.099	0.127	0.142	0.142	0.12	0.14	0.118	0.147	0.107	0.145	0.098	0.137	0.131	0.125	0.105	0.135	0.122	0.126	661686.0	1272905.556113
sub-099S4076	0.137	0.118	0.134	0.111	0.132	0.12	0.132	0.124	0.133	0.144	0.131	0.131	0.122	0.1	0.084	0.12	0.132	0.128	0.117	0.107	0.144	0.097	0.133	0.137	0.132	0.123	0.113	0.109	0.12	0.092	0.128	957819.0	1458660.399777
sub-099S4086	0.15	0.133	0.155	0.159	0.168	0.15	0.182	0.101	0.158	0.156	0.155	0.127	0.15	0.078	0.128	0.135	0.158	0.14	0.137	0.137	0.153	0.134	0.161	0.126	0.153	0.143	0.131	0.14	0.145	0.101	0.174	734447.0	1276256.281275
sub-099S4104	0.131	0.113	0.131	0.142	0.147	0.122	0.141	0.109	0.123	0.147	0.138	0.141	0.127	0.103	0.102	0.133	0.125	0.113	0.128	0.096	0.11	0.1	0.122	0.134	0.127	0.134	0.126	0.108	0.113	0.104	0.15	992999.0	1395868.638256
sub-100S0069	0.115	0.105	0.138	0.126	0.128	0.122	0.133	0.125	0.14	0.134	0.144	0.144	0.129	0.091	0.096	0.121	0.127	0.1	0.123	0.099	0.128	0.101	0.117	0.121	0.125	0.134	0.121	0.11	0.121	0.094	0.117	1112095.0	1706538.990091
sub-100S1286	0.117	0.124	0.153	0.111	0.136	0.146	0.146	0.111	0.158	0.146	0.15	0.115	0.128	0.08	0.117	0.125	0.13	0.126	0.14	0.116	0.13	0.13	0.141	0.13	0.149	0.141	0.131	0.112	0.135	0.096	0.119	1020766.0	1636358.095757
sub-100S4469	0.129	0.119	0.137	0.119	0.137	0.126	0.135	0.129	0.158	0.138	0.147	0.132	0.137	0.074	0.092	0.115	0.137	0.124	0.235	0.127	0.15	0.113	0.124	0.136	0.139	0.125	0.12	0.11	0.139	0.095	0.103	1025085.0	1413887.065383
sub-100S4511	0.109	0.115	0.14	0.143	0.127	0.133	0.128	0.135	0.156	0.167	0.138	0.14	0.127	0.081	0.097	0.118	0.132	0.134	0.135	0.113	0.133	0.099	0.131	0.122	0.141	0.128	0.119	0.12	0.129	0.118	0.131	1107206.0	1577717.109209
sub-100S5246	0.123	0.112	0.133	0.123	0.146	0.133	0.141	0.125	0.135	0.149	0.148	0.144	0.129	0.103	0.093	0.138	0.128	0.125	0.122	0.108	0.151	0.098	0.126	0.138	0.143	0.13	0.127	0.122	0.13	0.09	0.114	842925.0	1319757.526868
sub-109S4499	0.12	0.122	0.13	0.097	0.144	0.128	0.134	0.122	0.137	0.158	0.132	0.13	0.128	0.095	0.116	0.121	0.128	0.127	0.128	0.121	0.16	0.123	0.127	0.137	0.136	0.144	0.113	0.119	0.141	0.092	0.151	1035683.0	1456787.948436
sub-114S0166	0.13	0.134	0.13	0.138	0.152	0.145	0.177	0.141	0.154	0.14	0.153	0.122	0.146	0.103	0.13	0.112	0.141	0.126	0.125	0.117	0.123	0.115	0.15	0.135	0.151	0.159	0.131	0.138	0.15	0.102	0.126	843279.0	1496834.395829
sub-114S0173	0.144	0.124	0.141	0.15	0.148	0.132	0.157	0.13	0.136	0.159	0.132	0.129	0.142	0.091	0.114	0.116	0.128	0.125	0.12	0.115	0.153	0.11	0.134	0.135	0.151	0.136	0.124	0.11	0.142	0.095	0.105	1003455.0	1636039.791441
sub-114S0416	0.151	0.113	0.131	0.122	0.134	0.138	0.161	0.123	0.13	0.145	0.145	0.157	0.126	0.092	0.104	0.115	0.148	0.135	0.117	0.122	0.149	0.112	0.141	0.148	0.137	0.143	0.117	0.114	0.139	0.106	0.132	785567.0	1349457.69301
sub-116S0382	0.132	0.113	0.141	0.119	0.137	0.147	0.144	0.138	0.139	0.147	0.14	0.134	0.138	0.088	0.113	0.109	0.131	0.13	0.141	0.115	0.151	0.117	0.142	0.119	0.138	0.127	0.134	0.12	0.134	0.1	0.111	981811.0	1542724.987152
sub-116S1232	0.135	0.108	0.139	0.134	0.142	0.141	0.135	0.13	0.147	0.146	0.142	0.134	0.132	0.091	0.104	0.112	0.13	0.119	0.148	0.107	0.132	0.104	0.124	0.141	0.127	0.125	0.119	0.108	0.132	0.121	0.12	947672.0	1402340.158131
sub-116S1249	0.126	0.111	0.137	0.115	0.137	0.138	0.164	0.136	0.141	0.15	0.143	0.146	0.144	0.086	0.106	0.099	0.126	0.106	0.149	0.104	0.14	0.113	0.122	0.14	0.146	0.129	0.12	0.114	0.126	0.102	0.121	874336.0	1398822.487137
sub-116S4010	0.134	0.116	0.138	0.116	0.136	0.13	0.129	0.131	0.135	0.134	0.145	0.117	0.126	0.125	0.111	0.122	0.128	0.129	0.131	0.114	0.141	0.106	0.128	0.133	0.146	0.13	0.116	0.105	0.131	0.111	0.126	878982.0	1293803.202484
sub-116S4043	0.108	0.11	0.132	0.113	0.133	0.128	0.122	0.116	0.132	0.135	0.133	0.125	0.12	0.106	0.097	0.102	0.148	0.119	0.116	0.103	0.135	0.102	0.127	0.116	0.133	0.121	0.123	0.107	0.132	0.092	0.124	1034351.0	1593845.076005
sub-116S4092	0.123	0.133	0.118	0.134	0.141	0.138	0.138	0.111	0.129	0.148	0.128	0.143	0.124	0.097	0.108	0.121	0.139	0.121	0.129	0.11	0.142	0.117	0.123	0.119	0.151	0.136	0.113	0.112	0.13	0.105	0.146	998241.0	1553870.206662
sub-116S4453	0.146	0.121	0.136	0.136	0.142	0.135	0.153	0.141	0.151	0.151	0.15	0.138	0.139	0.114	0.118	0.123	0.148	0.121	0.14	0.123	0.151	0.128	0.139	0.127	0.152	0.131	0.124	0.132	0.128	0.123	0.121	1034264.0	1590429.874853
sub-116S4483	0.137	0.111	0.129	0.122	0.125	0.119	0.132	0.117	0.131	0.142	0.123	0.14	0.127	0.096	0.094	0.116	0.128	0.117	0.122	0.1	0.124	0.104	0.135	0.13	0.133	0.116	0.12	0.108	0.115	0.103	0.122	961653.0	1395492.925523
sub-116S4855	0.104	0.12	0.127	0.142	0.137	0.12	0.147	0.127	0.139	0.143	0.141	0.131	0.137	0.126	0.107	0.113	0.118	0.12	0.125	0.108	0.132	0.114	0.124	0.117	0.135	0.129	0.115	0.117	0.127	0.105	0.115	1009425.0	1627013.651235
sub-123S0072	0.124	0.121	0.136	0.136	0.15	0.129	0.157	0.128	0.147	0.154	0.143	0.137	0.141	0.097	0.106	0.118	0.126	0.134	0.16	0.115	0.133	0.119	0.12	0.143	0.155	0.129	0.117	0.12	0.13	0.113	0.108	1035520.0	1578423.426613
sub-123S0106	0.123	0.115	0.13	0.153	0.135	0.125	0.145	0.114	0.133	0.144	0.131	0.126	0.129	0.083	0.1	0.12	0.141	0.13	0.136	0.113	0.127	0.103	0.117	0.123	0.142	0.125	0.108	0.119	0.124	0.11	0.124	1110821.0	1853270.623146
sub-123S0113	0.123	0.122	0.16	0.118	0.128	0.133	0.142	0.112	0.152	0.135	0.142	0.108	0.13	0.093	0.139	0.117	0.121	0.122	0.155	0.126	0.11	0.116	0.148	0.122	0.148	0.131	0.144	0.11	0.124	0.095	0.104	1029499.0	1812763.655098
sub-123S0298	0.111	0.109	0.137	0.117	0.129	0.135	0.142	0.129	0.133	0.137	0.141	0.119	0.13	0.103	0.089	0.109	0.113	0.131	0.138	0.102	0.116	0.106	0.118	0.133	0.145	0.126	0.118	0.113	0.126	0.088	0.115	991925.0	1467119.605332
sub-123S4362	0.151	0.116	0.135	0.095	0.134	0.123	0.141	0.125	0.149	0.15	0.14	0.123	0.132	0.085	0.104	0.115	0.148	0.129	0.144	0.115	0.148	0.108	0.133	0.137	0.144	0.135	0.121	0.111	0.129	0.124	0.12	1003610.0	1390485.958101
sub-126S0605	0.152	0.119	0.129	0.137	0.146	0.132	0.149	0.123	0.128	0.149	0.131	0.147	0.131	0.099	0.11	0.13	0.126	0.15	0.121	0.108	0.147	0.105	0.13	0.148	0.159	0.134	0.117	0.104	0.136	0.108	0.133	1132385.0	1778415.328252
sub-126S0680	0.12	0.105	0.131	0.125	0.138	0.12	0.146	0.122	0.134	0.147	0.133	0.131	0.133	0.103	0.087	0.106	0.123	0.12	0.117	0.103	0.137	0.095	0.134	0.107	0.126	0.125	0.119	0.12	0.131	0.11	0.104	879440.0	1393491.426201
sub-127S0259	0.132	0.12	0.135	0.164	0.139	0.125	0.146	0.121	0.136	0.156	0.126	0.14	0.149	0.083	0.105	0.12	0.135	0.147	0.125	0.119	0.14	0.117	0.136	0.12	0.151	0.128	0.121	0.116	0.134	0.097	0.136	827287.0	1375509.628708
sub-127S0260	0.13	0.119	0.138	0.159	0.149	0.123	0.152	0.132	0.149	0.15	0.16	0.142	0.135	0.094	0.106	0.126	0.137	0.144	0.147	0.101	0.176	0.104	0.142	0.124	0.156	0.139	0.121	0.105	0.129	0.118	0.122	863171.0	1284379.598125
sub-127S4148	0.136	0.13	0.147	0.104	0.134	0.15	0.148	0.135	0.145	0.15	0.154	0.152	0.144	0.094	0.106	0.121	0.154	0.138	0.131	0.123	0.135	0.114	0.161	0.154	0.175	0.148	0.135	0.124	0.13	0.081	0.133	1078569.0	1539977.187279
sub-127S4198	0.13	0.134	0.118	0.162	0.138	0.128	0.154	0.104	0.135	0.154	0.143	0.149	0.14	0.073	0.103	0.135	0.111	0.117	0.123	0.108	0.144	0.106	0.135	0.14	0.137	0.137	0.116	0.121	0.146	0.09	0.123	926816.0	1370157.410328
sub-127S4604	0.135	0.121	0.129	0.117	0.132	0.127	0.143	0.129	0.136	0.141	0.131	0.145	0.124	0.092	0.113	0.106	0.126	0.118	0.119	0.11	0.14	0.11	0.129	0.124	0.139	0.128	0.116	0.12	0.128	0.083	0.103	1178423.0	1794293.095085
sub-127S4645	0.137	0.118	0.137	0.118	0.134	0.13	0.16	0.132	0.133	0.138	0.138	0.138	0.142	0.077	0.111	0.119	0.126	0.131	0.128	0.114	0.148	0.109	0.131	0.14	0.134	0.129	0.119	0.113	0.134	0.101	0.124	1015065.0	1506748.655051
sub-127S4843	0.12	0.12	0.125	0.151	0.134	0.133	0.149	0.126	0.134	0.144	0.13	0.141	0.127	0.08	0.109	0.125	0.127	0.114	0.107	0.121	0.141	0.115	0.13	0.122	0.133	0.14	0.118	0.107	0.122	0.079	0.119	1078415.0	1577433.084299
sub-128S0229	0.123	0.122	0.133	0.134	0.145	0.113	0.143	0.141	0.139	0.148	0.143	0.133	0.14	0.095	0.094	0.137	0.137	0.126	0.153	0.104	0.133	0.124	0.123	0.138	0.139	0.127	0.105	0.122	0.131	0.127	0.138	881260.0	1364944.150402
sub-128S0230	0.118	0.114	0.132	0.153	0.152	0.121	0.138	0.135	0.141	0.15	0.153	0.146	0.127	0.126	0.117	0.138	0.142	0.126	0.123	0.114	0.139	0.108	0.131	0.14	0.137	0.127	0.119	0.106	0.125	0.093	0.119	1034381.0	1761625.955423
sub-128S0272	0.118	0.116	0.123	0.12	0.136	0.124	0.13	0.116	0.132	0.138	0.136	0.121	0.123	0.104	0.103	0.121	0.13	0.115	0.117	0.104	0.144	0.111	0.125	0.119	0.141	0.125	0.113	0.107	0.123	0.098	0.109	1046458.0	1623144.744601
sub-128S0522	0.134	0.107	0.144	0.143	0.141	0.121	0.143	0.135	0.151	0.153	0.144	0.146	0.137	0.099	0.106	0.106	0.149	0.124	0.135	0.105	0.132	0.102	0.129	0.132	0.126	0.122	0.114	0.12	0.124	0.109	0.122	1048302.0	1780563.276524
sub-128S0545	0.118	0.11	0.132	0.128	0.138	0.132	0.15	0.125	0.135	0.141	0.132	0.133	0.131	0.116	0.111	0.112	0.115	0.128	0.134	0.11	0.139	0.109	0.119	0.147	0.128	0.124	0.104	0.119	0.132	0.095	0.112	1108565.0	1809132.910046
sub-128S0863	0.14	0.132	0.14	0.166	0.148	0.129	0.166	0.134	0.157	0.149	0.154	0.132	0.158	0.112	0.115	0.123	0.134	0.129	0.147	0.113	0.151	0.118	0.144	0.128	0.153	0.135	0.122	0.125	0.119	0.102	0.116	971305.0	1662631.395346
sub-128S1242	0.134	0.122	0.14	0.131	0.147	0.124	0.159	0.125	0.148	0.143	0.145	0.143	0.134	0.093	0.109	0.126	0.124	0.129	0.131	0.113	0.129	0.119	0.121	0.14	0.135	0.127	0.119	0.111	0.126	0.09	0.113	887995.0	1394566.904681
sub-128S4586	0.128	0.136	0.146	0.146	0.148	0.142	0.157	0.133	0.151	0.151	0.138	0.151	0.15	0.11	0.116	0.136	0.128	0.139	0.127	0.125	0.143	0.119	0.135	0.151	0.168	0.147	0.124	0.133	0.138	0.081	0.128	1014479.0	1596258.505287
sub-128S4599	0.117	0.113	0.141	0.087	0.117	0.129	0.141	0.123	0.146	0.146	0.145	0.124	0.127	0.08	0.084	0.117	0.135	0.128	0.13	0.11	0.133	0.107	0.133	0.117	0.134	0.128	0.118	0.106	0.121	0.09	0.102	1251424.0	1724565.254916
sub-128S4607	0.111	0.115	0.126	0.144	0.129	0.127	0.131	0.128	0.135	0.14	0.128	0.132	0.12	0.094	0.104	0.111	0.135	0.115	0.146	0.112	0.138	0.105	0.126	0.128	0.135	0.131	0.12	0.117	0.125	0.116	0.118	1045573.0	1477553.966179
sub-128S4609	0.125	0.119	0.144	0.139	0.148	0.136	0.143	0.134	0.145	0.16	0.138	0.147	0.135	0.116	0.119	0.125	0.122	0.127	0.124	0.117	0.13	0.11	0.136	0.119	0.149	0.135	0.128	0.106	0.138	0.112	0.12	907456.0	1416626.154457
sub-128S4832	0.126	0.11	0.131	0.126	0.128	0.13	0.143	0.127	0.134	0.141	0.139	0.136	0.116	0.088	0.114	0.121	0.121	0.132	0.133	0.111	0.142	0.117	0.127	0.134	0.137	0.13	0.118	0.109	0.136	0.109	0.112	1103826.0	1632655.551223
sub-129S0778	0.114	0.128	0.128	0.142	0.131	0.125	0.156	0.123	0.147	0.14	0.126	0.128	0.118	0.101	0.106	0.133	0.128	0.12	0.105	0.106	0.124	0.112	0.137	0.11	0.143	0.142	0.114	0.113	0.133	0.09	0.108	956630.0	1533577.273602
sub-129S4369	0.156	0.125	0.152	0.117	0.139	0.143	0.147	0.134	0.139	0.148	0.152	0.127	0.134	0.091	0.107	0.123	0.126	0.151	0.129	0.118	0.159	0.109	0.142	0.138	0.145	0.137	0.127	0.121	0.137	0.106	0.139	1009920.0	1362526.044775
sub-129S4371	0.138	0.115	0.136	0.113	0.137	0.129	0.141	0.121	0.141	0.157	0.13	0.136	0.13	0.109	0.111	0.122	0.12	0.121	0.13	0.104	0.131	0.105	0.13	0.116	0.146	0.132	0.127	0.107	0.134	0.108	0.106	960702.0	1374319.53865
sub-129S4396	0.175	0.111	0.128	0.135	0.146	0.133	0.151	0.129	0.137	0.154	0.146	0.142	0.127	0.092	0.101	0.103	0.129	0.111	0.113	0.105	0.142	0.095	0.133	0.132	0.13	0.13	0.117	0.114	0.136	0.107	0.109	861849.0	1268612.638669
sub-129S4422	0.128	0.104	0.136	0.115	0.138	0.12	0.153	0.13	0.142	0.133	0.133	0.138	0.143	0.083	0.097	0.125	0.112	0.117	0.117	0.123	0.147	0.103	0.123	0.148	0.129	0.121	0.116	0.112	0.123	0.125	0.134	931477.0	1351727.50621
sub-130S0232	0.142	0.125	0.134	0.134	0.138	0.13	0.157	0.125	0.135	0.161	0.143	0.136	0.136	0.102	0.111	0.134	0.14	0.145	0.148	0.111	0.148	0.123	0.136	0.137	0.147	0.139	0.119	0.129	0.13	0.114	0.136	1053283.0	1726766.547186
sub-130S0886	0.131	0.119	0.139	0.135	0.133	0.139	0.142	0.135	0.138	0.145	0.145	0.119	0.139	0.095	0.103	0.111	0.123	0.126	0.14	0.11	0.142	0.108	0.113	0.123	0.147	0.132	0.118	0.106	0.127	0.115	0.126	937068.0	1410910.126175
sub-130S0969	0.14	0.108	0.125	0.112	0.132	0.134	0.133	0.134	0.143	0.14	0.132	0.12	0.129	0.095	0.116	0.119	0.126	0.121	0.138	0.117	0.148	0.113	0.134	0.124	0.133	0.12	0.119	0.107	0.126	0.073	0.128	1045619.0	1649002.749342
sub-130S4343	0.134	0.105	0.133	0.11	0.144	0.143	0.153	0.119	0.144	0.132	0.142	0.135	0.12	0.093	0.089	0.118	0.135	0.126	0.124	0.098	0.128	0.09	0.129	0.133	0.137	0.135	0.117	0.098	0.128	0.076	0.118	1043510.0	1540315.535403
sub-130S4352	0.132	0.118	0.127	0.128	0.139	0.123	0.144	0.132	0.137	0.141	0.158	0.131	0.128	0.098	0.093	0.129	0.1	0.136	0.153	0.113	0.127	0.107	0.132	0.142	0.148	0.134	0.109	0.119	0.126	0.13	0.11	1013218.0	1607615.551063
sub-131S0123	0.152	0.122	0.135	0.132	0.15	0.121	0.15	0.122	0.14	0.149	0.143	0.156	0.136	0.157	0.11	0.14	0.137	0.12	0.132	0.108	0.146	0.111	0.138	0.115	0.137	0.143	0.115	0.115	0.138	0.099	0.102	863623.0	1298518.865268
sub-131S0441	0.138	0.147	0.143	0.162	0.151	0.139	0.165	0.133	0.157	0.161	0.142	0.154	0.15	0.122	0.112	0.126	0.181	0.144	0.167	0.111	0.152	0.126	0.143	0.133	0.178	0.153	0.124	0.127	0.117	0.1	0.124	920637.0	1387284.002844
sub-135S4446	0.135	0.125	0.126	0.121	0.146	0.139	0.142	0.134	0.148	0.133	0.13	0.149	0.133	0.094	0.109	0.12	0.127	0.117	0.129	0.131	0.14	0.127	0.128	0.131	0.146	0.133	0.111	0.121	0.138	0.11	0.114	946630.0	1380782.24791
sub-135S4566	0.125	0.127	0.128	0.144	0.139	0.151	0.159	0.138	0.137	0.151	0.132	0.143	0.146	0.082	0.108	0.118	0.125	0.121	0.115	0.121	0.128	0.113	0.131	0.119	0.15	0.138	0.12	0.121	0.136	0.091	0.102	956429.0	1503001.337962
sub-135S4598	0.115	0.116	0.147	0.081	0.118	0.128	0.13	0.11	0.143	0.131	0.138	0.119	0.132	0.091	0.103	0.112	0.122	0.126	0.125	0.117	0.118	0.108	0.126	0.12	0.151	0.125	0.118	0.107	0.132	0.091	0.113	1049064.0	1521597.195116
sub-136S0186	0.146	0.135	0.134	0.102	0.139	0.134	0.146	0.133	0.14	0.155	0.137	0.137	0.13	0.109	0.098	0.123	0.132	0.121	0.132	0.109	0.148	0.114	0.13	0.145	0.143	0.129	0.119	0.104	0.133	0.093	0.121	1031515.0	1573694.729086
sub-136S4269	0.106	0.119	0.142	0.113	0.136	0.133	0.138	0.134	0.145	0.126	0.141	0.121	0.126	0.105	0.12	0.116	0.108	0.117	0.125	0.112	0.14	0.116	0.137	0.114	0.134	0.13	0.123	0.117	0.131	0.084	0.107	1004439.0	1497608.190219
sub-136S4433	0.148	0.132	0.13	0.116	0.137	0.128	0.148	0.125	0.141	0.147	0.135	0.144	0.133	0.1	0.105	0.126	0.126	0.121	0.14	0.11	0.13	0.101	0.13	0.138	0.141	0.136	0.127	0.114	0.128	0.068	0.113	979850.0	1389364.196233
sub-136S4726	0.117	0.105	0.14	0.085	0.137	0.133	0.137	0.128	0.143	0.145	0.136	0.141	0.134	0.094	0.1	0.116	0.129	0.129	0.128	0.11	0.126	0.106	0.123	0.139	0.149	0.134	0.122	0.106	0.129	0.088	0.11	1119964.0	1557192.208811
sub-136S4727	0.128	0.112	0.138	0.099	0.132	0.13	0.154	0.128	0.15	0.131	0.146	0.138	0.138	0.088	0.095	0.119	0.121	0.121	0.134	0.11	0.126	0.097	0.127	0.135	0.136	0.126	0.121	0.101	0.132	0.094	0.118	906361.0	1377380.590077
sub-137S0301	0.131	0.123	0.118	0.107	0.139	0.131	0.13	0.12	0.133	0.137	0.141	0.14	0.124	0.116	0.09	0.11	0.138	0.132	0.127	0.101	0.138	0.1	0.118	0.143	0.133	0.122	0.116	0.098	0.122	0.099	0.123	1015579.0	1451280.648767
sub-137S0972	0.132	0.115	0.135	0.143	0.135	0.137	0.144	0.115	0.146	0.157	0.144	0.126	0.126	0.102	0.097	0.124	0.144	0.123	0.123	0.097	0.142	0.095	0.124	0.137	0.149	0.127	0.114	0.114	0.116	0.104	0.139	935531.0	1465760.533881
sub-137S4466	0.121	0.103	0.133	0.122	0.14	0.121	0.147	0.126	0.144	0.156	0.149	0.145	0.131	0.112	0.116	0.107	0.124	0.122	0.131	0.102	0.141	0.099	0.123	0.144	0.127	0.121	0.123	0.116	0.118	0.09	0.119	1003904.0	1530749.512418
sub-137S4482	0.143	0.115	0.121	0.138	0.14	0.14	0.16	0.127	0.131	0.155	0.136	0.132	0.132	0.097	0.1	0.128	0.145	0.132	0.127	0.111	0.131	0.11	0.125	0.147	0.143	0.14	0.116	0.127	0.137	0.117	0.152	900937.0	1389805.520956
sub-137S4520	0.111	0.131	0.134	0.097	0.133	0.133	0.135	0.128	0.142	0.143	0.139	0.114	0.12	0.092	0.085	0.124	0.123	0.124	0.145	0.11	0.138	0.105	0.134	0.122	0.138	0.134	0.125	0.112	0.131	0.112	0.121	1157410.0	1577581.708708
sub-137S4587	0.147	0.122	0.132	0.123	0.127	0.121	0.145	0.133	0.149	0.144	0.138	0.142	0.13	0.13	0.111	0.126	0.135	0.116	0.133	0.112	0.152	0.108	0.136	0.138	0.148	0.133	0.127	0.116	0.133	0.109	0.115	922113.0	1377212.508159
sub-137S4632	0.122	0.109	0.13	0.156	0.126	0.128	0.145	0.124	0.134	0.145	0.136	0.111	0.133	0.094	0.108	0.125	0.122	0.129	0.133	0.099	0.142	0.099	0.13	0.134	0.131	0.125	0.127	0.118	0.126	0.104	0.114	1116547.0	1639418.683536
sub-141S0717	0.142	0.154	0.149	0.137	0.155	0.135	0.152	0.139	0.156	0.156	0.161	0.148	0.132	0.101	0.129	0.146	0.149	0.129	0.152	0.132	0.142	0.133	0.139	0.14	0.143	0.147	0.127	0.127	0.121	0.125	0.127	1131498.0	1813448.206093
sub-141S0767	0.125	0.127	0.137	0.129	0.148	0.143	0.144	0.133	0.138	0.15	0.133	0.129	0.129	0.109	0.105	0.122	0.133	0.128	0.152	0.119	0.137	0.111	0.14	0.135	0.149	0.139	0.135	0.114	0.136	0.092	0.127	906588.0	1297735.585428
sub-153S4125	0.138	0.111	0.144	0.113	0.13	0.132	0.122	0.13	0.143	0.145	0.14	0.128	0.132	0.09	0.102	0.104	0.138	0.121	0.123	0.117	0.12	0.113	0.128	0.135	0.149	0.132	0.126	0.111	0.138	0.118	0.123	894695.0	1308163.914274
sub-153S4139	0.134	0.115	0.14	0.1	0.133	0.134	0.134	0.136	0.142	0.146	0.141	0.14	0.132	0.117	0.103	0.136	0.123	0.124	0.139	0.104	0.145	0.102	0.137	0.148	0.149	0.133	0.118	0.118	0.135	0.096	0.119	883531.0	1276535.224567
sub-153S4151	0.123	0.146	0.145	0.132	0.128	0.143	0.147	0.129	0.146	0.147	0.139	0.118	0.136	0.079	0.119	0.123	0.144	0.14	0.116	0.125	0.127	0.121	0.14	0.116	0.145	0.141	0.127	0.124	0.124	0.104	0.134	861078.0	1314784.546112
sub-153S4372	0.157	0.123	0.127	0.128	0.141	0.132	0.143	0.127	0.143	0.137	0.136	0.142	0.141	0.124	0.11	0.123	0.139	0.125	0.119	0.115	0.144	0.114	0.13	0.139	0.147	0.144	0.117	0.124	0.127	0.093	0.121	915746.0	1350920.617123
sub-941S1195	0.136	0.122	0.121	0.167	0.136	0.128	0.148	0.119	0.133	0.142	0.132	0.131	0.139	0.105	0.101	0.126	0.143	0.128	0.116	0.118	0.145	0.113	0.135	0.132	0.144	0.132	0.118	0.109	0.13	0.076	0.128	1003304.0	1587230.896674
sub-941S1202	0.122	0.119	0.145	0.135	0.141	0.128	0.155	0.131	0.149	0.155	0.15	0.13	0.126	0.108	0.107	0.129	0.139	0.134	0.142	0.109	0.135	0.111	0.143	0.156	0.149	0.141	0.125	0.109	0.137	0.087	0.116	990794.0	1632443.695868
sub-941S1203	0.135	0.133	0.13	0.124	0.144	0.144	0.149	0.139	0.137	0.149	0.147	0.123	0.145	0.095	0.105	0.151	0.145	0.127	0.12	0.12	0.132	0.124	0.132	0.139	0.164	0.155	0.118	0.13	0.143	0.139	0.146	881116.0	1406361.694575
sub-941S4066	0.145	0.13	0.15	0.135	0.14	0.14	0.175	0.123	0.143	0.148	0.149	0.128	0.135	0.095	0.115	0.12	0.136	0.132	0.122	0.129	0.145	0.125	0.137	0.152	0.153	0.148	0.122	0.121	0.147	0.099	0.123	877640.0	1423322.903793
sub-941S4100	0.137	0.124	0.159	0.118	0.147	0.135	0.148	0.129	0.153	0.135	0.136	0.127	0.132	0.101	0.119	0.117	0.139	0.137	0.135	0.129	0.145	0.107	0.143	0.14	0.143	0.134	0.129	0.109	0.143	0.081	0.131	1013370.0	1579475.76931
sub-941S4255	0.152	0.119	0.134	0.139	0.149	0.134	0.145	0.146	0.14	0.153	0.135	0.146	0.141	0.122	0.105	0.124	0.129	0.122	0.124	0.12	0.143	0.113	0.131	0.137	0.147	0.131	0.129	0.12	0.133	0.103	0.128	1035029.0	1602607.335152
sub-941S4292	0.139	0.122	0.127	0.13	0.14	0.128	0.142	0.132	0.146	0.138	0.135	0.127	0.131	0.085	0.102	0.114	0.143	0.12	0.116	0.111	0.143	0.108	0.123	0.144	0.139	0.132	0.124	0.122	0.128	0.087	0.128	999881.0	1484738.773689
sub-941S4365	0.116	0.133	0.123	0.135	0.15	0.123	0.158	0.138	0.135	0.151	0.144	0.142	0.143	0.104	0.121	0.121	0.114	0.126	0.134	0.113	0.132	0.125	0.134	0.124	0.139	0.141	0.125	0.132	0.125	0.108	0.145	1091136.0	1724259.741326
sub-941S4376	0.149	0.13	0.127	0.115	0.139	0.139	0.158	0.129	0.138	0.15	0.141	0.146	0.121	0.121	0.111	0.144	0.141	0.125	0.138	0.12	0.136	0.125	0.133	0.155	0.158	0.144	0.121	0.127	0.139	0.138	0.137	928015.0	1400893.739842
