lh.aparc.DKTatlas.volume	lh_caudalanteriorcingulate_volume	lh_caudalmiddlefrontal_volume	lh_cuneus_volume	lh_entorhinal_volume	lh_fusiform_volume	lh_inferiorparietal_volume	lh_inferiortemporal_volume	lh_isthmuscingulate_volume	lh_lateraloccipital_volume	lh_lateralorbitofrontal_volume	lh_lingual_volume	lh_medialorbitofrontal_volume	lh_middletemporal_volume	lh_parahippocampal_volume	lh_paracentral_volume	lh_parsopercularis_volume	lh_parsorbitalis_volume	lh_parstriangularis_volume	lh_pericalcarine_volume	lh_postcentral_volume	lh_posteriorcingulate_volume	lh_precentral_volume	lh_precuneus_volume	lh_rostralanteriorcingulate_volume	lh_rostralmiddlefrontal_volume	lh_superiorfrontal_volume	lh_superiorparietal_volume	lh_superiortemporal_volume	lh_supramarginal_volume	lh_transversetemporal_volume	lh_insula_volume	BrainSegVolNotVent	eTIV
sub-002S0295	2256.0	6141.0	3926.0	1907.0	8249.0	12387.0	12499.0	2478.0	10489.0	7241.0	4912.0	3424.0	12199.0	1843.0	4373.0	4260.0	1882.0	3743.0	1903.0	9278.0	2547.0	11741.0	10096.0	3426.0	8407.0	19867.0	9023.0	12488.0	10412.0	956.0	5996.0	1049464.0	1683891.325623
sub-002S0413	2691.0	6375.0	4327.0	2346.0	8852.0	10788.0	11533.0	2278.0	13022.0	8348.0	6607.0	3635.0	11083.0	1994.0	3723.0	3748.0	1799.0	3470.0	2280.0	9423.0	3133.0	13599.0	8908.0	3021.0	10940.0	24154.0	13482.0	14636.0	9167.0	937.0	5331.0	1031417.0	1468504.820203
sub-002S0685	2549.0	4992.0	3794.0	1884.0	6206.0	8905.0	10404.0	2407.0	9283.0	7130.0	6312.0	3893.0	8910.0	2122.0	3394.0	2957.0	1619.0	3180.0	2417.0	8311.0	2777.0	10332.0	7644.0	2389.0	8102.0	19063.0	8599.0	10897.0	6859.0	554.0	4663.0	981016.0	1543022.145788
sub-002S1261	2882.0	6370.0	4581.0	1446.0	6755.0	9145.0	10696.0	2156.0	9883.0	7555.0	6154.0	3301.0	10664.0	1823.0	4066.0	3585.0	1710.0	3999.0	2278.0	10736.0	2597.0	12662.0	7848.0	2754.0	9481.0	19166.0	9634.0	14288.0	9061.0	930.0	5133.0	971327.0	1486914.720552
sub-002S1280	2488.0	4363.0	3299.0	1577.0	6061.0	9620.0	8392.0	2083.0	9414.0	6589.0	4044.0	2835.0	10155.0	1902.0	3812.0	3249.0	1817.0	3110.0	1300.0	9543.0	2908.0	11229.0	8409.0	2492.0	8060.0	18048.0	10246.0	13094.0	8315.0	1181.0	5187.0	912236.0	1420831.701808
sub-002S4213	2817.0	6705.0	4890.0	1904.0	7241.0	9690.0	10884.0	2825.0	11736.0	7988.0	5642.0	3836.0	11294.0	2377.0	3432.0	3947.0	1865.0	3904.0	2322.0	9644.0	2539.0	11729.0	10087.0	3664.0	10381.0	21132.0	8970.0	13681.0	7362.0	792.0	5733.0	929490.0	1457811.479267
sub-002S4225	3089.0	6655.0	5094.0	1990.0	9533.0	11854.0	13439.0	3367.0	18581.0	9926.0	9053.0	5068.0	16483.0	2771.0	4199.0	3912.0	2268.0	3557.0	2282.0	13044.0	3728.0	14105.0	10448.0	4299.0	10261.0	25428.0	10166.0	17728.0	10393.0	1447.0	6950.0	1225004.0	1880480.84738
sub-002S4262	1940.0	5495.0	3530.0	1429.0	5362.0	9067.0	7765.0	1986.0	8767.0	6767.0	5835.0	3367.0	10349.0	1751.0	4397.0	3793.0	1490.0	3237.0	1867.0	8488.0	2671.0	11104.0	8120.0	2497.0	8559.0	18502.0	8341.0	13624.0	7164.0	921.0	5240.0	877597.0	1574305.99148
sub-002S4264	2372.0	5425.0	3008.0	1431.0	6315.0	8160.0	10737.0	1917.0	9455.0	7940.0	6227.0	3668.0	10774.0	1553.0	3512.0	2770.0	1867.0	3386.0	1691.0	9007.0	2557.0	10383.0	7381.0	2586.0	8497.0	17937.0	7464.0	12520.0	7719.0	782.0	5409.0	946496.0	1432436.642983
sub-002S4270	2834.0	5370.0	3782.0	1464.0	6604.0	9139.0	10311.0	2029.0	11092.0	6849.0	6160.0	3336.0	10427.0	1579.0	3482.0	3624.0	1610.0	4096.0	1752.0	9546.0	3039.0	12075.0	7371.0	2705.0	8258.0	17200.0	8716.0	13307.0	8487.0	857.0	5478.0	999849.0	1495734.272789
sub-003S0907	2354.0	4545.0	3286.0	1297.0	6355.0	7933.0	7597.0	1820.0	8367.0	5978.0	5001.0	3359.0	7727.0	1945.0	2562.0	2790.0	1370.0	2835.0	1476.0	7063.0	2218.0	8117.0	5892.0	2842.0	6947.0	14990.0	5964.0	11415.0	5586.0	943.0	4877.0	833101.0	1408413.108412
sub-003S0981	2346.0	4116.0	2317.0	1886.0	5919.0	8048.0	7689.0	1955.0	6786.0	6854.0	3549.0	3356.0	9125.0	2049.0	3260.0	2645.0	1373.0	2857.0	824.0	7716.0	2316.0	8701.0	6201.0	3184.0	7155.0	15869.0	6421.0	11162.0	6613.0	709.0	5555.0	823439.0	3074205.906953
sub-003S4081	1965.0	4473.0	2994.0	1652.0	5878.0	8609.0	10239.0	2399.0	9660.0	7221.0	6730.0	3339.0	11815.0	2120.0	3464.0	3098.0	1880.0	3150.0	2035.0	6796.0	2433.0	9312.0	7266.0	2990.0	7602.0	14913.0	8639.0	12337.0	7880.0	536.0	4741.0	802731.0	1175637.939837
sub-003S4119	3067.0	6613.0	3455.0	2590.0	9786.0	11481.0	11978.0	2455.0	11652.0	9023.0	4996.0	4764.0	12733.0	2715.0	3509.0	4044.0	2058.0	4526.0	2106.0	9242.0	2724.0	13084.0	8233.0	3332.0	10122.0	19609.0	8299.0	16652.0	8088.0	1085.0	6412.0	1085194.0	1540009.985009
sub-003S4288	2207.0	4299.0	3068.0	1679.0	5651.0	7137.0	10096.0	2012.0	7928.0	8258.0	5572.0	3459.0	10876.0	1787.0	2955.0	2794.0	2021.0	3304.0	2086.0	7496.0	2543.0	8871.0	6762.0	2217.0	7454.0	17483.0	6713.0	13567.0	7949.0	914.0	5816.0	868201.0	1213393.324962
sub-003S4350	3163.0	6810.0	3429.0	1930.0	7840.0	12300.0	12489.0	2175.0	11803.0	9136.0	5828.0	5002.0	15801.0	1572.0	4769.0	3795.0	2069.0	4628.0	1639.0	10556.0	3002.0	11261.0	9541.0	3764.0	11123.0	20659.0	9501.0	17429.0	9220.0	1140.0	6298.0	1116021.0	1421978.642033
sub-003S4441	3137.0	4879.0	4150.0	2517.0	8290.0	11351.0	11459.0	3557.0	11527.0	8734.0	6062.0	4307.0	14670.0	2950.0	4080.0	4059.0	2338.0	5320.0	2078.0	8396.0	3195.0	11706.0	8093.0	3669.0	13682.0	23249.0	9531.0	17621.0	11400.0	1066.0	6370.0	1105372.0	1530622.913335
sub-003S4555	2454.0	5297.0	3793.0	1401.0	7029.0	11993.0	9326.0	2517.0	11062.0	8810.0	5848.0	4093.0	10437.0	2001.0	3559.0	4662.0	2122.0	3729.0	1823.0	9003.0	2720.0	13069.0	8317.0	3184.0	10222.0	19821.0	7784.0	14054.0	7520.0	866.0	5349.0	1019373.0	1384959.507897
sub-003S4644	2506.0	5483.0	3616.0	1839.0	5976.0	11105.0	10165.0	2466.0	9187.0	7445.0	6353.0	4431.0	12866.0	2178.0	3679.0	4127.0	1908.0	3693.0	1995.0	9989.0	2791.0	12780.0	8329.0	2199.0	8166.0	18072.0	8752.0	15855.0	8587.0	967.0	5014.0	975313.0	1365713.781841
sub-003S4839	1931.0	4680.0	3101.0	2178.0	7246.0	11862.0	8358.0	1864.0	10891.0	7415.0	6013.0	3498.0	11430.0	2089.0	3801.0	3170.0	1673.0	3858.0	1309.0	10886.0	2833.0	13624.0	6653.0	2120.0	7430.0	18701.0	6905.0	13473.0	8783.0	897.0	5543.0	975693.0	1369211.809852
sub-003S4840	2554.0	6231.0	4590.0	1974.0	10100.0	12429.0	11899.0	2566.0	12464.0	8428.0	7420.0	4498.0	16066.0	2219.0	3222.0	3292.0	1857.0	3216.0	2279.0	8517.0	2968.0	11455.0	7725.0	3296.0	10442.0	20711.0	7033.0	15894.0	8471.0	810.0	5753.0	1100815.0	1448127.526802
sub-003S4872	2862.0	6758.0	4269.0	1737.0	8277.0	10741.0	10192.0	2519.0	11765.0	7550.0	6256.0	3658.0	10222.0	2449.0	4048.0	3611.0	1952.0	3853.0	1675.0	11694.0	3407.0	13637.0	8999.0	3052.0	10892.0	20893.0	10434.0	15518.0	9223.0	1072.0	5690.0	1014951.0	1448192.20547
sub-003S4900	2152.0	5781.0	3717.0	1536.0	7466.0	11074.0	10503.0	2089.0	10219.0	7732.0	6937.0	4182.0	13694.0	2173.0	3356.0	3371.0	2399.0	3991.0	1915.0	9196.0	2994.0	12688.0	8134.0	2689.0	8482.0	20549.0	9013.0	14105.0	8919.0	924.0	5392.0	978392.0	1215856.919368
sub-005S0553	2564.0	4653.0	3566.0	1429.0	5970.0	8009.0	11668.0	2651.0	9379.0	7232.0	5648.0	3903.0	10505.0	1844.0	2935.0	3615.0	1974.0	4319.0	2321.0	9227.0	2679.0	9910.0	7439.0	3067.0	9436.0	19506.0	7161.0	15279.0	7315.0	1052.0	6537.0	917208.0	1540761.958465
sub-005S0602	2078.0	5204.0	2576.0	1351.0	7999.0	10067.0	9882.0	2254.0	8519.0	7672.0	5241.0	4090.0	12018.0	1952.0	3394.0	2744.0	1610.0	3394.0	1457.0	8352.0	2781.0	11322.0	7685.0	3010.0	7627.0	17284.0	7821.0	13465.0	9439.0	830.0	5576.0	983743.0	1385998.576713
sub-005S0610	2512.0	5090.0	2878.0	1957.0	5845.0	9238.0	9831.0	2255.0	8396.0	7853.0	4713.0	3425.0	9720.0	2977.0	3329.0	3790.0	1951.0	2794.0	1584.0	7405.0	2399.0	9116.0	6629.0	3317.0	8042.0	15776.0	7651.0	15575.0	8211.0	692.0	6013.0	891703.0	1460837.307316
sub-006S0498	2554.0	5725.0	3005.0	2030.0	7121.0	11976.0	12703.0	2108.0	9308.0	7596.0	5730.0	3667.0	13399.0	1800.0	3115.0	4010.0	1800.0	4028.0	1310.0	8862.0	2673.0	11581.0	8339.0	3224.0	9342.0	21146.0	8793.0	14902.0	8113.0	1186.0	7441.0	1066582.0	1636697.177721
sub-006S0731	2159.0	4491.0	3998.0	2089.0	7479.0	7753.0	9922.0	2261.0	9148.0	6696.0	6327.0	3882.0	10825.0	1811.0	3216.0	3057.0	1999.0	3649.0	2462.0	8942.0	2403.0	10911.0	7148.0	2776.0	6861.0	17456.0	7508.0	12260.0	8020.0	852.0	5187.0	982881.0	1494517.802949
sub-006S4150	2646.0	4610.0	3678.0	3040.0	8166.0	10134.0	9142.0	2831.0	11424.0	7770.0	6834.0	3717.0	10662.0	2244.0	3796.0	2981.0	2273.0	3682.0	2162.0	9360.0	3070.0	10788.0	9052.0	3052.0	9226.0	19105.0	9301.0	14025.0	10422.0	818.0	5501.0	1054806.0	1605626.307878
sub-006S4357	1871.0	4638.0	3172.0	1785.0	7581.0	8564.0	9412.0	2065.0	9100.0	5714.0	5185.0	2908.0	9332.0	2162.0	3027.0	3201.0	1738.0	3136.0	2449.0	8673.0	2301.0	10769.0	6580.0	2408.0	6525.0	16642.0	5859.0	13628.0	6833.0	837.0	4591.0	876915.0	1148315.525837
sub-006S4449	2732.0	4298.0	5498.0	1811.0	7413.0	9712.0	12229.0	3168.0	13762.0	9487.0	8071.0	4203.0	11550.0	2209.0	4219.0	4258.0	2495.0	4742.0	2687.0	9224.0	3307.0	12313.0	8732.0	2988.0	12367.0	23707.0	11083.0	15813.0	8888.0	1261.0	7269.0	1207593.0	1792794.524345
sub-006S4485	3353.0	5943.0	3395.0	2491.0	8925.0	8767.0	13097.0	2427.0	11796.0	8415.0	5451.0	4093.0	11520.0	2313.0	3413.0	3904.0	2047.0	3615.0	1801.0	8547.0	3231.0	11368.0	7657.0	3437.0	8835.0	20163.0	8121.0	13995.0	9184.0	949.0	5502.0	1108943.0	1688758.614764
sub-007S1206	3856.0	5710.0	2906.0	2027.0	7894.0	12286.0	12721.0	2175.0	9443.0	8895.0	5732.0	4599.0	13563.0	2321.0	4914.0	3967.0	2122.0	4185.0	1787.0	9672.0	3282.0	12689.0	8481.0	3287.0	8448.0	21751.0	9573.0	16007.0	8479.0	874.0	6252.0	1109840.0	1711488.986575
sub-007S1222	2288.0	4514.0	2433.0	1290.0	6586.0	8556.0	7094.0	1929.0	7644.0	6262.0	3931.0	3891.0	9980.0	1658.0	2820.0	3190.0	1454.0	2816.0	1216.0	5971.0	2194.0	7456.0	6285.0	2170.0	6569.0	16602.0	7020.0	13181.0	8103.0	720.0	5476.0	896150.0	1347342.66089
sub-007S4387	2346.0	5146.0	3213.0	1730.0	7047.0	10551.0	8507.0	1781.0	10161.0	6971.0	5477.0	3568.0	12926.0	2147.0	3325.0	3654.0	1471.0	3214.0	1503.0	8413.0	2656.0	10686.0	6487.0	3280.0	10507.0	18713.0	7830.0	15073.0	10075.0	846.0	5515.0	934388.0	1387400.721012
sub-007S4488	2625.0	5549.0	4268.0	2748.0	8810.0	10082.0	11176.0	2721.0	12667.0	8052.0	7794.0	4973.0	10816.0	3193.0	3536.0	4360.0	2157.0	4882.0	2887.0	12146.0	2977.0	13228.0	7067.0	3229.0	11075.0	20243.0	6968.0	17319.0	8755.0	1232.0	6028.0	1137958.0	1607405.87503
sub-007S4516	2317.0	6830.0	4495.0	2746.0	8795.0	9450.0	11157.0	2279.0	11162.0	8749.0	5639.0	4843.0	13317.0	2590.0	3993.0	2995.0	1755.0	2722.0	2436.0	7622.0	3408.0	12514.0	8335.0	2817.0	10050.0	21230.0	8402.0	16341.0	9856.0	1126.0	6081.0	1032285.0	1415187.264209
sub-007S4620	2362.0	5515.0	3146.0	1779.0	6866.0	9082.0	10205.0	2115.0	10492.0	7912.0	3979.0	4326.0	12414.0	1620.0	3245.0	3506.0	2156.0	3636.0	1345.0	8477.0	2657.0	11046.0	7875.0	2558.0	8723.0	17001.0	7393.0	14541.0	9072.0	778.0	5364.0	935229.0	1454466.949158
sub-007S4637	1877.0	3972.0	4046.0	1835.0	6058.0	9497.0	7923.0	2397.0	10740.0	7796.0	6276.0	4126.0	10520.0	1752.0	3450.0	3534.0	1926.0	3980.0	2314.0	7544.0	2309.0	10998.0	8156.0	1981.0	10020.0	19721.0	8866.0	13660.0	8617.0	945.0	4914.0	927957.0	1309197.040793
sub-009S0751	1835.0	4848.0	3762.0	1523.0	8690.0	11076.0	10968.0	2692.0	11158.0	7567.0	6634.0	3607.0	12863.0	2076.0	3617.0	2813.0	1812.0	2681.0	1532.0	8464.0	2610.0	11470.0	9132.0	3065.0	10228.0	19086.0	10300.0	14237.0	10048.0	763.0	4816.0	1027155.0	1691257.521957
sub-009S0842	2153.0	5673.0	3835.0	1900.0	8795.0	13156.0	11385.0	2775.0	12088.0	8357.0	7128.0	4119.0	14884.0	2270.0	3929.0	3051.0	2507.0	3458.0	2048.0	9899.0	2882.0	12002.0	9070.0	3152.0	10139.0	20534.0	10103.0	15833.0	10506.0	1127.0	5999.0	1097114.0	1656701.514839
sub-009S4337	2086.0	4350.0	3623.0	1975.0	7222.0	10984.0	11041.0	2253.0	11364.0	6622.0	5375.0	3994.0	13455.0	2464.0	4045.0	3679.0	1867.0	4036.0	1568.0	9665.0	1969.0	9973.0	8859.0	2544.0	7306.0	16943.0	8066.0	16376.0	8846.0	949.0	5145.0	967708.0	1502186.05902
sub-009S4388	2593.0	6780.0	4244.0	1872.0	8042.0	12706.0	10461.0	2835.0	13975.0	8974.0	6648.0	4012.0	13119.0	1930.0	4181.0	4156.0	2120.0	4320.0	2280.0	11915.0	3947.0	12467.0	10815.0	3722.0	9531.0	23426.0	10582.0	16594.0	8982.0	1041.0	5983.0	1113336.0	1670964.340858
sub-009S4612	1861.0	4976.0	4101.0	1704.0	7139.0	10204.0	8298.0	2033.0	11247.0	6168.0	6401.0	3385.0	11174.0	1576.0	3518.0	4332.0	1790.0	3753.0	2199.0	8577.0	2352.0	10604.0	7447.0	2097.0	7772.0	18158.0	7948.0	14080.0	8735.0	877.0	5898.0	891416.0	1192550.067527
sub-010S0419	3051.0	7233.0	2977.0	2138.0	7430.0	10268.0	10814.0	2071.0	10264.0	9325.0	6499.0	3812.0	12800.0	2142.0	3749.0	3249.0	2041.0	3146.0	1743.0	10251.0	3223.0	12079.0	7800.0	4038.0	11293.0	20965.0	8740.0	16118.0	8758.0	1130.0	6105.0	1063906.0	1628289.97458
sub-010S0420	3135.0	4934.0	3131.0	2341.0	8125.0	9366.0	9781.0	2048.0	9919.0	8392.0	5365.0	3597.0	12224.0	1934.0	3760.0	3049.0	1733.0	3612.0	1658.0	8781.0	2984.0	10184.0	7773.0	3182.0	9067.0	20619.0	8425.0	15378.0	8422.0	1123.0	5554.0	1027497.0	1503139.446854
sub-010S4345	2489.0	5201.0	3405.0	2081.0	6844.0	10216.0	13415.0	2049.0	9270.0	7933.0	5098.0	3987.0	14879.0	2217.0	3653.0	3276.0	1830.0	3238.0	1421.0	8986.0	2527.0	11142.0	7634.0	2358.0	10002.0	20319.0	8155.0	17783.0	8761.0	1083.0	5298.0	1042921.0	1579937.08795
sub-010S4442	2429.0	6283.0	3060.0	1403.0	6529.0	8993.0	7925.0	2122.0	9506.0	7268.0	4757.0	3532.0	10797.0	1525.0	3475.0	3617.0	1860.0	3449.0	1372.0	8154.0	2381.0	12071.0	7769.0	2417.0	9029.0	22085.0	6247.0	14168.0	9227.0	913.0	5995.0	963275.0	1230255.159956
sub-011S0021	2907.0	4964.0	2854.0	1293.0	7205.0	11211.0	8028.0	2171.0	8534.0	7172.0	4328.0	3567.0	9584.0	1884.0	3750.0	3421.0	1652.0	3781.0	1596.0	8733.0	3174.0	10921.0	7309.0	3348.0	8885.0	17130.0	6931.0	14076.0	8424.0	929.0	6152.0	873882.0	1373135.659751
sub-011S0023	2153.0	5373.0	3479.0	1504.0	8264.0	9661.0	9032.0	2893.0	9314.0	7272.0	6115.0	3304.0	11821.0	2124.0	3693.0	4521.0	1707.0	4149.0	2288.0	9255.0	2698.0	11287.0	9290.0	2894.0	9036.0	20438.0	10216.0	15231.0	9712.0	920.0	5908.0	1008068.0	1537336.193831
sub-011S4075	2718.0	5180.0	3971.0	1871.0	7843.0	11150.0	11277.0	2533.0	11039.0	8218.0	5696.0	4053.0	12439.0	1983.0	4729.0	4747.0	2065.0	4229.0	1855.0	10644.0	3232.0	12424.0	8090.0	2781.0	8555.0	23396.0	8373.0	15615.0	8810.0	870.0	6184.0	1044879.0	1563584.684012
sub-011S4105	1625.0	5191.0	4050.0	1606.0	6036.0	8238.0	8130.0	1958.0	10872.0	6793.0	6070.0	3399.0	11256.0	1871.0	3705.0	3201.0	1707.0	3287.0	1929.0	8859.0	1978.0	11081.0	6885.0	3021.0	8085.0	17572.0	8056.0	13315.0	7393.0	725.0	5261.0	944529.0	1471143.5108
sub-011S4120	2318.0	5160.0	3783.0	1829.0	6363.0	9704.0	8186.0	1799.0	9880.0	8350.0	6567.0	4244.0	8963.0	1815.0	3759.0	3905.0	2377.0	3408.0	2122.0	8985.0	2607.0	10082.0	7196.0	3049.0	7727.0	18900.0	9085.0	10866.0	9095.0	657.0	5888.0	916281.0	1410136.302794
sub-011S4222	2274.0	5063.0	3816.0	935.0	6669.0	8749.0	10958.0	2270.0	10307.0	7628.0	5139.0	4054.0	10404.0	1246.0	3463.0	3319.0	1674.0	3246.0	1187.0	9416.0	2621.0	12401.0	6988.0	3069.0	8668.0	21300.0	8485.0	12195.0	8141.0	1063.0	5362.0	908207.0	1409857.710323
sub-011S4278	2605.0	5690.0	3388.0	2047.0	7978.0	10523.0	10962.0	1998.0	10766.0	7375.0	6250.0	4208.0	12227.0	2390.0	4497.0	4183.0	1572.0	3617.0	1996.0	10150.0	2144.0	12378.0	8266.0	3471.0	10245.0	23844.0	9562.0	15854.0	10023.0	965.0	5342.0	985282.0	1590363.320442
sub-012S4026	2505.0	5816.0	3446.0	1890.0	8442.0	9564.0	9449.0	2412.0	11105.0	8080.0	5388.0	4161.0	12322.0	1689.0	3577.0	3483.0	2210.0	3523.0	2029.0	9649.0	2890.0	11798.0	8924.0	3719.0	10717.0	20842.0	7953.0	17149.0	10166.0	1146.0	6062.0	1050425.0	1620670.609621
sub-012S4545	3206.0	5890.0	4384.0	2100.0	7783.0	10546.0	11801.0	2347.0	11555.0	8507.0	6444.0	5079.0	13599.0	2252.0	4451.0	3559.0	1982.0	4017.0	2074.0	9437.0	2985.0	12442.0	10205.0	3732.0	12130.0	22433.0	11995.0	13895.0	9375.0	874.0	6632.0	1131833.0	1500592.047643
sub-012S4643	2674.0	4927.0	3517.0	2148.0	8191.0	10557.0	10540.0	2512.0	11728.0	7361.0	5452.0	4096.0	11296.0	2167.0	4180.0	3849.0	1733.0	4288.0	1297.0	10314.0	3271.0	11860.0	8966.0	2387.0	8999.0	19872.0	8147.0	13790.0	8755.0	686.0	6453.0	985283.0	1513785.948144
sub-013S4579	2534.0	4962.0	4252.0	1740.0	7762.0	7879.0	10444.0	2495.0	10791.0	7468.0	6456.0	3886.0	9258.0	2213.0	4071.0	3167.0	1755.0	3962.0	2261.0	9484.0	3388.0	12522.0	7872.0	2742.0	9031.0	21252.0	7998.0	11990.0	9411.0	847.0	6152.0	885886.0	1441982.438839
sub-013S4580	2178.0	4750.0	3400.0	1656.0	7551.0	9898.0	8722.0	2482.0	11926.0	5973.0	5963.0	3351.0	10248.0	2121.0	3381.0	2831.0	1719.0	2636.0	2012.0	8685.0	2699.0	10021.0	7223.0	2702.0	8211.0	19273.0	7741.0	14084.0	7663.0	864.0	4972.0	957136.0	1368992.959255
sub-013S4616	2863.0	6726.0	3539.0	1808.0	7318.0	11723.0	8736.0	2483.0	10347.0	7563.0	5483.0	4647.0	10800.0	1886.0	4435.0	3515.0	2045.0	3203.0	2310.0	10315.0	2976.0	11143.0	8407.0	3092.0	9124.0	20026.0	9449.0	14238.0	9690.0	845.0	5451.0	1031889.0	1835733.260113
sub-013S4731	1715.0	4908.0	2456.0	902.0	6870.0	9587.0	8669.0	1993.0	8542.0	6522.0	4138.0	3435.0	10114.0	1404.0	2933.0	2983.0	1708.0	2982.0	1085.0	8819.0	2801.0	10175.0	7291.0	2504.0	7895.0	17619.0	7550.0	13038.0	8405.0	819.0	4717.0	902209.0	1432389.810952
sub-014S0519	2495.0	5488.0	4705.0	2331.0	7718.0	10690.0	9533.0	2568.0	11726.0	8141.0	6361.0	4284.0	11924.0	2462.0	3836.0	2724.0	1977.0	2744.0	2089.0	8784.0	2482.0	8919.0	9811.0	3252.0	9744.0	19086.0	9604.0	14620.0	10079.0	866.0	5800.0	1015746.0	1534372.101223
sub-014S0520	3173.0	6013.0	3432.0	1587.0	7892.0	8255.0	9813.0	2221.0	9309.0	7971.0	6226.0	3700.0	10933.0	2025.0	3253.0	4149.0	1888.0	3963.0	1578.0	9749.0	3085.0	9810.0	7413.0	2888.0	8489.0	18917.0	7778.0	13319.0	9198.0	733.0	6286.0	1095798.0	1526919.965463
sub-014S0548	2581.0	4342.0	3513.0	1716.0	6429.0	7319.0	7663.0	2084.0	11038.0	6300.0	6619.0	3163.0	9343.0	1886.0	2966.0	3210.0	1351.0	2758.0	1712.0	8254.0	2654.0	9894.0	6694.0	3112.0	7587.0	17397.0	7519.0	12953.0	7606.0	1236.0	5039.0	1009163.0	1551078.622055
sub-014S4080	2245.0	6864.0	2960.0	1353.0	6991.0	9158.0	8952.0	1992.0	9830.0	7129.0	5749.0	4369.0	10112.0	1970.0	3391.0	3267.0	1430.0	3357.0	1077.0	8633.0	2892.0	9968.0	6932.0	3401.0	9701.0	20137.0	8072.0	12898.0	8670.0	829.0	5558.0	910854.0	1391923.16458
sub-014S4093	3132.0	4925.0	3936.0	2405.0	8656.0	12452.0	11243.0	1586.0	11845.0	7518.0	5735.0	4490.0	11777.0	1971.0	4008.0	4839.0	1781.0	4564.0	1874.0	9647.0	2424.0	11859.0	11576.0	3420.0	11772.0	21631.0	11796.0	14332.0	8419.0	878.0	6002.0	1072590.0	1704672.333204
sub-014S4401	2732.0	6041.0	5213.0	1786.0	7750.0	11798.0	11712.0	2376.0	13840.0	8850.0	7554.0	3918.0	15362.0	2160.0	3902.0	3423.0	2134.0	3070.0	2846.0	9592.0	3534.0	13387.0	8455.0	2790.0	12543.0	19342.0	7382.0	16669.0	7889.0	902.0	5876.0	1075572.0	1470561.153388
sub-014S4576	1977.0	6390.0	2742.0	1565.0	7085.0	10419.0	8319.0	2197.0	9016.0	7298.0	5016.0	3799.0	11346.0	2262.0	3803.0	3625.0	2129.0	3305.0	1534.0	8738.0	2727.0	11685.0	6610.0	3149.0	9012.0	18628.0	7617.0	15273.0	9161.0	983.0	5552.0	902283.0	1222097.95918
sub-014S4577	2120.0	4852.0	3148.0	1256.0	6718.0	9587.0	9042.0	2838.0	8090.0	7682.0	6562.0	4290.0	10765.0	1335.0	3353.0	3687.0	1780.0	3765.0	1895.0	9118.0	3111.0	9984.0	7611.0	3483.0	10233.0	20688.0	8746.0	12478.0	10438.0	981.0	5776.0	979468.0	1457798.214596
sub-016S0359	1650.0	4209.0	2831.0	1511.0	5658.0	8840.0	8092.0	1831.0	7727.0	6203.0	4161.0	3627.0	9555.0	1674.0	3002.0	3158.0	1559.0	2644.0	1326.0	7110.0	2534.0	9716.0	6090.0	2348.0	7149.0	15983.0	6329.0	12219.0	5898.0	880.0	4686.0	779559.0	1204786.766552
sub-016S4097	1924.0	4370.0	3382.0	1663.0	6265.0	10558.0	9383.0	1651.0	12122.0	7100.0	5049.0	4033.0	12221.0	2032.0	2926.0	4173.0	1798.0	3519.0	1621.0	7978.0	2117.0	10254.0	7653.0	2174.0	7113.0	17965.0	7846.0	17275.0	10366.0	847.0	4853.0	947514.0	1200206.93281
sub-016S4121	2717.0	5370.0	3416.0	1781.0	8044.0	9656.0	9002.0	2201.0	10457.0	8238.0	5382.0	3813.0	10478.0	1921.0	2914.0	3158.0	1663.0	2889.0	1388.0	8874.0	2673.0	10302.0	7628.0	2769.0	9517.0	17679.0	7766.0	13368.0	8683.0	681.0	5224.0	918187.0	1416440.25552
sub-016S4638	2426.0	5913.0	3688.0	1321.0	8286.0	11397.0	9757.0	2714.0	11479.0	9167.0	6404.0	3868.0	14708.0	1940.0	3587.0	4286.0	1825.0	4568.0	1955.0	10048.0	2701.0	12598.0	8197.0	3018.0	8978.0	20185.0	7370.0	16731.0	9305.0	1422.0	5810.0	1111526.0	1522101.871414
sub-016S4688	2443.0	5143.0	3011.0	1525.0	6494.0	9695.0	12010.0	2537.0	8452.0	7224.0	4809.0	4109.0	12206.0	1710.0	3256.0	3167.0	1571.0	3540.0	1861.0	8522.0	3144.0	12333.0	7269.0	3247.0	7657.0	17907.0	8181.0	14926.0	8806.0	851.0	5847.0	912553.0	1274897.505263
sub-016S4951	2174.0	5113.0	3329.0	2026.0	7228.0	8165.0	12718.0	2052.0	10031.0	7590.0	6157.0	4155.0	12553.0	2406.0	3351.0	4086.0	1815.0	3848.0	1617.0	8862.0	2654.0	10432.0	6567.0	3162.0	8541.0	18916.0	7176.0	14908.0	7521.0	880.0	5886.0	974685.0	1381934.595104
sub-016S4952	2074.0	4823.0	3428.0	1920.0	6242.0	8326.0	10181.0	1967.0	11288.0	7191.0	5133.0	3269.0	11695.0	1874.0	2900.0	2679.0	1676.0	2254.0	2049.0	9451.0	2687.0	12413.0	6949.0	2420.0	7157.0	20254.0	7402.0	14005.0	8231.0	836.0	5060.0	897906.0	1249412.930232
sub-018S0055	2591.0	6885.0	2868.0	2260.0	6880.0	9078.0	11045.0	2522.0	10021.0	8292.0	5132.0	3839.0	12262.0	2696.0	3757.0	3896.0	1994.0	3803.0	1687.0	9057.0	1995.0	11357.0	8283.0	3259.0	10381.0	21070.0	7199.0	16300.0	9046.0	1160.0	6759.0	1068819.0	1860745.580041
sub-018S4257	2678.0	6999.0	3704.0	3455.0	7907.0	10878.0	9913.0	1779.0	10787.0	8384.0	6010.0	3625.0	12303.0	2984.0	4086.0	3846.0	1671.0	3551.0	1768.0	8838.0	2552.0	13085.0	8883.0	3302.0	9569.0	21913.0	8356.0	13090.0	8965.0	766.0	4924.0	1183019.0	1825085.282837
sub-018S4349	3728.0	6810.0	4467.0	2276.0	7861.0	10553.0	11027.0	2092.0	10927.0	7630.0	6762.0	3983.0	13276.0	2058.0	5417.0	3887.0	1894.0	3343.0	1641.0	10367.0	3102.0	13279.0	7470.0	3058.0	10590.0	25381.0	9043.0	17046.0	8234.0	963.0	6046.0	1165315.0	1640216.898661
sub-018S4399	1629.0	4167.0	2783.0	1382.0	6288.0	9084.0	11043.0	2672.0	10603.0	7053.0	5150.0	3324.0	12255.0	1625.0	2951.0	3019.0	1711.0	2454.0	1477.0	7394.0	2465.0	9280.0	7195.0	2538.0	7412.0	19144.0	7889.0	12946.0	6973.0	863.0	5788.0	924171.0	1352778.430478
sub-018S4400	2828.0	5101.0	3822.0	1473.0	7470.0	9641.0	9942.0	1964.0	10906.0	8096.0	6170.0	3937.0	11294.0	2188.0	3772.0	3232.0	1728.0	4161.0	2097.0	8973.0	3093.0	10889.0	7643.0	3075.0	10741.0	19767.0	8600.0	16122.0	9646.0	1038.0	5824.0	979402.0	1484060.559027
sub-019S4367	2588.0	6032.0	2618.0	1573.0	7521.0	9011.0	10442.0	2159.0	10524.0	6849.0	5775.0	3585.0	10097.0	2061.0	3317.0	3403.0	1741.0	4104.0	1354.0	7018.0	2799.0	8212.0	6946.0	3106.0	7934.0	19515.0	8446.0	12115.0	6582.0	699.0	6031.0	1065435.0	1404780.76974
sub-019S4835	3450.0	5846.0	4786.0	2174.0	8026.0	9767.0	12867.0	2281.0	10419.0	8131.0	6458.0	4958.0	14555.0	2679.0	4074.0	3958.0	1814.0	3448.0	2270.0	12048.0	3098.0	14227.0	7640.0	3157.0	9625.0	22554.0	8204.0	16228.0	9158.0	892.0	5964.0	1136765.0	1688211.338736
sub-020S1288	3200.0	7290.0	3269.0	2277.0	9627.0	9778.0	13579.0	2205.0	11798.0	8791.0	6174.0	4917.0	13967.0	2523.0	4270.0	3731.0	2015.0	3675.0	1671.0	11448.0	3735.0	14097.0	8557.0	3513.0	9826.0	24607.0	8653.0	17012.0	10002.0	1332.0	6054.0	1193318.0	1686357.566228
sub-021S0159	1756.0	4933.0	3404.0	1798.0	6166.0	8969.0	8404.0	1976.0	10662.0	6655.0	5350.0	3336.0	8347.0	2122.0	3435.0	3404.0	1679.0	3436.0	1609.0	8941.0	2101.0	10112.0	6239.0	2680.0	7163.0	15942.0	7257.0	13235.0	7935.0	848.0	4959.0	865254.0	1245772.285429
sub-021S0337	2709.0	5853.0	3147.0	1674.0	6262.0	10271.0	11329.0	2156.0	9853.0	8103.0	4868.0	5083.0	12122.0	1581.0	4909.0	4073.0	1898.0	3692.0	1704.0	8381.0	3186.0	9945.0	7787.0	3165.0	10667.0	20896.0	9431.0	15811.0	10541.0	1088.0	6873.0	970742.0	1733726.461237
sub-021S4254	2211.0	4327.0	3239.0	1735.0	6518.0	7820.0	7678.0	2109.0	8993.0	6362.0	5456.0	3356.0	8228.0	2002.0	3707.0	3823.0	1576.0	3702.0	1888.0	6922.0	2711.0	9633.0	7099.0	2454.0	8703.0	17447.0	7255.0	12624.0	7297.0	631.0	5648.0	813098.0	1226951.352632
sub-021S4276	2197.0	4648.0	2694.0	1127.0	7034.0	8638.0	8666.0	2026.0	10307.0	7741.0	5402.0	4039.0	9096.0	2196.0	4073.0	3098.0	1699.0	3652.0	1514.0	9333.0	2647.0	11647.0	7206.0	3116.0	9594.0	21134.0	8600.0	13280.0	8487.0	871.0	5812.0	958061.0	1419124.800091
sub-021S4335	2959.0	5133.0	3968.0	1713.0	8727.0	9940.0	9559.0	2362.0	11454.0	8422.0	6071.0	3902.0	11677.0	2118.0	3704.0	4199.0	1689.0	3585.0	2031.0	9568.0	3160.0	12920.0	8625.0	3482.0	9437.0	21403.0	9431.0	14329.0	7951.0	964.0	5337.0	1002117.0	1363286.127158
sub-021S4421	2826.0	5605.0	4052.0	2169.0	9687.0	9924.0	11176.0	2286.0	11002.0	10199.0	6414.0	4499.0	11343.0	2374.0	4716.0	4430.0	2302.0	4164.0	2236.0	11275.0	3218.0	15934.0	9450.0	3706.0	10778.0	24398.0	11793.0	17538.0	11580.0	1295.0	5922.0	1122552.0	1559761.67399
sub-021S4558	2013.0	5254.0	3688.0	1425.0	6603.0	10322.0	9905.0	2097.0	10245.0	7623.0	5080.0	3341.0	10514.0	2042.0	3653.0	3393.0	1625.0	3656.0	1842.0	8100.0	3288.0	11118.0	6655.0	2645.0	10388.0	21742.0	7402.0	14908.0	7344.0	964.0	4823.0	984985.0	1335947.604272
sub-022S0096	2040.0	5774.0	3148.0	1796.0	8130.0	13520.0	10222.0	2243.0	10809.0	7761.0	5201.0	4098.0	12687.0	1655.0	3573.0	3657.0	1756.0	3470.0	1313.0	9999.0	2443.0	11239.0	8551.0	2985.0	9570.0	20397.0	8567.0	15465.0	8146.0	745.0	5583.0	1046938.0	1865691.684976
sub-022S0130	2915.0	5365.0	3853.0	1869.0	7099.0	11827.0	10616.0	2432.0	9421.0	8517.0	5684.0	4935.0	15353.0	1600.0	4710.0	3564.0	2334.0	4372.0	1856.0	12983.0	2685.0	13195.0	8636.0	2965.0	10110.0	21775.0	9965.0	17076.0	9938.0	987.0	6011.0	1193738.0	1818840.642255
sub-022S4173	2573.0	4019.0	3809.0	1133.0	7593.0	8891.0	9276.0	1894.0	11216.0	6429.0	4552.0	3648.0	11297.0	1727.0	3717.0	3431.0	1820.0	3464.0	1770.0	9561.0	2993.0	11495.0	8737.0	2725.0	8265.0	18657.0	8154.0	12848.0	8735.0	985.0	4698.0	902879.0	1306038.558225
sub-022S4196	2979.0	5027.0	3167.0	1707.0	6546.0	11770.0	12078.0	2432.0	10526.0	8952.0	4874.0	4539.0	13350.0	2323.0	3795.0	4119.0	2090.0	4355.0	1848.0	8957.0	2749.0	12666.0	8902.0	2915.0	10555.0	22284.0	9721.0	16818.0	10361.0	1028.0	6321.0	1027833.0	2394498.271875
sub-022S4266	2475.0	5745.0	4253.0	1709.0	6749.0	11795.0	9976.0	2545.0	11641.0	7152.0	7109.0	3598.0	11361.0	1933.0	3961.0	4028.0	1988.0	4079.0	2875.0	9991.0	2508.0	12597.0	7997.0	2873.0	8730.0	19223.0	8275.0	16128.0	9199.0	1516.0	5912.0	1073298.0	1505345.851411
sub-022S4291	2440.0	5260.0	4326.0	1735.0	6412.0	9865.0	9879.0	1314.0	10598.0	7062.0	5857.0	4124.0	10281.0	1970.0	4291.0	3771.0	1609.0	3350.0	1393.0	10609.0	1689.0	12783.0	8902.0	2748.0	8147.0	18306.0	9736.0	12242.0	6789.0	756.0	4917.0	895090.0	1405472.205882
sub-022S4320	2721.0	6556.0	3838.0	1768.0	6424.0	10459.0	9772.0	2506.0	9588.0	7935.0	6607.0	3715.0	12549.0	1685.0	3857.0	2937.0	2130.0	3673.0	2570.0	9734.0	2761.0	13338.0	9160.0	3545.0	10130.0	22926.0	8827.0	15072.0	10288.0	1103.0	6123.0	975691.0	1513895.892783
sub-023S0031	2468.0	5072.0	2955.0	1299.0	5342.0	8775.0	8494.0	2126.0	8179.0	6372.0	5247.0	3304.0	9567.0	1578.0	3358.0	2747.0	1310.0	2938.0	1576.0	8177.0	2752.0	11123.0	7464.0	2487.0	7027.0	18387.0	6355.0	12074.0	6377.0	629.0	5158.0	852372.0	1329445.163985
sub-023S0058	2238.0	5190.0	2947.0	1667.0	6500.0	9507.0	11834.0	1735.0	9683.0	6864.0	5572.0	3884.0	12534.0	1977.0	3511.0	3210.0	1903.0	3552.0	1543.0	9041.0	2477.0	10089.0	7129.0	1867.0	10119.0	19130.0	6800.0	16066.0	9757.0	831.0	5391.0	983619.0	1429852.034188
sub-023S0061	2094.0	5248.0	3434.0	1412.0	7023.0	9117.0	7368.0	1863.0	6564.0	7839.0	5660.0	3840.0	8459.0	1356.0	3345.0	3351.0	1429.0	3275.0	1758.0	8866.0	2417.0	9998.0	6823.0	2609.0	7811.0	18157.0	7363.0	12544.0	8050.0	766.0	5023.0	884651.0	1479244.247951
sub-023S0926	2327.0	4962.0	3114.0	1635.0	7463.0	10848.0	8669.0	2127.0	9128.0	7713.0	4999.0	4421.0	10583.0	1613.0	3478.0	4013.0	2164.0	3478.0	1638.0	9555.0	2636.0	9731.0	8644.0	2959.0	8454.0	18965.0	9036.0	12842.0	7438.0	842.0	4804.0	978251.0	1480457.697885
sub-023S1190	2363.0	4674.0	2697.0	2077.0	7974.0	6886.0	9006.0	2465.0	9575.0	7467.0	5890.0	3415.0	10089.0	2257.0	2824.0	3409.0	1544.0	3232.0	1744.0	7032.0	3086.0	8661.0	7154.0	2814.0	9870.0	20339.0	6662.0	14284.0	7994.0	1100.0	5749.0	897862.0	1426927.285231
sub-023S4020	2339.0	5953.0	3710.0	1915.0	8941.0	11913.0	12974.0	2380.0	12214.0	8303.0	6434.0	4195.0	15449.0	1913.0	3310.0	4378.0	2093.0	4199.0	1939.0	8584.0	3154.0	10869.0	8352.0	2716.0	10666.0	21721.0	7966.0	16037.0	8431.0	956.0	7628.0	1130941.0	1617752.58253
sub-023S4164	2271.0	6140.0	4669.0	1400.0	7907.0	11235.0	12004.0	2287.0	11920.0	7880.0	7942.0	3698.0	12691.0	2004.0	4091.0	4157.0	2158.0	4079.0	1851.0	10754.0	2921.0	12120.0	6972.0	3231.0	9754.0	18983.0	9437.0	15075.0	9726.0	930.0	6026.0	1074326.0	1686602.620685
sub-023S4448	2564.0	5063.0	4418.0	1554.0	7831.0	11097.0	11576.0	2602.0	13804.0	8201.0	6897.0	3907.0	14195.0	2119.0	3975.0	4992.0	2057.0	4188.0	2031.0	10368.0	3474.0	12775.0	9363.0	2634.0	8413.0	21570.0	10875.0	15409.0	9511.0	1134.0	5812.0	1027146.0	1412208.270176
sub-024S0985	1353.0	4291.0	3254.0	1394.0	6653.0	8335.0	8272.0	1762.0	8736.0	5797.0	4286.0	3018.0	8899.0	1734.0	2754.0	2602.0	1298.0	2647.0	1541.0	7384.0	1892.0	9574.0	6122.0	2413.0	6802.0	15587.0	6864.0	11737.0	6046.0	636.0	4639.0	764176.0	1331963.616711
sub-024S4084	3154.0	6690.0	3384.0	1922.0	8061.0	10686.0	10051.0	2795.0	11365.0	7712.0	5386.0	4510.0	13726.0	2234.0	3751.0	3978.0	2169.0	4011.0	1583.0	10158.0	3367.0	12643.0	9167.0	3504.0	9252.0	20094.0	9940.0	14500.0	11264.0	1362.0	6368.0	1054847.0	1473387.09007
sub-024S4158	2550.0	4133.0	2974.0	1810.0	6775.0	8410.0	9249.0	2220.0	8956.0	6519.0	5226.0	3690.0	9708.0	1899.0	3161.0	2964.0	1441.0	3166.0	1375.0	7136.0	3174.0	11242.0	6932.0	2719.0	8099.0	18029.0	6302.0	13682.0	7007.0	928.0	4833.0	888200.0	1445341.188842
sub-027S0074	2004.0	5923.0	3576.0	1668.0	6614.0	10957.0	10532.0	2209.0	11666.0	7809.0	5847.0	3855.0	10839.0	1753.0	3832.0	3105.0	1967.0	3401.0	1765.0	7967.0	2856.0	12568.0	9296.0	3036.0	9960.0	19895.0	9387.0	15825.0	9338.0	1017.0	5881.0	965883.0	1606683.180919
sub-027S0120	2451.0	5365.0	3488.0	2070.0	6980.0	10333.0	11220.0	1983.0	11452.0	7575.0	5107.0	4651.0	12848.0	1715.0	3099.0	3775.0	2015.0	3828.0	1843.0	9485.0	2559.0	12486.0	7317.0	3277.0	9447.0	17993.0	8175.0	15288.0	7309.0	867.0	5108.0	1051241.0	1537996.243965
sub-029S0824	2617.0	5899.0	4645.0	1600.0	7921.0	10008.0	8631.0	1922.0	10649.0	8137.0	5988.0	4413.0	9232.0	2215.0	3427.0	3818.0	2179.0	4178.0	2148.0	9518.0	3227.0	12357.0	8612.0	3074.0	11815.0	22386.0	8385.0	13290.0	9429.0	1072.0	5267.0	934723.0	1470856.047405
sub-029S4279	2983.0	5785.0	4172.0	1582.0	7037.0	9876.0	11052.0	2534.0	11738.0	8828.0	4667.0	4432.0	10126.0	1760.0	4526.0	4197.0	2317.0	4067.0	1170.0	7352.0	3604.0	12564.0	8429.0	2814.0	9125.0	20678.0	7621.0	15292.0	7752.0	999.0	6384.0	955306.0	1473247.886144
sub-029S4290	2954.0	6640.0	5213.0	1747.0	7922.0	9633.0	10582.0	2495.0	11616.0	8380.0	7411.0	4748.0	11561.0	2024.0	3670.0	3148.0	1832.0	3391.0	2627.0	9038.0	2668.0	11758.0	8590.0	3261.0	11057.0	21208.0	9691.0	15277.0	8884.0	1275.0	6696.0	1039277.0	1629681.569519
sub-029S4384	2400.0	6347.0	4704.0	2499.0	7388.0	8017.0	11199.0	2308.0	11583.0	7989.0	5668.0	4274.0	11183.0	2539.0	4497.0	3248.0	1781.0	3551.0	1725.0	10674.0	3254.0	14916.0	8508.0	2552.0	11439.0	23849.0	7271.0	16531.0	10183.0	1317.0	5403.0	1069591.0	1461022.764941
sub-029S4385	2437.0	4298.0	3071.0	1414.0	5686.0	10068.0	9853.0	2206.0	8571.0	7719.0	4795.0	4026.0	12486.0	1863.0	3509.0	3872.0	2482.0	3485.0	1548.0	9414.0	2569.0	12879.0	6990.0	2736.0	8547.0	15666.0	8524.0	15451.0	7832.0	724.0	5687.0	903546.0	1323205.82315
sub-029S4585	3095.0	6109.0	3628.0	1798.0	6565.0	11923.0	10849.0	2051.0	11056.0	8270.0	4172.0	4533.0	13331.0	2191.0	4423.0	3762.0	1968.0	3408.0	1537.0	9459.0	3225.0	12584.0	9492.0	3992.0	8214.0	21309.0	9669.0	15479.0	8418.0	944.0	5708.0	1034952.0	1495842.569267
sub-029S4652	2997.0	5884.0	3328.0	2059.0	6734.0	8880.0	9403.0	2133.0	11218.0	7258.0	4781.0	3640.0	8653.0	2437.0	4381.0	4761.0	1767.0	3268.0	1343.0	8004.0	2914.0	12569.0	7313.0	3190.0	8273.0	21414.0	8128.0	13761.0	7835.0	1110.0	5455.0	996503.0	1602224.576237
sub-031S0618	3156.0	5954.0	3302.0	2168.0	6865.0	8356.0	11173.0	1856.0	10617.0	7970.0	4725.0	4074.0	11679.0	1911.0	2727.0	3827.0	1797.0	4105.0	1494.0	7429.0	2901.0	9429.0	7849.0	3268.0	10266.0	20935.0	8879.0	15737.0	11828.0	1083.0	5827.0	1052794.0	1457587.312761
sub-031S4021	2030.0	5079.0	4209.0	2056.0	7983.0	9306.0	11949.0	1617.0	9892.0	6772.0	6550.0	3607.0	12504.0	1987.0	4136.0	3433.0	1712.0	3655.0	1910.0	8261.0	2284.0	12013.0	7366.0	3404.0	9161.0	19740.0	8346.0	15317.0	7879.0	791.0	5397.0	1037869.0	1645923.380834
sub-031S4032	2460.0	3839.0	3217.0	1100.0	6222.0	10090.0	9965.0	2676.0	8776.0	6766.0	5966.0	3174.0	10502.0	1550.0	2922.0	3544.0	1834.0	3156.0	1746.0	7797.0	2656.0	9757.0	7418.0	2025.0	7901.0	18826.0	7468.0	11320.0	7342.0	777.0	4740.0	880979.0	1069381.348114
sub-031S4218	2960.0	6455.0	3891.0	2180.0	9843.0	12873.0	11544.0	2168.0	13309.0	8321.0	7027.0	3663.0	13092.0	1937.0	3886.0	3075.0	1912.0	3504.0	2004.0	11594.0	3208.0	13845.0	10315.0	3519.0	9460.0	21089.0	9682.0	15193.0	9356.0	922.0	6091.0	1058542.0	1684670.921817
sub-031S4474	3327.0	5995.0	3727.0	1456.0	5831.0	7345.0	8825.0	2522.0	8716.0	7895.0	5459.0	4055.0	10539.0	1395.0	3915.0	3591.0	1737.0	3885.0	1531.0	8483.0	2978.0	11072.0	8488.0	3698.0	10420.0	23821.0	9036.0	14853.0	10839.0	1085.0	6082.0	1030673.0	1769607.560528
sub-031S4496	2370.0	5768.0	3177.0	1462.0	6199.0	8962.0	9339.0	2343.0	9327.0	7256.0	4419.0	3394.0	10117.0	2399.0	3884.0	3782.0	2063.0	4827.0	1304.0	9054.0	3347.0	11754.0	8394.0	2693.0	11739.0	22689.0	9848.0	15605.0	9080.0	1241.0	6970.0	970835.0	1526209.661023
sub-032S0479	2090.0	5614.0	2994.0	1263.0	6544.0	10087.0	10182.0	2243.0	9293.0	7501.0	4926.0	3688.0	11810.0	1247.0	3101.0	3048.0	1619.0	3207.0	1650.0	6411.0	2249.0	10152.0	7552.0	2570.0	9875.0	17146.0	8099.0	12698.0	7357.0	725.0	5953.0	990126.0	1547150.622092
sub-032S0677	2403.0	6344.0	3131.0	1958.0	8396.0	9361.0	9650.0	2687.0	11937.0	7848.0	6493.0	4038.0	12081.0	2371.0	3782.0	3864.0	2318.0	4115.0	1553.0	9949.0	2756.0	13335.0	9002.0	2433.0	9814.0	20993.0	10017.0	14175.0	9462.0	1337.0	6435.0	1010056.0	1528490.940716
sub-032S1169	2803.0	5645.0	3254.0	855.0	6209.0	10480.0	7985.0	2074.0	10674.0	8009.0	6471.0	4008.0	11478.0	1567.0	4050.0	4452.0	2218.0	3843.0	1944.0	9637.0	3032.0	12121.0	7281.0	3107.0	10479.0	21297.0	7774.0	12393.0	8321.0	832.0	5637.0	933539.0	1561276.878402
sub-032S4277	2261.0	3781.0	3139.0	966.0	7690.0	9043.0	8785.0	1868.0	8916.0	6332.0	5927.0	3431.0	10455.0	1452.0	3630.0	3191.0	1792.0	3344.0	1575.0	8555.0	2896.0	10972.0	7896.0	2442.0	7991.0	18307.0	8879.0	11233.0	7543.0	901.0	4619.0	902223.0	1274512.512789
sub-032S4304	2405.0	4923.0	3610.0	2498.0	7326.0	10306.0	9519.0	2367.0	10338.0	6912.0	6262.0	4040.0	11057.0	1862.0	3858.0	3773.0	1549.0	3124.0	1927.0	9401.0	3119.0	10878.0	6895.0	2363.0	9056.0	19449.0	9240.0	13885.0	8938.0	867.0	5837.0	978837.0	1526609.580507
sub-032S4348	2101.0	3795.0	2748.0	1258.0	6111.0	8392.0	7573.0	1936.0	9098.0	6065.0	5175.0	3162.0	10269.0	1796.0	3239.0	3338.0	1456.0	3175.0	1295.0	8227.0	2381.0	9968.0	7936.0	2047.0	6907.0	18444.0	7707.0	14132.0	7980.0	840.0	4556.0	882803.0	1293885.870067
sub-032S4386	2347.0	6376.0	3927.0	1806.0	7204.0	10292.0	9854.0	1879.0	10869.0	8231.0	6222.0	3420.0	12634.0	1450.0	3380.0	3388.0	1837.0	3170.0	2257.0	8381.0	3500.0	11729.0	8354.0	3061.0	8149.0	18909.0	8271.0	14439.0	8588.0	851.0	5823.0	919554.0	1386114.843536
sub-032S4429	3838.0	6392.0	4149.0	2042.0	8688.0	12138.0	12075.0	2402.0	11512.0	8183.0	6676.0	4192.0	13958.0	1795.0	3990.0	4889.0	2011.0	4023.0	1988.0	10343.0	4579.0	11635.0	9628.0	3462.0	10294.0	22081.0	8911.0	16413.0	9464.0	1251.0	6736.0	1068893.0	1614706.866069
sub-032S4921	3313.0	6316.0	4224.0	1665.0	6567.0	8806.0	9715.0	2238.0	10258.0	8316.0	5756.0	4680.0	12073.0	2520.0	4302.0	4270.0	1770.0	4948.0	2483.0	9888.0	3277.0	12657.0	7703.0	3736.0	11896.0	22928.0	8962.0	17720.0	8178.0	1262.0	6246.0	1133830.0	1721022.937334
sub-033S0734	1987.0	6162.0	3427.0	2435.0	5914.0	8889.0	12758.0	1897.0	9586.0	7343.0	5130.0	3685.0	11204.0	2213.0	3450.0	2734.0	1757.0	2599.0	1629.0	9776.0	2385.0	12206.0	8159.0	2712.0	8601.0	19705.0	8894.0	13162.0	8977.0	672.0	4618.0	1024865.0	1579572.255923
sub-033S0741	2300.0	7258.0	3020.0	939.0	6048.0	8812.0	8409.0	2266.0	9149.0	7861.0	4681.0	3691.0	9765.0	1972.0	3555.0	3123.0	1644.0	2920.0	2212.0	8520.0	2770.0	10423.0	7767.0	2613.0	8659.0	19222.0	9306.0	12146.0	7891.0	840.0	4539.0	972685.0	1493875.144498
sub-033S0920	1687.0	4638.0	2507.0	1081.0	6277.0	8264.0	8618.0	1904.0	9129.0	6592.0	4934.0	3121.0	8378.0	1597.0	2896.0	2585.0	1792.0	2452.0	1960.0	8311.0	2300.0	8983.0	6404.0	2563.0	7989.0	17088.0	6752.0	11452.0	6420.0	770.0	4563.0	815946.0	1384241.903544
sub-033S0923	1625.0	3466.0	3185.0	2444.0	7950.0	9339.0	11133.0	2742.0	10634.0	7284.0	5021.0	4200.0	12516.0	2311.0	3623.0	3124.0	1710.0	2461.0	1189.0	8994.0	2521.0	10548.0	7251.0	3096.0	4732.0	12976.0	5737.0	13850.0	6284.0	1047.0	6061.0	943450.0	1507713.409069
sub-033S1016	1975.0	4376.0	2961.0	1748.0	5967.0	9128.0	10268.0	2083.0	9353.0	7271.0	4807.0	3914.0	10293.0	2081.0	3188.0	3600.0	1658.0	2609.0	1335.0	7269.0	2471.0	10660.0	6501.0	2879.0	7645.0	17553.0	8332.0	14526.0	10222.0	759.0	4884.0	975104.0	1346424.173932
sub-033S1098	2387.0	4164.0	2995.0	1521.0	6106.0	7475.0	7743.0	1972.0	8918.0	6379.0	5263.0	3266.0	9395.0	1769.0	3003.0	2558.0	1578.0	2433.0	1286.0	9078.0	2830.0	11759.0	6149.0	2706.0	8152.0	18035.0	6721.0	12820.0	8314.0	1143.0	5277.0	826712.0	1184105.295781
sub-033S4176	2932.0	6087.0	3985.0	2281.0	7616.0	10251.0	10459.0	2255.0	10590.0	8137.0	6622.0	4386.0	11685.0	1678.0	4177.0	4293.0	1980.0	3884.0	2561.0	10122.0	2970.0	12283.0	8456.0	3216.0	9972.0	21552.0	9724.0	15555.0	8906.0	1069.0	6323.0	1075212.0	1686863.417342
sub-033S4177	3140.0	4764.0	4102.0	2110.0	7669.0	12441.0	11778.0	3133.0	12366.0	9220.0	7169.0	4544.0	12770.0	1898.0	3904.0	3360.0	2097.0	4101.0	2367.0	9447.0	3216.0	10978.0	9815.0	3922.0	12758.0	22433.0	8102.0	15978.0	9245.0	1032.0	6401.0	1104119.0	1732747.022062
sub-033S4179	2801.0	6780.0	4782.0	2169.0	9613.0	11258.0	12395.0	2523.0	12879.0	9053.0	7653.0	4159.0	13456.0	2276.0	5342.0	5437.0	1967.0	4609.0	1786.0	11960.0	3971.0	13914.0	9058.0	4401.0	11962.0	24669.0	11016.0	15107.0	10342.0	945.0	6683.0	1131945.0	1748549.249966
sub-033S4505	2491.0	4410.0	2964.0	1556.0	6132.0	9521.0	8787.0	1795.0	9042.0	6546.0	6081.0	3221.0	10133.0	1564.0	3276.0	3336.0	1737.0	3787.0	1924.0	9182.0	3144.0	9980.0	7771.0	2688.0	8149.0	20472.0	8101.0	12166.0	6086.0	775.0	5174.0	846083.0	1408363.70729
sub-033S4508	2606.0	6586.0	3016.0	1707.0	7856.0	11637.0	10955.0	2446.0	10435.0	7483.0	5404.0	3634.0	12390.0	2188.0	3405.0	2930.0	1813.0	3424.0	1559.0	9167.0	2742.0	11626.0	7950.0	3125.0	8530.0	20512.0	9208.0	13884.0	8363.0	864.0	5649.0	981959.0	1484636.260151
sub-035S0156	2494.0	4393.0	5238.0	1090.0	6719.0	11242.0	7713.0	2387.0	12303.0	7177.0	6098.0	3904.0	10629.0	1507.0	3483.0	3600.0	1781.0	4404.0	2029.0	8717.0	2779.0	10156.0	8320.0	2993.0	8659.0	19933.0	7027.0	14528.0	8358.0	1361.0	5501.0	981862.0	1597232.044265
sub-035S0555	2546.0	6903.0	4565.0	1870.0	8398.0	11552.0	13885.0	2623.0	12978.0	8396.0	7248.0	4124.0	13092.0	2115.0	3966.0	3665.0	2241.0	3931.0	2276.0	8950.0	2379.0	12664.0	7894.0	4221.0	10617.0	20053.0	9521.0	15468.0	9668.0	1022.0	6640.0	1103615.0	1797852.000764
sub-035S4082	3061.0	7036.0	4062.0	3416.0	7748.0	12178.0	10951.0	3003.0	12406.0	7998.0	6650.0	4190.0	13375.0	2789.0	4955.0	5046.0	2059.0	4768.0	1911.0	11635.0	2971.0	13519.0	12675.0	3626.0	11669.0	22196.0	10865.0	18643.0	10614.0	1135.0	7353.0	1252418.0	1912235.938355
sub-035S4464	3213.0	5288.0	4363.0	2053.0	9114.0	11122.0	12160.0	2952.0	10889.0	9314.0	5116.0	5060.0	15980.0	2149.0	4468.0	5798.0	2445.0	4823.0	2079.0	11690.0	3467.0	12715.0	9929.0	3323.0	12011.0	21869.0	9421.0	16640.0	11460.0	1092.0	6253.0	1052696.0	1579643.559775
sub-036S1023	2044.0	5359.0	2918.0	2043.0	6620.0	7719.0	9113.0	2041.0	8638.0	6069.0	4758.0	2953.0	8860.0	2146.0	3239.0	2818.0	1581.0	3023.0	1734.0	7879.0	2603.0	9903.0	7092.0	1841.0	7392.0	16912.0	8304.0	11599.0	7170.0	697.0	4701.0	885513.0	1348046.193222
sub-036S4389	3083.0	6210.0	4924.0	2304.0	10280.0	12900.0	12336.0	3005.0	11954.0	10082.0	7611.0	5319.0	12335.0	2739.0	4333.0	3542.0	2234.0	3687.0	2856.0	11886.0	3367.0	11813.0	10838.0	3979.0	11984.0	23039.0	10585.0	19191.0	12586.0	1383.0	7346.0	1179385.0	1753629.271998
sub-036S4491	2782.0	5487.0	3044.0	2084.0	7463.0	9846.0	10047.0	2388.0	8844.0	7956.0	5894.0	3731.0	10709.0	2350.0	3755.0	3881.0	1908.0	4449.0	1498.0	10505.0	3145.0	12585.0	8968.0	3482.0	9307.0	18933.0	9442.0	12544.0	9407.0	946.0	5530.0	930234.0	1523912.727469
sub-036S4878	2726.0	4950.0	3289.0	1728.0	7572.0	8810.0	10787.0	2042.0	8735.0	6685.0	5167.0	3561.0	10772.0	2010.0	3157.0	3150.0	1506.0	3137.0	1414.0	7088.0	2809.0	9155.0	7055.0	2874.0	8060.0	17532.0	7917.0	17121.0	8514.0	939.0	5199.0	879157.0	1276010.437744
sub-037S0303	2473.0	4378.0	3807.0	1740.0	8072.0	10912.0	11121.0	2873.0	11699.0	8246.0	5440.0	4339.0	10337.0	1956.0	3324.0	3493.0	2151.0	3415.0	2042.0	10466.0	3121.0	10537.0	8865.0	3436.0	9412.0	21543.0	8612.0	15852.0	9542.0	1271.0	6397.0	921436.0	1481218.005028
sub-037S0454	2287.0	5373.0	3338.0	1981.0	6860.0	9548.0	8081.0	2400.0	10565.0	7497.0	6295.0	3931.0	9092.0	1600.0	3493.0	3818.0	1969.0	3751.0	2225.0	9754.0	2896.0	11361.0	7337.0	3171.0	7565.0	19062.0	8639.0	11284.0	7350.0	1029.0	5786.0	935356.0	1437657.644648
sub-037S0467	1953.0	6356.0	4673.0	1066.0	6795.0	10145.0	8763.0	2451.0	10256.0	6921.0	7659.0	4019.0	9629.0	1923.0	3519.0	3455.0	1579.0	3410.0	2375.0	10220.0	2232.0	11900.0	9056.0	2687.0	10510.0	18655.0	10126.0	15207.0	8156.0	977.0	5451.0	961726.0	1543469.702011
sub-037S4028	1939.0	4365.0	4219.0	1117.0	7020.0	8525.0	9139.0	2161.0	11285.0	7588.0	7023.0	3658.0	10777.0	1714.0	3679.0	3390.0	1597.0	3424.0	2011.0	8150.0	2607.0	13115.0	7511.0	2725.0	7271.0	20547.0	9369.0	14652.0	7400.0	1276.0	4788.0	961021.0	1287136.959764
sub-037S4071	2666.0	5176.0	3301.0	2153.0	6491.0	11136.0	10786.0	2061.0	10588.0	8418.0	6367.0	4328.0	12291.0	2849.0	3762.0	3855.0	1945.0	3503.0	2457.0	7214.0	2879.0	10929.0	8860.0	3401.0	9519.0	18106.0	8494.0	14993.0	10800.0	1281.0	6312.0	1081563.0	1666989.101814
sub-037S4308	2844.0	6631.0	3709.0	2199.0	8976.0	9643.0	12076.0	2796.0	10801.0	9602.0	6373.0	4314.0	10520.0	2451.0	5013.0	3734.0	2298.0	4108.0	1549.0	10057.0	2663.0	14629.0	9766.0	3918.0	9619.0	23275.0	10051.0	17211.0	13443.0	1404.0	5809.0	1057861.0	1730173.741198
sub-037S4410	1953.0	5600.0	3216.0	1071.0	7229.0	8731.0	8415.0	2157.0	8592.0	6760.0	5211.0	3319.0	10745.0	1816.0	3946.0	3610.0	1635.0	3312.0	1582.0	9343.0	2656.0	12693.0	8403.0	2434.0	8384.0	20465.0	8898.0	13316.0	8999.0	1156.0	4712.0	940815.0	1325921.065453
sub-041S4014	2944.0	5439.0	4323.0	1543.0	9579.0	12362.0	11131.0	2915.0	13745.0	9204.0	5937.0	4984.0	14143.0	1710.0	4218.0	4033.0	2469.0	5038.0	1802.0	9824.0	3387.0	12682.0	10064.0	3756.0	12433.0	24754.0	8378.0	17565.0	10695.0	1089.0	7954.0	1077521.0	1796166.627148
sub-041S4037	3091.0	6757.0	3288.0	1660.0	8743.0	13603.0	9063.0	2584.0	11517.0	8109.0	6105.0	4298.0	11210.0	3022.0	4307.0	3847.0	1990.0	3317.0	2011.0	11001.0	3602.0	12026.0	8218.0	3832.0	9755.0	21544.0	10477.0	15816.0	9363.0	1180.0	6457.0	1115838.0	1721186.437662
sub-041S4041	1603.0	5119.0	3081.0	1438.0	6059.0	9348.0	9059.0	1781.0	10127.0	6331.0	5125.0	3354.0	9737.0	1799.0	2931.0	3086.0	1213.0	3250.0	1730.0	7689.0	2318.0	10081.0	7431.0	2018.0	7999.0	17572.0	8859.0	11310.0	6887.0	890.0	5175.0	777237.0	1201667.548555
sub-041S4060	2348.0	6079.0	4117.0	2442.0	6527.0	12889.0	12143.0	2416.0	9710.0	6940.0	5579.0	4464.0	11355.0	2224.0	4173.0	3851.0	1872.0	3752.0	1937.0	9661.0	3377.0	11958.0	8646.0	3110.0	8663.0	19044.0	10471.0	15408.0	9999.0	970.0	5772.0	1052134.0	1631735.301404
sub-041S4083	2385.0	6423.0	3053.0	2092.0	8096.0	8972.0	10109.0	2390.0	9606.0	7859.0	6348.0	4038.0	10403.0	1878.0	3853.0	3002.0	1799.0	3329.0	1765.0	10050.0	2975.0	12477.0	8628.0	2507.0	9052.0	18281.0	10181.0	12577.0	10403.0	909.0	5946.0	1040905.0	1677110.366135
sub-041S4200	3280.0	4817.0	4025.0	1781.0	7066.0	10482.0	10935.0	2772.0	11741.0	7723.0	6285.0	3694.0	12911.0	1638.0	3977.0	4118.0	1972.0	3849.0	2265.0	9799.0	3465.0	10630.0	8528.0	3573.0	9568.0	21520.0	10158.0	14620.0	8755.0	995.0	5444.0	1014730.0	1498221.236319
sub-041S4427	2531.0	6522.0	4190.0	2111.0	8607.0	11033.0	12175.0	2943.0	14716.0	8300.0	7277.0	4477.0	12143.0	2500.0	3729.0	3603.0	2071.0	4814.0	2497.0	9556.0	3102.0	12033.0	9775.0	3148.0	11686.0	23619.0	8961.0	17487.0	11004.0	1281.0	6061.0	1182844.0	1753480.622528
sub-041S4509	2344.0	4852.0	3383.0	1857.0	7064.0	10378.0	8690.0	2734.0	7954.0	6771.0	6247.0	3799.0	9929.0	2025.0	3253.0	3109.0	1628.0	3507.0	2032.0	8101.0	2781.0	11221.0	8456.0	2459.0	8209.0	17760.0	8460.0	13680.0	8932.0	861.0	5039.0	932175.0	1384908.452117
sub-051S1123	2479.0	5301.0	3013.0	1121.0	4874.0	7425.0	6562.0	2368.0	8644.0	6812.0	5009.0	2864.0	6938.0	1780.0	2925.0	3732.0	1872.0	3465.0	1840.0	7379.0	2673.0	9771.0	5930.0	3012.0	7711.0	16958.0	6964.0	10614.0	6025.0	741.0	5051.0	848945.0	1393956.185082
sub-052S0951	2261.0	5779.0	3427.0	3579.0	7266.0	9139.0	9305.0	2745.0	8969.0	7913.0	6323.0	4120.0	9931.0	2693.0	3627.0	2899.0	2080.0	3696.0	1564.0	9645.0	2454.0	11123.0	7738.0	2932.0	8956.0	21809.0	7180.0	15145.0	8858.0	719.0	5717.0	1030154.0	1663979.822
sub-052S1250	754.0	1829.0	2631.0	958.0	3046.0	4608.0	4734.0	909.0	5411.0	3181.0	2010.0	1562.0	4347.0	1035.0	2377.0	1286.0	855.0	1089.0	813.0	4784.0	923.0	4115.0	4598.0	504.0	2976.0	9344.0	5492.0	5965.0	3146.0	407.0	1306.0	960542.0	1239581.035099
sub-053S4578	2526.0	6455.0	4835.0	1798.0	7530.0	11281.0	9508.0	2970.0	11023.0	8853.0	7409.0	4461.0	12784.0	2618.0	3848.0	4255.0	2574.0	4461.0	2493.0	11745.0	3342.0	13557.0	9531.0	3378.0	10508.0	23504.0	10311.0	17591.0	11721.0	1657.0	6277.0	1162496.0	1647336.989424
sub-057S0934	1824.0	6084.0	3852.0	1520.0	8028.0	10505.0	9042.0	2088.0	9764.0	6975.0	6221.0	3924.0	9928.0	2404.0	3622.0	3752.0	2000.0	3443.0	2020.0	8688.0	2662.0	13076.0	7389.0	2726.0	7944.0	18241.0	8397.0	12304.0	6636.0	637.0	5046.0	879661.0	1321735.353185
sub-067S0056	2594.0	3629.0	3384.0	1502.0	7002.0	8952.0	8162.0	1684.0	8786.0	7996.0	5117.0	3560.0	8787.0	2076.0	3653.0	3110.0	1926.0	4613.0	1895.0	8870.0	2869.0	10487.0	8233.0	2745.0	9090.0	18136.0	9069.0	14210.0	7694.0	1005.0	5256.0	887621.0	1223450.781435
sub-067S0059	2604.0	4773.0	3323.0	1656.0	5595.0	7435.0	6690.0	2107.0	9413.0	6788.0	5666.0	3790.0	8846.0	1999.0	3708.0	2998.0	1426.0	3630.0	1726.0	7477.0	2933.0	9421.0	7703.0	2678.0	7782.0	17157.0	7947.0	13261.0	8621.0	844.0	5001.0	824439.0	1219933.426277
sub-067S0257	2257.0	4821.0	2595.0	1392.0	5620.0	7676.0	8826.0	1632.0	8829.0	6359.0	4547.0	2720.0	8977.0	1492.0	3328.0	2728.0	1690.0	2678.0	1356.0	8684.0	2643.0	9492.0	5980.0	2602.0	7024.0	18426.0	6216.0	11352.0	6377.0	642.0	5020.0	791542.0	1308719.260697
sub-068S0127	2555.0	5615.0	2569.0	3068.0	6284.0	11762.0	10492.0	1918.0	8296.0	7246.0	4515.0	3928.0	10726.0	2277.0	3629.0	3421.0	2028.0	3171.0	1187.0	7565.0	2613.0	10830.0	7148.0	3674.0	9061.0	20815.0	8180.0	13028.0	8336.0	680.0	5220.0	911169.0	1488107.863495
sub-068S0210	2098.0	5357.0	3263.0	1626.0	5360.0	8581.0	8073.0	1952.0	7856.0	7060.0	6096.0	3366.0	10382.0	1872.0	3415.0	3495.0	1951.0	3737.0	1452.0	8335.0	2452.0	10197.0	7639.0	3002.0	8219.0	18702.0	8341.0	13547.0	8055.0	1010.0	5624.0	889057.0	1319890.022188
sub-068S0473	3273.0	5827.0	3786.0	3104.0	7531.0	11247.0	12676.0	2567.0	11646.0	8181.0	5392.0	4926.0	12662.0	2287.0	4516.0	4133.0	1714.0	4361.0	1916.0	9413.0	3425.0	12999.0	7820.0	3131.0	13478.0	22162.0	8489.0	14619.0	8978.0	1014.0	5757.0	1039079.0	1594956.226897
sub-068S4174	2951.0	6018.0	4073.0	1577.0	6917.0	11935.0	9069.0	2803.0	11505.0	8598.0	6752.0	4176.0	12107.0	2283.0	3863.0	4076.0	1827.0	3204.0	1621.0	10436.0	2966.0	11802.0	8587.0	2885.0	10218.0	22016.0	9549.0	16139.0	10415.0	1062.0	5333.0	998369.0	1325987.66102
sub-068S4340	3582.0	5939.0	3511.0	1698.0	9888.0	11866.0	11925.0	1960.0	11779.0	8527.0	5603.0	3952.0	11646.0	1975.0	4330.0	3775.0	1648.0	3677.0	1491.0	10195.0	3251.0	13088.0	8852.0	3544.0	9887.0	21436.0	8146.0	16669.0	10845.0	1282.0	6331.0	1148701.0	1598231.936423
sub-068S4424	2027.0	5045.0	3128.0	1945.0	8477.0	8775.0	7984.0	1881.0	10889.0	7393.0	5736.0	3588.0	11235.0	2195.0	3061.0	3780.0	1640.0	3320.0	1428.0	9557.0	2261.0	11018.0	7178.0	2938.0	8018.0	20219.0	7972.0	14089.0	8170.0	940.0	5150.0	910342.0	1214092.414278
sub-070S4856	2630.0	5486.0	2750.0	1739.0	6270.0	10008.0	10748.0	2561.0	9371.0	7840.0	5332.0	3576.0	11532.0	2402.0	4087.0	3477.0	1733.0	3252.0	1716.0	10891.0	3427.0	12756.0	6706.0	3362.0	9300.0	24607.0	8694.0	15536.0	9323.0	1005.0	6557.0	983708.0	1502186.473274
sub-070S5040	1896.0	5006.0	3097.0	1649.0	7468.0	8854.0	8361.0	2142.0	7256.0	6752.0	4791.0	3535.0	9311.0	2115.0	2668.0	3220.0	1519.0	2916.0	1617.0	8266.0	2586.0	10225.0	6996.0	2465.0	9491.0	17245.0	7096.0	13783.0	7794.0	1029.0	5611.0	907605.0	1307643.881453
sub-072S0315	1875.0	5133.0	3753.0	2053.0	7641.0	8554.0	10367.0	3199.0	12346.0	7275.0	5281.0	3948.0	9158.0	2322.0	3786.0	3280.0	2122.0	4102.0	1711.0	9112.0	3274.0	12049.0	8177.0	2442.0	7749.0	21933.0	10277.0	14679.0	7998.0	1387.0	5442.0	1134283.0	1653131.838186
sub-072S4103	2383.0	3491.0	3277.0	1562.0	6469.0	8710.0	8610.0	2138.0	8924.0	6894.0	5404.0	3516.0	8464.0	1443.0	3492.0	2915.0	1812.0	3147.0	1671.0	7592.0	2529.0	8461.0	6919.0	2991.0	9767.0	16898.0	7199.0	12717.0	6611.0	742.0	4477.0	820879.0	1228448.09368
sub-072S4391	1892.0	6254.0	3727.0	2237.0	6846.0	9322.0	9789.0	2012.0	11019.0	7419.0	5347.0	3591.0	11401.0	2137.0	3202.0	3659.0	1625.0	4281.0	1627.0	8238.0	2704.0	10998.0	6608.0	2503.0	9445.0	15807.0	8291.0	12944.0	7332.0	905.0	5004.0	890687.0	1341221.071702
sub-073S0089	2727.0	6099.0	3242.0	2029.0	8535.0	10977.0	11990.0	2737.0	12117.0	7962.0	6662.0	4576.0	13963.0	2400.0	4115.0	3818.0	2109.0	4124.0	1398.0	9640.0	3423.0	12909.0	8734.0	3089.0	10624.0	22033.0	9203.0	17430.0	9933.0	1214.0	5846.0	1039424.0	1511067.24314
sub-073S0311	1609.0	4293.0	3116.0	1643.0	5106.0	6415.0	8567.0	2092.0	8034.0	6095.0	5705.0	3553.0	7467.0	1613.0	3050.0	3189.0	1689.0	2893.0	2149.0	6734.0	2293.0	8605.0	6962.0	2051.0	7231.0	17212.0	7505.0	13203.0	6717.0	1082.0	5764.0	779809.0	1338137.314322
sub-073S4155	2104.0	4064.0	3290.0	1318.0	6330.0	10472.0	9199.0	2303.0	10336.0	7804.0	5053.0	3520.0	11825.0	1689.0	3301.0	3429.0	1726.0	3888.0	1670.0	8889.0	2599.0	10496.0	6953.0	2579.0	8689.0	18231.0	8386.0	16865.0	8288.0	1311.0	6071.0	918833.0	1344107.224638
sub-073S4382	2170.0	5993.0	3293.0	1282.0	6390.0	9185.0	9141.0	1695.0	8623.0	6935.0	5434.0	3597.0	9876.0	1620.0	2981.0	3363.0	1728.0	3611.0	1505.0	8761.0	2702.0	9988.0	7051.0	2416.0	8771.0	17361.0	7578.0	13303.0	7817.0	853.0	4746.0	847802.0	1241673.439848
sub-073S4393	3743.0	7511.0	4512.0	1727.0	9763.0	9817.0	11769.0	2651.0	10747.0	9087.0	6613.0	4819.0	12595.0	2257.0	5173.0	4714.0	2115.0	5753.0	2614.0	10804.0	4002.0	14170.0	10014.0	4008.0	13336.0	25153.0	10511.0	16418.0	13065.0	1037.0	7267.0	1240770.0	1789425.066282
sub-073S4552	2739.0	6324.0	4587.0	1495.0	9082.0	10373.0	11102.0	2677.0	10239.0	8329.0	7112.0	4446.0	12933.0	1622.0	3969.0	3858.0	2119.0	3198.0	2574.0	12629.0	3345.0	14582.0	10254.0	3288.0	11838.0	23216.0	11242.0	17046.0	14701.0	1176.0	5978.0	1126955.0	1685212.428787
sub-073S4559	2443.0	5576.0	3983.0	1644.0	7557.0	10825.0	10437.0	2256.0	11330.0	7224.0	7178.0	3754.0	12055.0	1792.0	3621.0	3156.0	1710.0	2577.0	1989.0	8828.0	2822.0	13305.0	7622.0	3153.0	8248.0	17873.0	9440.0	14059.0	9616.0	803.0	4251.0	972049.0	1388380.584881
sub-073S4739	3196.0	5373.0	3687.0	2088.0	7163.0	8641.0	10017.0	2514.0	11822.0	9225.0	6582.0	4657.0	10308.0	2362.0	4751.0	4582.0	2125.0	4936.0	1859.0	9490.0	2996.0	11479.0	9462.0	3571.0	9099.0	23545.0	11187.0	16670.0	10683.0	1497.0	6668.0	1062608.0	1595360.439445
sub-073S4762	2104.0	5482.0	3277.0	1657.0	6640.0	10114.0	9337.0	1914.0	10218.0	7866.0	5803.0	3214.0	11609.0	1690.0	4056.0	3592.0	1929.0	3605.0	1505.0	9650.0	2897.0	12698.0	7458.0	2252.0	8788.0	20248.0	8460.0	15360.0	9162.0	916.0	5016.0	942430.0	1393638.546504
sub-073S4795	2598.0	6567.0	4944.0	1967.0	8888.0	12886.0	13586.0	2788.0	15872.0	8903.0	8320.0	4625.0	13713.0	1942.0	4906.0	4928.0	1843.0	5249.0	2530.0	11073.0	4265.0	14070.0	10439.0	4116.0	11672.0	28828.0	10733.0	16142.0	8242.0	1417.0	6625.0	1263893.0	1647276.214072
sub-073S5023	2647.0	5836.0	4316.0	2095.0	7439.0	11827.0	9666.0	2414.0	9971.0	6926.0	7290.0	4350.0	14540.0	2041.0	3901.0	3731.0	1841.0	3932.0	1998.0	9574.0	3234.0	11779.0	8020.0	3104.0	9432.0	21583.0	9528.0	12574.0	8901.0	979.0	6048.0	1026345.0	1495719.487634
sub-082S1256	2179.0	4949.0	3994.0	1527.0	7391.0	9374.0	9332.0	2338.0	8836.0	6794.0	6212.0	3998.0	11425.0	1634.0	3369.0	3324.0	1776.0	3233.0	1702.0	8321.0	2774.0	10899.0	7776.0	2679.0	8746.0	18485.0	9147.0	12439.0	8033.0	848.0	4993.0	898510.0	1317062.030323
sub-082S4090	2763.0	5818.0	3554.0	1734.0	7485.0	9431.0	11306.0	2396.0	9588.0	7453.0	5342.0	3826.0	12905.0	1865.0	3479.0	4262.0	1651.0	3726.0	2034.0	9555.0	2877.0	10620.0	8895.0	3378.0	10148.0	22074.0	8415.0	13532.0	8309.0	667.0	5476.0	1038096.0	1530012.434958
sub-082S4208	3218.0	7355.0	4042.0	2103.0	9605.0	11250.0	11796.0	3084.0	10798.0	7407.0	6729.0	3837.0	12881.0	1941.0	4063.0	4161.0	1885.0	3821.0	2011.0	8591.0	2675.0	12143.0	9818.0	3373.0	9582.0	20446.0	9302.0	13943.0	8376.0	926.0	6105.0	1043324.0	1686843.567498
sub-082S4224	2933.0	6070.0	3431.0	1522.0	8136.0	10601.0	10270.0	2357.0	11921.0	8257.0	7303.0	4420.0	12719.0	2030.0	4591.0	3498.0	1761.0	4043.0	1855.0	11857.0	3490.0	13635.0	8929.0	3025.0	11195.0	23222.0	9657.0	14846.0	9819.0	1081.0	5159.0	1088330.0	1639435.459284
sub-082S4339	2625.0	6739.0	3822.0	1999.0	9944.0	12397.0	11096.0	2642.0	11434.0	7986.0	5884.0	4973.0	14903.0	1966.0	3818.0	4321.0	2009.0	3723.0	1447.0	9990.0	3372.0	12448.0	8136.0	3601.0	10138.0	23000.0	8606.0	14866.0	8439.0	882.0	7743.0	1068030.0	1691117.683099
sub-082S4428	2915.0	5880.0	2794.0	1527.0	8615.0	11690.0	12532.0	2332.0	9752.0	8823.0	6637.0	4393.0	14971.0	2377.0	4306.0	4477.0	2017.0	3870.0	1507.0	11824.0	3337.0	13325.0	9415.0	3513.0	9537.0	21527.0	10830.0	15072.0	9165.0	1186.0	5420.0	1145116.0	1634487.234321
sub-094S4234	2221.0	4872.0	3642.0	2714.0	6632.0	10823.0	11211.0	3342.0	13365.0	7810.0	5322.0	4447.0	13913.0	2496.0	3064.0	3549.0	1957.0	3501.0	2359.0	9130.0	2665.0	10144.0	8048.0	2537.0	8908.0	17706.0	7805.0	14651.0	9060.0	859.0	6423.0	1011653.0	1480659.842449
sub-094S4459	2347.0	5309.0	3769.0	2187.0	7654.0	11014.0	13043.0	2189.0	11098.0	7920.0	5685.0	3744.0	15300.0	2207.0	3787.0	3575.0	1906.0	2922.0	1545.0	10469.0	3150.0	12545.0	7278.0	2728.0	8088.0	19771.0	8773.0	16109.0	8504.0	909.0	5551.0	979440.0	1366347.86492
sub-094S4460	2016.0	4420.0	3425.0	1552.0	8161.0	9163.0	10132.0	2098.0	8242.0	7197.0	4512.0	3176.0	14246.0	2145.0	2255.0	4167.0	2004.0	3607.0	1323.0	7856.0	2506.0	9582.0	7214.0	2771.0	8335.0	16176.0	6018.0	19523.0	6310.0	1314.0	5351.0	931635.0	1251929.392674
sub-094S4503	2146.0	4666.0	3593.0	2198.0	9615.0	9921.0	12551.0	2524.0	11584.0	8147.0	6358.0	4337.0	13258.0	2289.0	3601.0	4291.0	1914.0	3679.0	2113.0	8838.0	2771.0	10934.0	8924.0	2638.0	9112.0	20175.0	8591.0	15557.0	9578.0	851.0	5786.0	987322.0	1511371.479389
sub-094S4560	2496.0	5663.0	2683.0	1729.0	8428.0	8426.0	9296.0	1702.0	9213.0	7931.0	6522.0	3744.0	10424.0	1830.0	3605.0	2818.0	1905.0	3175.0	1208.0	7825.0	2725.0	10499.0	6943.0	2906.0	9450.0	17921.0	7792.0	14740.0	8308.0	853.0	5145.0	887630.0	1262059.323991
sub-094S4649	2339.0	6872.0	3921.0	1840.0	8646.0	10808.0	10115.0	2837.0	11851.0	9122.0	7415.0	3953.0	12789.0	1853.0	3903.0	4502.0	2025.0	3086.0	1571.0	9920.0	2988.0	12082.0	7870.0	2975.0	9607.0	23718.0	7925.0	16967.0	9776.0	903.0	6720.0	1123751.0	1593247.751524
sub-098S0171	1434.0	4905.0	2832.0	1158.0	6002.0	9709.0	8309.0	1984.0	8549.0	6737.0	5182.0	3047.0	9480.0	1501.0	3135.0	2724.0	1638.0	2694.0	1170.0	8690.0	1751.0	9636.0	7199.0	2467.0	7142.0	17030.0	6531.0	10532.0	6244.0	677.0	4192.0	821536.0	1367200.402152
sub-098S0172	2429.0	3936.0	3875.0	1984.0	6702.0	9810.0	8790.0	2062.0	9931.0	6739.0	5672.0	3412.0	10025.0	2318.0	3408.0	2492.0	1809.0	3142.0	1793.0	7977.0	2896.0	8268.0	6359.0	2256.0	8565.0	18325.0	5982.0	14710.0	5538.0	958.0	5347.0	945676.0	1428963.080323
sub-098S0896	2905.0	4884.0	4120.0	826.0	6840.0	11270.0	9463.0	2243.0	12780.0	8004.0	7081.0	4128.0	11313.0	1420.0	4117.0	3700.0	2065.0	4519.0	2377.0	8191.0	3076.0	10808.0	8413.0	3438.0	11073.0	19277.0	7032.0	14165.0	11538.0	727.0	6490.0	1074167.0	1751610.922614
sub-098S4002	2758.0	5127.0	4490.0	1808.0	5966.0	10548.0	10961.0	2483.0	12579.0	7446.0	6969.0	3636.0	11109.0	1888.0	4061.0	4259.0	1747.0	4387.0	2564.0	9624.0	2543.0	13374.0	8758.0	2701.0	10123.0	24595.0	7489.0	15078.0	8038.0	1090.0	5725.0	1021016.0	1487256.544757
sub-098S4003	2534.0	5375.0	3476.0	1685.0	6519.0	9186.0	9185.0	2059.0	9391.0	7225.0	5751.0	3752.0	12662.0	2277.0	3256.0	4118.0	1782.0	2976.0	2060.0	9358.0	2688.0	11811.0	6608.0	3007.0	9838.0	19061.0	8460.0	13049.0	7313.0	879.0	4675.0	937958.0	1412115.771445
sub-098S4018	2615.0	4558.0	3599.0	2252.0	7983.0	8505.0	11479.0	3260.0	10637.0	8286.0	7282.0	3805.0	9602.0	2569.0	3646.0	3600.0	2043.0	4728.0	2894.0	9013.0	2636.0	11707.0	8620.0	2584.0	9465.0	19673.0	8841.0	15340.0	10611.0	1203.0	5024.0	998206.0	1520072.022625
sub-098S4050	2834.0	5737.0	3881.0	2220.0	8775.0	9902.0	10704.0	2507.0	10776.0	9127.0	5897.0	3925.0	11999.0	2452.0	3717.0	4045.0	1842.0	4163.0	2041.0	10104.0	3138.0	12781.0	8584.0	3195.0	10618.0	22478.0	9490.0	15261.0	7867.0	935.0	5596.0	1095710.0	1578147.529467
sub-098S4275	3036.0	7420.0	3734.0	2193.0	7214.0	8380.0	12325.0	2750.0	9653.0	9712.0	6128.0	4986.0	11830.0	1898.0	5075.0	4201.0	2318.0	4274.0	2181.0	9587.0	3236.0	12536.0	8412.0	3984.0	12763.0	23539.0	8993.0	16920.0	8619.0	1238.0	6186.0	1144849.0	1654769.966238
sub-098S4506	2061.0	4939.0	3892.0	2089.0	8911.0	10707.0	9981.0	2268.0	12372.0	8705.0	6610.0	4303.0	12069.0	2315.0	3735.0	3295.0	2151.0	3642.0	1839.0	8237.0	2734.0	12367.0	7270.0	2817.0	8735.0	19819.0	5908.0	14304.0	9233.0	697.0	5788.0	1001515.0	1487482.213176
sub-099S0352	1654.0	3017.0	2677.0	1300.0	6408.0	6319.0	8411.0	1658.0	6434.0	4973.0	3786.0	2868.0	8375.0	1239.0	2565.0	2737.0	1301.0	2206.0	1356.0	6258.0	2083.0	8279.0	5383.0	1245.0	3326.0	9432.0	6572.0	9600.0	6265.0	592.0	4977.0	661686.0	1272905.556113
sub-099S4076	2418.0	5889.0	3285.0	1851.0	8071.0	9415.0	9284.0	1999.0	10060.0	7899.0	5338.0	3941.0	10785.0	2184.0	3465.0	3342.0	1544.0	3886.0	1461.0	8040.0	2843.0	11070.0	7935.0	3285.0	9017.0	19427.0	8565.0	15789.0	8204.0	1066.0	5744.0	957819.0	1458660.399777
sub-099S4086	1350.0	4237.0	2634.0	1618.0	6371.0	8723.0	8604.0	1329.0	8560.0	6245.0	4556.0	2878.0	7810.0	1671.0	2601.0	3135.0	1866.0	2879.0	1569.0	6626.0	1725.0	8602.0	5372.0	2060.0	6814.0	14480.0	6100.0	10938.0	6478.0	660.0	4571.0	734447.0	1276256.281275
sub-099S4104	2583.0	6860.0	3617.0	1974.0	6771.0	11177.0	9278.0	2211.0	11335.0	8497.0	5869.0	4211.0	11473.0	2246.0	4412.0	4527.0	1545.0	3397.0	1939.0	9587.0	3079.0	13358.0	7336.0	3055.0	10796.0	22731.0	7483.0	15847.0	8377.0	963.0	5834.0	992999.0	1395868.638256
sub-100S0069	2692.0	5977.0	3211.0	2009.0	8260.0	9123.0	10662.0	2305.0	10297.0	8342.0	6394.0	3687.0	11952.0	2169.0	3713.0	4191.0	1809.0	3600.0	1795.0	9323.0	2715.0	11252.0	8361.0	3817.0	10740.0	21708.0	9027.0	15364.0	11105.0	750.0	5946.0	1112095.0	1706538.990091
sub-100S1286	2776.0	3959.0	3355.0	1905.0	5715.0	9939.0	12222.0	2378.0	9992.0	8384.0	5789.0	4303.0	12387.0	2450.0	4169.0	4393.0	1654.0	2997.0	1574.0	9208.0	3082.0	11859.0	7022.0	3383.0	9030.0	21157.0	9414.0	15181.0	8696.0	957.0	5768.0	1020766.0	1636358.095757
sub-100S4469	2834.0	6281.0	2785.0	1843.0	8507.0	10749.0	11245.0	2387.0	9834.0	9445.0	4862.0	4308.0	11268.0	2086.0	3643.0	3552.0	2379.0	4025.0	1410.0	10179.0	3650.0	12526.0	7614.0	2986.0	9199.0	20203.0	8835.0	16847.0	8977.0	1585.0	7130.0	1025085.0	1413887.065383
sub-100S4511	2999.0	4439.0	3521.0	2277.0	7604.0	10741.0	13794.0	2470.0	9962.0	8364.0	5928.0	4336.0	12682.0	2330.0	3924.0	3455.0	2226.0	4450.0	1894.0	9145.0	3166.0	12701.0	9406.0	3506.0	10643.0	24747.0	9356.0	15277.0	8297.0	1353.0	6501.0	1107206.0	1577717.109209
sub-100S5246	2316.0	5175.0	2894.0	1470.0	7374.0	9208.0	9359.0	1968.0	8400.0	6507.0	5330.0	3148.0	10317.0	2124.0	3046.0	3542.0	1731.0	3661.0	2201.0	8153.0	2499.0	9888.0	6468.0	2678.0	9614.0	16326.0	7428.0	13177.0	6746.0	683.0	4801.0	842925.0	1319757.526868
sub-109S4499	2657.0	5402.0	3775.0	2280.0	9156.0	9233.0	11317.0	2257.0	12757.0	8374.0	6077.0	3798.0	14720.0	2256.0	3323.0	4516.0	2172.0	3698.0	2052.0	8215.0	2921.0	11553.0	6859.0	3242.0	9630.0	21346.0	7825.0	16340.0	8829.0	1195.0	6718.0	1035683.0	1456787.948436
sub-114S0166	1705.0	5118.0	3352.0	1016.0	5360.0	7403.0	6367.0	1793.0	8678.0	6281.0	5503.0	2894.0	6514.0	1568.0	3605.0	2119.0	1617.0	2911.0	1349.0	7256.0	1885.0	8076.0	5858.0	2591.0	8317.0	16442.0	7689.0	8514.0	6833.0	574.0	5209.0	843279.0	1496834.395829
sub-114S0173	2385.0	5120.0	3784.0	1120.0	8132.0	11338.0	9119.0	2877.0	11278.0	7926.0	6747.0	4014.0	11901.0	2007.0	3562.0	3517.0	1665.0	3204.0	2266.0	9188.0	3478.0	11920.0	8222.0	3195.0	8456.0	19116.0	10754.0	12398.0	8450.0	853.0	5217.0	1003455.0	1636039.791441
sub-114S0416	1978.0	4001.0	4173.0	992.0	7093.0	9098.0	9098.0	2008.0	11271.0	6440.0	5534.0	3223.0	9204.0	1342.0	3130.0	3244.0	1955.0	3185.0	2162.0	8270.0	2286.0	10559.0	7174.0	2399.0	7352.0	16674.0	7752.0	12209.0	6695.0	1019.0	5343.0	785567.0	1349457.69301
sub-116S0382	2259.0	5188.0	2893.0	1529.0	8205.0	9320.0	9760.0	2123.0	7635.0	7023.0	5257.0	3615.0	10990.0	1768.0	3453.0	2748.0	1625.0	2892.0	1622.0	9119.0	3042.0	10699.0	8276.0	2403.0	8624.0	19968.0	9409.0	13184.0	10303.0	1000.0	5236.0	981811.0	1542724.987152
sub-116S1232	2811.0	4898.0	3626.0	1714.0	6369.0	8479.0	9433.0	2285.0	8149.0	6819.0	4771.0	3879.0	10215.0	1877.0	3428.0	3623.0	1983.0	3323.0	1272.0	7150.0	2741.0	10826.0	6373.0	2294.0	8194.0	17283.0	7765.0	14436.0	8553.0	790.0	4621.0	947672.0	1402340.158131
sub-116S1249	2659.0	4633.0	2908.0	1238.0	4679.0	6763.0	6870.0	1670.0	7759.0	5854.0	4085.0	3580.0	7229.0	1438.0	3552.0	2774.0	1034.0	3318.0	1316.0	9238.0	2289.0	9762.0	5815.0	2405.0	6411.0	16139.0	6281.0	9836.0	6263.0	870.0	4630.0	874336.0	1398822.487137
sub-116S4010	2273.0	5877.0	3536.0	1313.0	7433.0	10056.0	9168.0	2295.0	13600.0	7359.0	5670.0	3238.0	10238.0	1936.0	3673.0	3712.0	1857.0	4235.0	1748.0	8681.0	3098.0	11875.0	7600.0	2865.0	9041.0	16977.0	10023.0	10437.0	6910.0	658.0	5019.0	878982.0	1293803.202484
sub-116S4043	2716.0	5855.0	3938.0	2271.0	7788.0	9796.0	10592.0	2459.0	11204.0	8191.0	6011.0	4225.0	12237.0	2463.0	3852.0	3480.0	2344.0	4163.0	1764.0	9093.0	3511.0	12762.0	7696.0	3542.0	10136.0	20516.0	8261.0	15985.0	9904.0	1373.0	6362.0	1034351.0	1593845.076005
sub-116S4092	2359.0	6101.0	3632.0	1801.0	7384.0	10956.0	9226.0	1859.0	9649.0	8861.0	6010.0	4217.0	11810.0	1774.0	4123.0	3483.0	2005.0	3039.0	2635.0	11479.0	3147.0	13601.0	7842.0	2774.0	9699.0	22690.0	7637.0	16003.0	9048.0	995.0	5850.0	998241.0	1553870.206662
sub-116S4453	2691.0	5958.0	3854.0	1724.0	8284.0	10113.0	10639.0	2702.0	11758.0	8439.0	6444.0	4485.0	11116.0	1893.0	3734.0	4067.0	2046.0	4163.0	1936.0	10513.0	3064.0	12772.0	9333.0	3223.0	9693.0	22788.0	10718.0	15999.0	10013.0	1135.0	5769.0	1034264.0	1590429.874853
sub-116S4483	2027.0	5270.0	3470.0	1933.0	7133.0	10419.0	9820.0	2017.0	9985.0	7179.0	5892.0	3584.0	10504.0	1927.0	3831.0	3431.0	1809.0	4193.0	1985.0	8866.0	2482.0	12055.0	8125.0	2372.0	8556.0	17877.0	9505.0	14730.0	6690.0	1080.0	5374.0	961653.0	1395492.925523
sub-116S4855	3002.0	5559.0	3895.0	2238.0	7252.0	8586.0	9358.0	2348.0	10344.0	7885.0	6887.0	3982.0	10989.0	2521.0	3898.0	3806.0	1611.0	3318.0	1854.0	8234.0	2775.0	11188.0	7800.0	2839.0	10194.0	18014.0	8094.0	15360.0	8329.0	1148.0	5331.0	1009425.0	1627013.651235
sub-123S0072	2923.0	5163.0	4519.0	2025.0	8210.0	10227.0	14027.0	2790.0	10860.0	8957.0	5816.0	3996.0	12276.0	1894.0	3217.0	2679.0	1861.0	2816.0	1701.0	7737.0	3082.0	10364.0	7962.0	3389.0	9901.0	19845.0	9190.0	14095.0	7430.0	806.0	5311.0	1035520.0	1578423.426613
sub-123S0106	2647.0	5070.0	4655.0	1956.0	5677.0	9956.0	8930.0	2257.0	10188.0	8874.0	7512.0	3811.0	10148.0	1641.0	4386.0	3367.0	2432.0	3116.0	2203.0	11449.0	3884.0	11965.0	7545.0	3188.0	8347.0	27411.0	9192.0	13667.0	8688.0	693.0	6179.0	1110821.0	1853270.623146
sub-123S0113	2154.0	5033.0	3841.0	2041.0	8678.0	13365.0	12141.0	1623.0	12040.0	7710.0	5695.0	3518.0	11621.0	1604.0	3179.0	3967.0	1984.0	3468.0	1700.0	8772.0	1314.0	8926.0	8019.0	2888.0	8565.0	20243.0	10860.0	14605.0	8480.0	980.0	5784.0	1029499.0	1812763.655098
sub-123S0298	2466.0	5087.0	3683.0	1674.0	6419.0	11542.0	9478.0	2328.0	9726.0	7939.0	4918.0	3194.0	11556.0	1765.0	3784.0	3698.0	1909.0	3168.0	1581.0	8700.0	2733.0	8746.0	7757.0	2859.0	8508.0	18612.0	8986.0	12992.0	7665.0	583.0	5306.0	991925.0	1467119.605332
sub-123S4362	2691.0	6536.0	3631.0	1665.0	7442.0	10781.0	9372.0	2106.0	11162.0	8540.0	5812.0	4420.0	12418.0	1999.0	3842.0	3861.0	2168.0	3765.0	1793.0	9590.0	2866.0	11664.0	7427.0	3240.0	9728.0	21147.0	8006.0	15316.0	9183.0	967.0	5791.0	1003610.0	1390485.958101
sub-126S0605	2845.0	6259.0	3212.0	1963.0	8315.0	11434.0	11452.0	2485.0	11003.0	9117.0	6138.0	4165.0	12507.0	1666.0	4188.0	4567.0	2104.0	3997.0	1753.0	10681.0	3575.0	13348.0	7309.0	3105.0	11192.0	21141.0	8399.0	17805.0	8950.0	1083.0	6501.0	1132385.0	1778415.328252
sub-126S0680	1933.0	4441.0	2847.0	2016.0	6721.0	8263.0	8916.0	2289.0	8407.0	7344.0	4902.0	3742.0	11206.0	1781.0	2796.0	3829.0	1506.0	2939.0	1643.0	7519.0	2516.0	9097.0	5876.0	2438.0	6746.0	16217.0	7214.0	13160.0	8822.0	791.0	4183.0	879440.0	1393491.426201
sub-127S0259	1872.0	4367.0	2465.0	1685.0	5238.0	7447.0	8054.0	1779.0	7602.0	6834.0	4379.0	3934.0	9177.0	1567.0	2920.0	3280.0	1743.0	3130.0	1502.0	6719.0	2012.0	8628.0	5932.0	2548.0	6290.0	15215.0	5828.0	10297.0	7248.0	873.0	4930.0	827287.0	1375509.628708
sub-127S0260	2404.0	5106.0	3052.0	2659.0	6318.0	8808.0	10483.0	1740.0	8784.0	7742.0	4784.0	4265.0	10088.0	1929.0	3300.0	2869.0	1865.0	3075.0	1465.0	8229.0	2703.0	10570.0	6155.0	2402.0	8307.0	16331.0	7373.0	12231.0	6458.0	816.0	5393.0	863171.0	1284379.598125
sub-127S4148	2923.0	6413.0	3989.0	2083.0	9413.0	10574.0	12364.0	2169.0	13969.0	8529.0	6230.0	4941.0	10938.0	1865.0	4195.0	4025.0	2328.0	4606.0	2519.0	12341.0	3050.0	13693.0	9737.0	3040.0	9875.0	22966.0	9779.0	15766.0	10781.0	1588.0	6624.0	1078569.0	1539977.187279
sub-127S4198	1870.0	5218.0	2905.0	847.0	6000.0	9731.0	9416.0	1951.0	8960.0	7675.0	5832.0	3899.0	11896.0	1690.0	3823.0	3487.0	2195.0	3465.0	1264.0	8125.0	2615.0	10415.0	7351.0	2485.0	8489.0	21568.0	8001.0	13349.0	8477.0	855.0	5617.0	926816.0	1370157.410328
sub-127S4604	3257.0	6937.0	4719.0	2348.0	9108.0	12364.0	12830.0	2709.0	14562.0	9639.0	6262.0	5237.0	15087.0	2026.0	4717.0	4283.0	2705.0	5028.0	2486.0	11654.0	3543.0	15784.0	9971.0	4111.0	13814.0	27797.0	12188.0	21003.0	11873.0	1135.0	7112.0	1178423.0	1794293.095085
sub-127S4645	2413.0	5817.0	2980.0	1912.0	6295.0	9656.0	10088.0	2390.0	11485.0	7942.0	5880.0	3802.0	13072.0	2170.0	3406.0	3254.0	1940.0	4007.0	1480.0	10432.0	2985.0	11706.0	8099.0	2644.0	8549.0	22286.0	9197.0	14014.0	9135.0	1081.0	6015.0	1015065.0	1506748.655051
sub-127S4843	3802.0	4635.0	3619.0	1839.0	7851.0	10571.0	10592.0	2683.0	8867.0	8397.0	6050.0	4530.0	13334.0	2528.0	4625.0	5088.0	1774.0	4773.0	2046.0	10417.0	3504.0	12999.0	7961.0	3290.0	12376.0	28581.0	8529.0	16519.0	9197.0	1379.0	7359.0	1078415.0	1577433.084299
sub-128S0229	2775.0	4439.0	2637.0	1247.0	7131.0	7252.0	8052.0	2408.0	7957.0	7561.0	5105.0	3623.0	9485.0	1808.0	2991.0	3215.0	1512.0	3087.0	1944.0	7969.0	2883.0	8520.0	7071.0	2956.0	7466.0	18526.0	7013.0	13221.0	7676.0	1191.0	5076.0	881260.0	1364944.150402
sub-128S0230	2928.0	5288.0	3412.0	1191.0	6542.0	9765.0	9658.0	2322.0	8646.0	7509.0	5609.0	4221.0	11630.0	1697.0	3462.0	3225.0	1659.0	2782.0	2086.0	8861.0	2427.0	9460.0	7866.0	2825.0	9030.0	17888.0	6550.0	12570.0	9651.0	668.0	5078.0	1034381.0	1761625.955423
sub-128S0272	2838.0	6932.0	3601.0	2007.0	6362.0	11101.0	12691.0	2459.0	10410.0	8245.0	6617.0	4320.0	14497.0	2160.0	4000.0	3984.0	1488.0	3725.0	2459.0	9005.0	3649.0	11134.0	8303.0	3328.0	9661.0	20461.0	8460.0	14479.0	9038.0	739.0	5653.0	1046458.0	1623144.744601
sub-128S0522	2740.0	5337.0	3678.0	2289.0	7640.0	7555.0	9900.0	2035.0	9261.0	7798.0	4955.0	4094.0	11323.0	2095.0	3411.0	2787.0	1742.0	3667.0	2022.0	7701.0	3097.0	8661.0	7649.0	2808.0	8151.0	18273.0	7970.0	12720.0	8490.0	648.0	6310.0	1048302.0	1780563.276524
sub-128S0545	2996.0	5949.0	3848.0	2387.0	8302.0	8621.0	12422.0	2750.0	11147.0	8406.0	6954.0	5137.0	9894.0	2582.0	3649.0	4418.0	1970.0	4069.0	1942.0	9983.0	3601.0	11303.0	7559.0	3909.0	9465.0	24004.0	9241.0	17333.0	10383.0	1373.0	6571.0	1108565.0	1809132.910046
sub-128S0863	2252.0	4854.0	3169.0	1726.0	8174.0	9971.0	9720.0	2542.0	9696.0	6657.0	4546.0	4332.0	10891.0	1703.0	3802.0	3507.0	1764.0	2925.0	1305.0	9296.0	2816.0	11187.0	8758.0	3143.0	8130.0	20519.0	7498.0	14284.0	8470.0	1308.0	6732.0	971305.0	1662631.395346
sub-128S1242	2248.0	4039.0	2797.0	1698.0	5654.0	9090.0	9961.0	1709.0	7635.0	6328.0	4236.0	3446.0	9487.0	1361.0	3503.0	3133.0	1359.0	3598.0	1156.0	7561.0	2704.0	9401.0	6926.0	2651.0	6840.0	16380.0	6561.0	10475.0	5888.0	671.0	5144.0	887995.0	1394566.904681
sub-128S4586	3826.0	7279.0	3606.0	1388.0	8919.0	11860.0	10720.0	2190.0	10105.0	8455.0	6218.0	4288.0	12788.0	2283.0	3865.0	3942.0	2075.0	3890.0	2024.0	11705.0	3396.0	14243.0	7543.0	3444.0	12098.0	25129.0	7402.0	16970.0	11240.0	1230.0	6455.0	1014479.0	1596258.505287
sub-128S4599	2799.0	8771.0	3449.0	1689.0	8403.0	14113.0	10538.0	2315.0	13586.0	9623.0	7639.0	4241.0	14876.0	2165.0	4572.0	4306.0	2181.0	4576.0	1554.0	11072.0	2865.0	14743.0	11217.0	4137.0	12934.0	28724.0	10430.0	17728.0	12143.0	1268.0	6320.0	1251424.0	1724565.254916
sub-128S4607	2873.0	7536.0	3012.0	1340.0	9859.0	12372.0	9887.0	2428.0	12391.0	7978.0	5025.0	3871.0	13321.0	2036.0	3840.0	3690.0	1913.0	3866.0	1992.0	10353.0	3649.0	12956.0	8677.0	3324.0	10680.0	22186.0	10171.0	16903.0	9558.0	1313.0	6000.0	1045573.0	1477553.966179
sub-128S4609	1527.0	4875.0	4021.0	1898.0	5630.0	9917.0	9694.0	2155.0	11052.0	8351.0	6147.0	3645.0	10168.0	2256.0	4068.0	3371.0	1540.0	3263.0	2026.0	8616.0	2166.0	11006.0	7899.0	2055.0	8327.0	18650.0	9583.0	11468.0	7233.0	748.0	4796.0	907456.0	1416626.154457
sub-128S4832	2148.0	5391.0	3911.0	1425.0	6883.0	12706.0	10621.0	2509.0	9870.0	7396.0	6888.0	4307.0	13919.0	1971.0	3838.0	3316.0	1714.0	3761.0	2276.0	9523.0	2777.0	11513.0	8421.0	2991.0	10730.0	20483.0	11009.0	14047.0	9219.0	825.0	5690.0	1103826.0	1632655.551223
sub-129S0778	2805.0	6573.0	4042.0	2458.0	6534.0	10186.0	12087.0	2481.0	13084.0	8061.0	5964.0	4570.0	13208.0	2237.0	3730.0	4802.0	2383.0	4096.0	2134.0	9454.0	3042.0	11856.0	8789.0	3698.0	10770.0	20697.0	9816.0	12883.0	9578.0	1262.0	6390.0	956630.0	1533577.273602
sub-129S4369	2535.0	7370.0	3810.0	1834.0	6296.0	10714.0	12445.0	2834.0	10733.0	7642.0	6761.0	3933.0	11334.0	1810.0	4009.0	4134.0	1888.0	4798.0	2032.0	7864.0	2691.0	11256.0	8299.0	2992.0	10105.0	24156.0	8198.0	15035.0	8782.0	937.0	6723.0	1009920.0	1362526.044775
sub-129S4371	2971.0	4785.0	3893.0	2076.0	7095.0	9508.0	12503.0	2241.0	9571.0	7504.0	5671.0	4249.0	11915.0	2549.0	3819.0	4328.0	2038.0	3973.0	2407.0	7910.0	2899.0	11007.0	6882.0	3214.0	9135.0	18666.0	8282.0	13731.0	11333.0	943.0	5319.0	960702.0	1374319.53865
sub-129S4396	2206.0	5819.0	2797.0	1610.0	6612.0	8321.0	8753.0	1868.0	7429.0	7526.0	5606.0	3507.0	10293.0	1800.0	3091.0	2794.0	1879.0	3022.0	1750.0	7956.0	2702.0	9365.0	7481.0	2594.0	10023.0	18086.0	6985.0	14415.0	8668.0	798.0	5519.0	861849.0	1268612.638669
sub-129S4422	2609.0	5739.0	4069.0	1957.0	7046.0	6922.0	9534.0	2633.0	9697.0	7482.0	5959.0	3862.0	10413.0	1922.0	3282.0	3555.0	1614.0	3459.0	1975.0	7673.0	3115.0	10664.0	7029.0	3065.0	7896.0	20239.0	6363.0	13644.0	7913.0	1060.0	5731.0	931477.0	1351727.50621
sub-130S0232	3441.0	6247.0	3114.0	1569.0	8980.0	9836.0	9456.0	2854.0	11453.0	8855.0	7876.0	4603.0	12023.0	1780.0	3946.0	4425.0	2143.0	4074.0	2000.0	8866.0	3134.0	9209.0	8025.0	4121.0	11045.0	22736.0	8039.0	16013.0	8176.0	969.0	6496.0	1053283.0	1726766.547186
sub-130S0886	2149.0	5277.0	3811.0	1791.0	5631.0	8812.0	9438.0	2079.0	9023.0	8327.0	5137.0	3738.0	10280.0	2128.0	3371.0	3000.0	2101.0	3102.0	1420.0	9729.0	2550.0	10943.0	6419.0	3109.0	8864.0	20492.0	7505.0	15549.0	8163.0	851.0	5748.0	937068.0	1410910.126175
sub-130S0969	2052.0	5420.0	4125.0	1953.0	6789.0	11774.0	11149.0	2615.0	10847.0	6828.0	5315.0	3461.0	12140.0	1829.0	3547.0	3206.0	1617.0	3350.0	1168.0	7777.0	2063.0	10166.0	9047.0	2854.0	9104.0	17942.0	9927.0	13383.0	7303.0	873.0	5221.0	1045619.0	1649002.749342
sub-130S4343	2482.0	4664.0	3420.0	2110.0	6840.0	10155.0	10578.0	2317.0	11536.0	7546.0	7183.0	3864.0	10610.0	2289.0	3412.0	3653.0	2549.0	3607.0	1984.0	10142.0	2793.0	12240.0	8431.0	3083.0	8869.0	21097.0	9572.0	12855.0	8142.0	890.0	5270.0	1043510.0	1540315.535403
sub-130S4352	2669.0	5393.0	3369.0	1860.0	6602.0	10584.0	10338.0	2415.0	9279.0	7719.0	5995.0	3522.0	11210.0	2101.0	3445.0	3393.0	1723.0	3113.0	1860.0	9052.0	2191.0	11364.0	7374.0	3010.0	10432.0	18556.0	7891.0	14564.0	9263.0	772.0	5696.0	1013218.0	1607615.551063
sub-131S0123	2147.0	4283.0	3021.0	1273.0	6521.0	9523.0	7387.0	2176.0	10334.0	6488.0	5427.0	3669.0	9404.0	2056.0	3081.0	3587.0	2021.0	3131.0	1451.0	7742.0	2698.0	11107.0	7899.0	1741.0	7710.0	16423.0	7323.0	12646.0	8134.0	1185.0	4645.0	863623.0	1298518.865268
sub-131S0441	2130.0	4660.0	3175.0	2777.0	5998.0	10355.0	11210.0	2444.0	10037.0	7056.0	4667.0	4531.0	10030.0	2286.0	3304.0	2870.0	2045.0	3189.0	1536.0	8034.0	3167.0	9886.0	6871.0	2790.0	8432.0	20104.0	8217.0	12856.0	8028.0	1041.0	5465.0	920637.0	1387284.002844
sub-135S4446	2899.0	4813.0	3311.0	1635.0	8401.0	10506.0	11704.0	2129.0	10078.0	7331.0	5114.0	4270.0	11623.0	2077.0	4012.0	3792.0	1785.0	2855.0	1572.0	11014.0	3216.0	11364.0	8852.0	2854.0	8315.0	18471.0	8712.0	16347.0	9238.0	1082.0	6545.0	946630.0	1380782.24791
sub-135S4566	1912.0	4833.0	4253.0	1120.0	6357.0	8290.0	10753.0	2782.0	8554.0	7663.0	5344.0	3888.0	9750.0	1863.0	3984.0	3621.0	1937.0	3760.0	2391.0	9449.0	2897.0	11972.0	8643.0	2701.0	9397.0	23561.0	9699.0	13477.0	9970.0	1123.0	5719.0	956429.0	1503001.337962
sub-135S4598	2654.0	5189.0	3696.0	1391.0	7414.0	12551.0	11223.0	2075.0	11413.0	7254.0	6626.0	4163.0	16032.0	1910.0	5210.0	4173.0	1569.0	3793.0	1776.0	10719.0	2786.0	12738.0	9750.0	3213.0	10213.0	24544.0	8412.0	16821.0	9274.0	1226.0	6235.0	1049064.0	1521597.195116
sub-136S0186	1919.0	5313.0	3416.0	1900.0	8072.0	12765.0	10772.0	2578.0	10238.0	8322.0	6597.0	3750.0	11950.0	2167.0	3961.0	3334.0	1711.0	3359.0	2309.0	9618.0	2825.0	11957.0	8238.0	2144.0	8988.0	21173.0	9179.0	13784.0	8543.0	833.0	5565.0	1031515.0	1573694.729086
sub-136S4269	2542.0	5701.0	3568.0	2737.0	6320.0	7410.0	11118.0	2062.0	8978.0	6917.0	5560.0	3780.0	10489.0	2279.0	3508.0	2864.0	1987.0	2905.0	1645.0	8230.0	3325.0	9924.0	6806.0	3253.0	7695.0	20918.0	8195.0	14291.0	9424.0	927.0	5795.0	1004439.0	1497608.190219
sub-136S4433	2133.0	4521.0	3232.0	1885.0	7456.0	9487.0	9357.0	2491.0	10530.0	6573.0	5465.0	3302.0	11306.0	1836.0	3258.0	3364.0	1779.0	2687.0	1577.0	8408.0	2461.0	9787.0	6748.0	2523.0	7588.0	18019.0	7692.0	15037.0	8599.0	794.0	5491.0	979850.0	1389364.196233
sub-136S4726	2305.0	5351.0	4086.0	1854.0	7229.0	10910.0	11353.0	2163.0	11661.0	8512.0	5960.0	3831.0	12652.0	1833.0	4615.0	4800.0	2142.0	3796.0	1605.0	10195.0	3218.0	13427.0	9259.0	3221.0	9318.0	23198.0	11235.0	16408.0	9080.0	1249.0	6044.0	1119964.0	1557192.208811
sub-136S4727	2526.0	4664.0	2958.0	1740.0	5890.0	8764.0	9698.0	2250.0	7966.0	6974.0	5194.0	3401.0	11375.0	1706.0	3971.0	3128.0	2062.0	2946.0	1739.0	8947.0	3028.0	11161.0	7279.0	2799.0	6946.0	18335.0	7730.0	12948.0	8431.0	629.0	5468.0	906361.0	1377380.590077
sub-137S0301	2666.0	5706.0	3896.0	1944.0	6375.0	11013.0	9056.0	2459.0	10767.0	7194.0	6479.0	3746.0	11668.0	1959.0	3622.0	2967.0	2232.0	3990.0	2261.0	9297.0	3051.0	11584.0	7748.0	2362.0	8860.0	20151.0	8128.0	12925.0	7683.0	1045.0	5517.0	1015579.0	1451280.648767
sub-137S0972	2692.0	5652.0	3397.0	1062.0	6890.0	10351.0	11904.0	2316.0	8457.0	7511.0	5324.0	3701.0	9752.0	1809.0	4027.0	3942.0	1866.0	3619.0	1793.0	8181.0	3123.0	11279.0	7676.0	2839.0	8925.0	18708.0	8520.0	11548.0	8882.0	845.0	5198.0	935531.0	1465760.533881
sub-137S4466	3308.0	6798.0	3795.0	1847.0	8588.0	9428.0	9397.0	2161.0	13468.0	8299.0	5670.0	4249.0	11143.0	1961.0	4375.0	3530.0	2269.0	3977.0	1737.0	9456.0	3113.0	12206.0	7713.0	3412.0	9614.0	22048.0	8380.0	15043.0	7291.0	1209.0	6086.0	1003904.0	1530749.512418
sub-137S4482	2569.0	4571.0	3156.0	1288.0	6088.0	10258.0	9280.0	2455.0	9446.0	8125.0	5530.0	3809.0	10070.0	1849.0	3483.0	3485.0	2281.0	3333.0	1917.0	8690.0	2723.0	10890.0	8970.0	2485.0	8954.0	20812.0	10226.0	14143.0	9808.0	941.0	6074.0	900937.0	1389805.520956
sub-137S4520	2735.0	5750.0	4821.0	2053.0	9354.0	11312.0	11149.0	2541.0	13699.0	8808.0	6590.0	4183.0	14765.0	2393.0	3660.0	4129.0	1919.0	3657.0	1952.0	9622.0	3104.0	11886.0	9229.0	3373.0	11954.0	24677.0	10239.0	17589.0	7153.0	913.0	6354.0	1157410.0	1577581.708708
sub-137S4587	2747.0	7063.0	4255.0	1639.0	7432.0	11165.0	9577.0	2431.0	12169.0	6989.0	5720.0	4091.0	12646.0	2303.0	2984.0	3904.0	1838.0	3083.0	1476.0	9388.0	3317.0	11438.0	8551.0	3145.0	9074.0	19492.0	9607.0	14766.0	6987.0	1039.0	5612.0	922113.0	1377212.508159
sub-137S4632	2729.0	4680.0	3755.0	2516.0	7916.0	10487.0	12512.0	2537.0	10322.0	8205.0	7212.0	4095.0	12565.0	3019.0	4516.0	5275.0	2169.0	4503.0	1859.0	9599.0	3352.0	11796.0	9534.0	3674.0	10753.0	21599.0	9333.0	17585.0	10023.0	1091.0	6737.0	1116547.0	1639418.683536
sub-141S0717	2335.0	6427.0	4675.0	1758.0	7189.0	9151.0	10583.0	2457.0	12418.0	6724.0	6396.0	4878.0	10227.0	1763.0	3361.0	3613.0	1548.0	2765.0	2131.0	10023.0	2524.0	10015.0	8967.0	3246.0	10240.0	20164.0	7748.0	13433.0	8130.0	685.0	6197.0	1131498.0	1813448.206093
sub-141S0767	2316.0	4658.0	3278.0	1305.0	8014.0	9757.0	8590.0	1881.0	9865.0	6455.0	5756.0	3307.0	10443.0	1780.0	3414.0	3061.0	1980.0	3582.0	2432.0	10170.0	2442.0	11351.0	7959.0	2203.0	8668.0	20974.0	7854.0	13299.0	9125.0	1087.0	4912.0	906588.0	1297735.585428
sub-153S4125	1942.0	4978.0	3027.0	1590.0	7699.0	10795.0	9800.0	2497.0	9703.0	7288.0	5531.0	3675.0	11225.0	2126.0	3903.0	3260.0	1807.0	3482.0	1503.0	8811.0	2534.0	11023.0	8358.0	3120.0	8055.0	19341.0	8568.0	14887.0	9843.0	1063.0	5529.0	894695.0	1308163.914274
sub-153S4139	2197.0	5654.0	3150.0	1534.0	7623.0	9973.0	8354.0	2024.0	10080.0	6759.0	4988.0	3624.0	10299.0	1703.0	3476.0	3909.0	1848.0	3620.0	1613.0	7542.0	2534.0	11568.0	6989.0	2462.0	8720.0	19021.0	7821.0	14171.0	8240.0	1083.0	4764.0	883531.0	1276535.224567
sub-153S4151	2106.0	4934.0	2984.0	1841.0	5478.0	9350.0	9014.0	1881.0	9681.0	7488.0	5067.0	3475.0	10994.0	1603.0	3577.0	3398.0	2034.0	3776.0	1425.0	8272.0	2248.0	10842.0	7410.0	2239.0	8220.0	19400.0	6923.0	14969.0	7737.0	1284.0	6064.0	861078.0	1314784.546112
sub-153S4372	2205.0	4575.0	3162.0	1699.0	7303.0	10559.0	8802.0	2321.0	9832.0	7966.0	6071.0	3808.0	11295.0	2205.0	3705.0	3259.0	1763.0	3119.0	1755.0	8249.0	3039.0	10425.0	8249.0	2541.0	6972.0	17275.0	8595.0	13228.0	8346.0	797.0	4536.0	915746.0	1350920.617123
sub-941S1195	2428.0	6953.0	3796.0	3450.0	8004.0	9631.0	9813.0	2583.0	10029.0	7827.0	6781.0	4212.0	11126.0	2224.0	3319.0	4139.0	2019.0	5547.0	2342.0	9605.0	2800.0	11949.0	7997.0	3506.0	11440.0	23305.0	7536.0	15348.0	9438.0	1140.0	7316.0	1003304.0	1587230.896674
sub-941S1202	3573.0	6566.0	3205.0	757.0	6865.0	10681.0	8401.0	2587.0	12178.0	8315.0	5272.0	3941.0	12161.0	1240.0	3902.0	3673.0	2053.0	3502.0	1003.0	8606.0	2806.0	11537.0	7011.0	4059.0	12038.0	21275.0	11090.0	13137.0	8925.0	1218.0	5983.0	990794.0	1632443.695868
sub-941S1203	2179.0	4144.0	3188.0	1481.0	7114.0	8633.0	9429.0	2661.0	7665.0	7855.0	4774.0	3861.0	9606.0	1919.0	3523.0	3588.0	2198.0	3150.0	1615.0	9088.0	2966.0	10919.0	7922.0	3610.0	8420.0	21420.0	8503.0	13732.0	10504.0	851.0	6354.0	881116.0	1406361.694575
sub-941S4066	2266.0	5355.0	3158.0	1253.0	8423.0	9141.0	9131.0	2167.0	9373.0	6796.0	5985.0	3395.0	10547.0	1533.0	3942.0	2622.0	1460.0	2716.0	1790.0	10253.0	2508.0	10522.0	8028.0	2849.0	8113.0	18243.0	7953.0	13376.0	7850.0	994.0	5173.0	877640.0	1423322.903793
sub-941S4100	2647.0	5609.0	3295.0	1917.0	7520.0	11614.0	10711.0	1867.0	10944.0	8305.0	5942.0	3986.0	13341.0	2317.0	3909.0	3859.0	2183.0	3992.0	1368.0	10315.0	3235.0	12692.0	7315.0	3615.0	9404.0	20959.0	8301.0	14814.0	8630.0	825.0	6173.0	1013370.0	1579475.76931
sub-941S4255	2795.0	7558.0	3164.0	1656.0	7309.0	9597.0	9445.0	2369.0	9343.0	8667.0	5329.0	4735.0	13106.0	1868.0	3653.0	3711.0	1676.0	3987.0	1494.0	12135.0	3107.0	13180.0	9918.0	3399.0	10191.0	24318.0	10842.0	15445.0	11612.0	1245.0	6277.0	1035029.0	1602607.335152
sub-941S4292	2990.0	5540.0	3629.0	1771.0	6860.0	9698.0	9405.0	2622.0	10466.0	7931.0	6061.0	4398.0	11782.0	2173.0	3977.0	3261.0	2052.0	3197.0	1793.0	9474.0	3425.0	12670.0	8768.0	3084.0	8865.0	19840.0	9188.0	13804.0	9759.0	998.0	5438.0	999881.0	1484738.773689
sub-941S4365	2584.0	6343.0	3858.0	1650.0	8056.0	8441.0	11513.0	3092.0	9943.0	8005.0	5633.0	3854.0	11520.0	2298.0	4049.0	4434.0	1976.0	4296.0	1702.0	9477.0	2516.0	11673.0	9555.0	3347.0	9754.0	22284.0	9939.0	18416.0	12149.0	1194.0	6662.0	1091136.0	1724259.741326
sub-941S4376	2229.0	4854.0	3455.0	1794.0	6743.0	9246.0	9268.0	2218.0	9630.0	7221.0	5907.0	3623.0	9500.0	2256.0	4103.0	3445.0	2003.0	3549.0	1849.0	7698.0	2312.0	10870.0	8090.0	2310.0	8280.0	19117.0	8323.0	13725.0	7656.0	1072.0	5473.0	928015.0	1400893.739842
