rh.BA_exvivo.volume	rh_BA1_exvivo_volume	rh_BA2_exvivo_volume	rh_BA3a_exvivo_volume	rh_BA3b_exvivo_volume	rh_BA4a_exvivo_volume	rh_BA4p_exvivo_volume	rh_BA6_exvivo_volume	rh_BA44_exvivo_volume	rh_BA45_exvivo_volume	rh_V1_exvivo_volume	rh_V2_exvivo_volume	rh_MT_exvivo_volume	rh_perirhinal_exvivo_volume	rh_entorhinal_exvivo_volume	BrainSegVolNotVent	eTIV
sub-002S0295	1521.0	4345.0	982.0	2080.0	2821.0	2081.0	15243.0	6103.0	6480.0	5190.0	10992.0	3529.0	2229.0	775.0	1049464.0	1683891.325623
sub-002S0413	1789.0	4278.0	1014.0	2559.0	3286.0	2046.0	15909.0	5848.0	6817.0	5179.0	12720.0	3092.0	1782.0	884.0	1031417.0	1468504.820203
sub-002S0685	1261.0	3103.0	808.0	2006.0	2252.0	1538.0	13755.0	4444.0	6542.0	4104.0	10392.0	2644.0	2194.0	1142.0	981016.0	1543022.145788
sub-002S1261	1486.0	4697.0	918.0	2376.0	2448.0	1978.0	13740.0	6713.0	6476.0	4633.0	11103.0	2905.0	1315.0	891.0	971327.0	1486914.720552
sub-002S1280	1631.0	4953.0	1007.0	2285.0	2508.0	2210.0	13929.0	4424.0	5568.0	3334.0	8817.0	2264.0	1661.0	1080.0	912236.0	1420831.701808
sub-002S4213	1655.0	4158.0	928.0	2044.0	2577.0	1766.0	14498.0	4755.0	6786.0	4948.0	10927.0	2748.0	2286.0	1240.0	929490.0	1457811.479267
sub-002S4225	1948.0	5282.0	1279.0	2658.0	3046.0	2399.0	17801.0	6875.0	7267.0	5946.0	16793.0	4273.0	2023.0	916.0	1225004.0	1880480.84738
sub-002S4262	1486.0	3184.0	929.0	2223.0	2887.0	1994.0	14364.0	4745.0	4968.0	4372.0	9137.0	2261.0	1305.0	500.0	877597.0	1574305.99148
sub-002S4264	1085.0	3286.0	828.0	1768.0	2544.0	1684.0	12923.0	5020.0	6513.0	4193.0	9385.0	3312.0	1074.0	487.0	946496.0	1432436.642983
sub-002S4270	1284.0	4301.0	829.0	2043.0	2474.0	1618.0	12401.0	4671.0	5661.0	4785.0	9883.0	3115.0	1762.0	948.0	999849.0	1495734.272789
sub-003S0907	1138.0	3395.0	835.0	2131.0	1596.0	1229.0	10126.0	4722.0	5528.0	3329.0	8864.0	2689.0	1667.0	601.0	833101.0	1408413.108412
sub-003S0981	886.0	3057.0	890.0	1801.0	2326.0	1526.0	12174.0	3616.0	5042.0	2897.0	6566.0	2502.0	1690.0	963.0	823439.0	3074205.906953
sub-003S4081	985.0	2996.0	710.0	1560.0	2263.0	1426.0	11397.0	4618.0	4966.0	4144.0	7963.0	2819.0	1976.0	1487.0	802731.0	1175637.939837
sub-003S4119	1275.0	4779.0	1093.0	2169.0	2514.0	2318.0	15997.0	6158.0	8105.0	4535.0	9660.0	3496.0	2328.0	1423.0	1085194.0	1540009.985009
sub-003S4288	1206.0	2974.0	753.0	1535.0	2008.0	1482.0	10183.0	5302.0	6085.0	3802.0	8873.0	2047.0	1845.0	1020.0	868201.0	1213393.324962
sub-003S4350	1113.0	3470.0	887.0	1969.0	2697.0	1921.0	13318.0	5608.0	7755.0	4484.0	9904.0	4564.0	2445.0	887.0	1116021.0	1421978.642033
sub-003S4441	975.0	4156.0	982.0	2016.0	2808.0	2311.0	15487.0	5486.0	7617.0	4373.0	11449.0	3674.0	2342.0	1385.0	1105372.0	1530622.913335
sub-003S4555	1559.0	3822.0	1080.0	2517.0	3509.0	2432.0	14901.0	5751.0	6448.0	4530.0	11180.0	3738.0	1438.0	752.0	1019373.0	1384959.507897
sub-003S4644	1382.0	4881.0	1045.0	2343.0	2725.0	2202.0	14718.0	5586.0	6919.0	4311.0	10866.0	2923.0	1934.0	1104.0	975313.0	1365713.781841
sub-003S4839	1357.0	4168.0	968.0	2200.0	2653.0	2021.0	14382.0	4737.0	5909.0	2868.0	10028.0	3730.0	1695.0	1345.0	975693.0	1369211.809852
sub-003S4840	1051.0	3408.0	925.0	1951.0	2303.0	1785.0	12754.0	5993.0	6576.0	5330.0	12498.0	4139.0	2339.0	934.0	1100815.0	1448127.526802
sub-003S4872	1763.0	4340.0	1073.0	2474.0	2637.0	2333.0	14958.0	6116.0	8186.0	4077.0	10351.0	2938.0	1874.0	1062.0	1014951.0	1448192.20547
sub-003S4900	979.0	3532.0	814.0	1702.0	2299.0	1608.0	13437.0	6213.0	6941.0	4179.0	10725.0	3200.0	2136.0	1102.0	978392.0	1215856.919368
sub-005S0553	1021.0	3629.0	742.0	2042.0	1943.0	1368.0	11779.0	5762.0	7786.0	4630.0	11189.0	2796.0	1842.0	1492.0	917208.0	1540761.958465
sub-005S0602	1107.0	3090.0	869.0	1947.0	2292.0	1758.0	11515.0	5098.0	6050.0	3621.0	8758.0	2628.0	1883.0	942.0	983743.0	1385998.576713
sub-005S0610	895.0	2937.0	753.0	1669.0	1880.0	1311.0	12015.0	4559.0	5814.0	3490.0	9042.0	3467.0	2335.0	1119.0	891703.0	1460837.307316
sub-006S0498	1316.0	3336.0	924.0	1907.0	2333.0	1948.0	14119.0	5400.0	7888.0	3675.0	9837.0	2784.0	1701.0	949.0	1066582.0	1636697.177721
sub-006S0731	1366.0	4184.0	1034.0	1987.0	2015.0	1856.0	11269.0	5290.0	6425.0	5075.0	10077.0	2917.0	2406.0	846.0	982881.0	1494517.802949
sub-006S4150	1442.0	4547.0	841.0	2183.0	2324.0	1652.0	13825.0	4771.0	5469.0	5184.0	11716.0	3045.0	2799.0	1482.0	1054806.0	1605626.307878
sub-006S4357	1166.0	3828.0	888.0	1918.0	2363.0	1950.0	11915.0	4667.0	5391.0	4790.0	9511.0	2447.0	1570.0	1029.0	876915.0	1148315.525837
sub-006S4449	1551.0	4553.0	1100.0	2292.0	3058.0	2355.0	14749.0	6559.0	8603.0	5717.0	12623.0	3801.0	1454.0	856.0	1207593.0	1792794.524345
sub-006S4485	1271.0	3676.0	986.0	2104.0	2415.0	1849.0	13785.0	6529.0	6015.0	4261.0	10307.0	3881.0	1882.0	1245.0	1108943.0	1688758.614764
sub-007S1206	1524.0	4343.0	1025.0	2201.0	2797.0	2237.0	17233.0	6573.0	7119.0	4409.0	9809.0	3909.0	2158.0	1284.0	1109840.0	1711488.986575
sub-007S1222	1029.0	2985.0	839.0	1691.0	1745.0	1317.0	10909.0	4258.0	4983.0	3045.0	6956.0	2616.0	1478.0	617.0	896150.0	1347342.66089
sub-007S4387	1212.0	3478.0	890.0	1899.0	2533.0	1862.0	12235.0	5807.0	7220.0	3916.0	10133.0	2610.0	2012.0	1049.0	934388.0	1387400.721012
sub-007S4488	1728.0	3721.0	1142.0	2550.0	2399.0	2227.0	14338.0	6180.0	6992.0	5661.0	12324.0	3548.0	2845.0	1510.0	1137958.0	1607405.87503
sub-007S4516	1033.0	3259.0	952.0	1972.0	2718.0	2073.0	15086.0	5770.0	6272.0	4542.0	11707.0	4168.0	2681.0	1578.0	1032285.0	1415187.264209
sub-007S4620	1284.0	3579.0	930.0	1900.0	2401.0	1901.0	13286.0	5965.0	6172.0	3345.0	8844.0	3021.0	1798.0	818.0	935229.0	1454466.949158
sub-007S4637	1276.0	4045.0	787.0	1781.0	2248.0	1593.0	12835.0	5006.0	6148.0	4586.0	12555.0	3083.0	2463.0	1411.0	927957.0	1309197.040793
sub-009S0751	1480.0	4882.0	943.0	2048.0	2446.0	1747.0	13741.0	4567.0	5660.0	4161.0	11871.0	3394.0	2145.0	806.0	1027155.0	1691257.521957
sub-009S0842	1152.0	3967.0	962.0	1981.0	2775.0	2008.0	16210.0	5195.0	7492.0	5576.0	12241.0	3223.0	1742.0	824.0	1097114.0	1656701.514839
sub-009S4337	1647.0	4400.0	752.0	2075.0	2363.0	1341.0	13402.0	5376.0	6911.0	3504.0	9426.0	3133.0	2860.0	1672.0	967708.0	1502186.05902
sub-009S4388	2027.0	5695.0	934.0	2698.0	2791.0	1681.0	18842.0	6478.0	7533.0	5409.0	12040.0	3584.0	2099.0	899.0	1113336.0	1670964.340858
sub-009S4612	1251.0	3574.0	972.0	1994.0	2364.0	1642.0	11839.0	5558.0	5742.0	4890.0	12046.0	3186.0	1831.0	950.0	891416.0	1192550.067527
sub-010S0419	1430.0	4218.0	1162.0	2274.0	2717.0	2233.0	15849.0	6602.0	6958.0	4134.0	9831.0	3330.0	2267.0	1411.0	1063906.0	1628289.97458
sub-010S0420	1437.0	3057.0	809.0	1964.0	2350.0	1579.0	15633.0	5126.0	5918.0	4482.0	9669.0	3225.0	2257.0	1123.0	1027497.0	1503139.446854
sub-010S4345	1266.0	3870.0	894.0	2023.0	2394.0	1728.0	12347.0	6267.0	6551.0	4267.0	9419.0	3812.0	1586.0	796.0	1042921.0	1579937.08795
sub-010S4442	1310.0	3208.0	817.0	1892.0	2597.0	1622.0	15200.0	5714.0	7224.0	4480.0	8883.0	2449.0	1571.0	987.0	963275.0	1230255.159956
sub-011S0021	1102.0	3850.0	997.0	1838.0	2458.0	1768.0	12507.0	5462.0	6692.0	4353.0	8707.0	3380.0	1167.0	880.0	873882.0	1373135.659751
sub-011S0023	1076.0	3010.0	751.0	2026.0	1913.0	1180.0	11874.0	6441.0	10428.0	4174.0	8957.0	2692.0	1893.0	1099.0	1008068.0	1537336.193831
sub-011S4075	1567.0	4272.0	1255.0	2623.0	3098.0	2311.0	15526.0	6031.0	8071.0	4985.0	11449.0	3349.0	2115.0	826.0	1044879.0	1563584.684012
sub-011S4105	1446.0	3994.0	869.0	2249.0	2396.0	1846.0	12896.0	5059.0	6291.0	4336.0	10690.0	2457.0	1960.0	879.0	944529.0	1471143.5108
sub-011S4120	1402.0	4905.0	1080.0	2153.0	2179.0	1846.0	12381.0	5373.0	5978.0	4573.0	10385.0	2824.0	1650.0	1214.0	916281.0	1410136.302794
sub-011S4222	1367.0	4175.0	1078.0	2436.0	2677.0	1879.0	15138.0	5379.0	6560.0	3923.0	9425.0	3091.0	1400.0	971.0	908207.0	1409857.710323
sub-011S4278	1368.0	4345.0	1086.0	2069.0	2753.0	2188.0	16109.0	6283.0	6852.0	5151.0	10837.0	3571.0	2036.0	1465.0	985282.0	1590363.320442
sub-012S4026	1451.0	3476.0	896.0	1919.0	2449.0	1691.0	12464.0	6061.0	7236.0	4358.0	9982.0	3123.0	1921.0	1024.0	1050425.0	1620670.609621
sub-012S4545	1920.0	5163.0	989.0	2425.0	2929.0	2033.0	14821.0	5922.0	7511.0	3509.0	10593.0	3174.0	1881.0	814.0	1131833.0	1500592.047643
sub-012S4643	1452.0	3885.0	960.0	2172.0	2809.0	2081.0	14024.0	5235.0	6686.0	4286.0	9849.0	3542.0	2125.0	1245.0	985283.0	1513785.948144
sub-013S4579	1056.0	3707.0	989.0	2073.0	2442.0	1500.0	14677.0	5396.0	6259.0	5173.0	11354.0	3021.0	1871.0	1666.0	885886.0	1441982.438839
sub-013S4580	1306.0	4187.0	1016.0	2089.0	2336.0	1985.0	12263.0	4528.0	5179.0	4988.0	11828.0	2988.0	1814.0	883.0	957136.0	1368992.959255
sub-013S4616	1561.0	5033.0	1079.0	2420.0	3042.0	2042.0	14845.0	6098.0	8160.0	4567.0	9752.0	2976.0	2018.0	1047.0	1031889.0	1835733.260113
sub-013S4731	1285.0	3501.0	839.0	1799.0	2417.0	1882.0	12720.0	5334.0	5757.0	3283.0	8687.0	2917.0	1443.0	578.0	902209.0	1432389.810952
sub-014S0519	1319.0	4595.0	965.0	2019.0	1996.0	1578.0	11448.0	4924.0	5827.0	4731.0	11403.0	2762.0	1645.0	962.0	1015746.0	1534372.101223
sub-014S0520	1301.0	4159.0	854.0	2025.0	1867.0	1216.0	14330.0	6083.0	6866.0	4270.0	9042.0	3422.0	2713.0	1562.0	1095798.0	1526919.965463
sub-014S0548	1377.0	4219.0	1019.0	2103.0	1753.0	1525.0	13543.0	4965.0	5368.0	4673.0	9851.0	3168.0	1837.0	1181.0	1009163.0	1551078.622055
sub-014S4080	1507.0	3617.0	884.0	1994.0	2173.0	1644.0	12627.0	5797.0	6057.0	3652.0	9989.0	3187.0	1736.0	748.0	910854.0	1391923.16458
sub-014S4093	1586.0	4604.0	861.0	2014.0	3287.0	1785.0	15839.0	6526.0	7475.0	4473.0	10731.0	3030.0	2122.0	1052.0	1072590.0	1704672.333204
sub-014S4401	1202.0	3513.0	1039.0	2006.0	2489.0	2049.0	14440.0	6299.0	7748.0	6279.0	12722.0	4957.0	1863.0	971.0	1075572.0	1470561.153388
sub-014S4576	1335.0	4374.0	961.0	1958.0	2595.0	1839.0	12947.0	5655.0	6983.0	3589.0	8186.0	2953.0	1596.0	1333.0	902283.0	1222097.95918
sub-014S4577	1114.0	3341.0	1084.0	2284.0	2153.0	1646.0	13524.0	4800.0	7076.0	3941.0	9932.0	3819.0	1598.0	726.0	979468.0	1457798.214596
sub-016S0359	948.0	3133.0	839.0	1832.0	2047.0	1574.0	10069.0	4493.0	5920.0	2870.0	8115.0	2059.0	1390.0	1017.0	779559.0	1204786.766552
sub-016S4097	952.0	2945.0	762.0	1726.0	2017.0	1612.0	10964.0	5018.0	5348.0	3731.0	8930.0	3237.0	1714.0	834.0	947514.0	1200206.93281
sub-016S4121	625.0	2015.0	668.0	1220.0	1214.0	856.0	8518.0	4459.0	8990.0	3678.0	10117.0	3167.0	1998.0	1172.0	918187.0	1416440.25552
sub-016S4638	1218.0	3956.0	1120.0	2428.0	2596.0	2382.0	12399.0	6840.0	6937.0	4494.0	11081.0	3516.0	1620.0	728.0	1111526.0	1522101.871414
sub-016S4688	1063.0	3547.0	897.0	1998.0	2522.0	1907.0	13546.0	5840.0	7276.0	3873.0	8633.0	2805.0	1823.0	742.0	912553.0	1274897.505263
sub-016S4951	1100.0	3529.0	1001.0	2133.0	2488.0	2181.0	13644.0	5161.0	7294.0	4363.0	9584.0	2473.0	2300.0	1259.0	974685.0	1381934.595104
sub-016S4952	1348.0	3436.0	901.0	2167.0	2555.0	1763.0	12118.0	5306.0	6559.0	3843.0	8969.0	3575.0	2281.0	1210.0	897906.0	1249412.930232
sub-018S0055	1194.0	3421.0	983.0	1982.0	2487.0	1798.0	15778.0	6137.0	7222.0	4708.0	8929.0	3205.0	2775.0	1276.0	1068819.0	1860745.580041
sub-018S4257	1413.0	6684.0	1164.0	2247.0	2582.0	2347.0	14768.0	5587.0	6144.0	4303.0	9576.0	3103.0	2938.0	1551.0	1183019.0	1825085.282837
sub-018S4349	1632.0	4189.0	976.0	2216.0	2563.0	1885.0	15917.0	5657.0	7023.0	4627.0	12113.0	3645.0	2290.0	993.0	1165315.0	1640216.898661
sub-018S4399	1172.0	3221.0	761.0	1654.0	2385.0	1414.0	12043.0	4780.0	5496.0	2610.0	8853.0	2688.0	1618.0	1103.0	924171.0	1352778.430478
sub-018S4400	1424.0	3988.0	926.0	2078.0	2858.0	1737.0	14145.0	4774.0	6376.0	5047.0	10443.0	3247.0	1655.0	775.0	979402.0	1484060.559027
sub-019S4367	1120.0	3432.0	759.0	1647.0	2444.0	1568.0	13777.0	5102.0	6891.0	3924.0	10502.0	2591.0	1734.0	912.0	1065435.0	1404780.76974
sub-019S4835	1959.0	5077.0	1209.0	2610.0	2847.0	2326.0	15812.0	6309.0	6936.0	4705.0	10661.0	2807.0	2129.0	1253.0	1136765.0	1688211.338736
sub-020S1288	1184.0	4332.0	1122.0	2321.0	3201.0	2121.0	16558.0	7846.0	7780.0	4732.0	11685.0	3888.0	2432.0	1850.0	1193318.0	1686357.566228
sub-021S0159	1258.0	3313.0	793.0	2061.0	2068.0	1274.0	12786.0	5144.0	6037.0	3885.0	9303.0	2719.0	1597.0	1287.0	865254.0	1245772.285429
sub-021S0337	1117.0	2972.0	932.0	2087.0	2547.0	1590.0	13813.0	6111.0	6910.0	4082.0	8839.0	3377.0	1768.0	575.0	970742.0	1733726.461237
sub-021S4254	739.0	3033.0	895.0	1738.0	2204.0	1763.0	11547.0	4923.0	5367.0	5341.0	8906.0	2965.0	1536.0	1082.0	813098.0	1226951.352632
sub-021S4276	1480.0	4654.0	1071.0	2627.0	2666.0	2293.0	14005.0	4525.0	6105.0	2951.0	9163.0	3439.0	1776.0	774.0	958061.0	1419124.800091
sub-021S4335	1458.0	3887.0	975.0	2244.0	2931.0	2083.0	15410.0	6298.0	6462.0	4906.0	11843.0	3460.0	2257.0	934.0	1002117.0	1363286.127158
sub-021S4421	1928.0	4709.0	1162.0	2716.0	2934.0	2218.0	16096.0	7166.0	7211.0	5336.0	10418.0	2889.0	2164.0	1292.0	1122552.0	1559761.67399
sub-021S4558	1342.0	3973.0	1015.0	2045.0	2352.0	1928.0	13310.0	5022.0	6116.0	3644.0	9246.0	2824.0	1695.0	1081.0	984985.0	1335947.604272
sub-022S0096	1301.0	4198.0	949.0	2030.0	2105.0	1696.0	13011.0	5550.0	7477.0	3683.0	9970.0	3765.0	2331.0	1337.0	1046938.0	1865691.684976
sub-022S0130	1557.0	5047.0	1137.0	2562.0	3153.0	2173.0	16238.0	6890.0	7719.0	4223.0	10488.0	3806.0	2091.0	874.0	1193738.0	1818840.642255
sub-022S4173	1436.0	3687.0	895.0	2269.0	2590.0	1789.0	13768.0	5902.0	5466.0	4022.0	9648.0	2990.0	1060.0	443.0	902879.0	1306038.558225
sub-022S4196	1575.0	4648.0	1029.0	2447.0	2715.0	1983.0	17292.0	6310.0	8739.0	3556.0	9948.0	3728.0	1739.0	926.0	1027833.0	2394498.271875
sub-022S4266	1746.0	4445.0	1122.0	2566.0	2661.0	2116.0	14963.0	5932.0	6549.0	4600.0	11259.0	3855.0	1728.0	1168.0	1073298.0	1505345.851411
sub-022S4291	2175.0	4014.0	934.0	2468.0	3287.0	2094.0	15869.0	5686.0	6695.0	4312.0	10366.0	2394.0	1877.0	877.0	895090.0	1405472.205882
sub-022S4320	1374.0	3916.0	1003.0	2116.0	2614.0	1781.0	15302.0	6053.0	8066.0	5192.0	12660.0	3468.0	1796.0	790.0	975691.0	1513895.892783
sub-023S0031	787.0	2703.0	939.0	1680.0	2134.0	1809.0	12595.0	5050.0	5358.0	3158.0	8394.0	2657.0	1803.0	764.0	852372.0	1329445.163985
sub-023S0058	902.0	3368.0	778.0	1841.0	2687.0	1530.0	13280.0	5794.0	6361.0	4478.0	10287.0	3446.0	1924.0	657.0	983619.0	1429852.034188
sub-023S0061	965.0	2483.0	845.0	1801.0	2066.0	1361.0	12881.0	4484.0	6777.0	4200.0	9007.0	2145.0	2129.0	1146.0	884651.0	1479244.247951
sub-023S0926	1356.0	4094.0	859.0	2039.0	1709.0	1462.0	12979.0	5868.0	6665.0	3990.0	9960.0	3146.0	1777.0	685.0	978251.0	1480457.697885
sub-023S1190	992.0	3301.0	780.0	1721.0	1806.0	1472.0	11818.0	4722.0	6232.0	4062.0	11163.0	2769.0	2154.0	746.0	897862.0	1426927.285231
sub-023S4020	1487.0	4339.0	890.0	2219.0	2353.0	1593.0	15004.0	6753.0	6758.0	4904.0	11486.0	4096.0	2293.0	967.0	1130941.0	1617752.58253
sub-023S4164	1595.0	4316.0	987.0	2432.0	2288.0	1943.0	14871.0	5744.0	7276.0	4700.0	13020.0	3651.0	1713.0	803.0	1074326.0	1686602.620685
sub-023S4448	1650.0	4370.0	1124.0	2655.0	2711.0	1945.0	13231.0	6779.0	7872.0	5714.0	13824.0	3741.0	2043.0	893.0	1027146.0	1412208.270176
sub-024S0985	1051.0	2925.0	871.0	1851.0	2082.0	1659.0	10256.0	3910.0	4936.0	3504.0	8465.0	2330.0	1302.0	679.0	764176.0	1331963.616711
sub-024S4084	1458.0	4555.0	960.0	2402.0	2859.0	2160.0	16123.0	5959.0	6189.0	4068.0	11110.0	4056.0	1834.0	957.0	1054847.0	1473387.09007
sub-024S4158	807.0	2877.0	844.0	1632.0	2191.0	1637.0	12964.0	4715.0	5876.0	3473.0	8752.0	3320.0	1589.0	955.0	888200.0	1445341.188842
sub-027S0074	1546.0	4531.0	997.0	2202.0	2622.0	2088.0	14520.0	6298.0	6223.0	4077.0	10594.0	4077.0	2232.0	1359.0	965883.0	1606683.180919
sub-027S0120	1336.0	4728.0	1061.0	2360.0	2148.0	1949.0	12686.0	5082.0	6118.0	4215.0	9720.0	3480.0	2152.0	1173.0	1051241.0	1537996.243965
sub-029S0824	1529.0	3789.0	878.0	2073.0	3247.0	1912.0	15639.0	6088.0	7108.0	4725.0	10326.0	3153.0	1758.0	1159.0	934723.0	1470856.047405
sub-029S4279	1196.0	3443.0	905.0	2034.0	2639.0	1852.0	15703.0	5863.0	8968.0	2953.0	9327.0	3485.0	1344.0	612.0	955306.0	1473247.886144
sub-029S4290	1173.0	6115.0	915.0	1989.0	2815.0	1999.0	13817.0	4685.0	6874.0	6426.0	13547.0	3538.0	2330.0	626.0	1039277.0	1629681.569519
sub-029S4384	1465.0	3903.0	999.0	2483.0	3072.0	2291.0	17437.0	5516.0	6915.0	3984.0	10748.0	4054.0	1980.0	1179.0	1069591.0	1461022.764941
sub-029S4385	969.0	2961.0	836.0	2038.0	2432.0	1877.0	12587.0	5296.0	6764.0	4069.0	9211.0	3031.0	1688.0	755.0	903546.0	1323205.82315
sub-029S4585	1279.0	3825.0	987.0	1981.0	2597.0	1941.0	15791.0	6628.0	6687.0	3533.0	9229.0	3184.0	2460.0	1467.0	1034952.0	1495842.569267
sub-029S4652	1035.0	3845.0	1006.0	2205.0	2686.0	1992.0	16100.0	6898.0	7567.0	3254.0	9490.0	3839.0	2422.0	1172.0	996503.0	1602224.576237
sub-031S0618	1106.0	3580.0	793.0	1729.0	1646.0	1292.0	11622.0	5689.0	7522.0	3790.0	8743.0	3875.0	2438.0	1110.0	1052794.0	1457587.312761
sub-031S4021	1358.0	3368.0	850.0	1988.0	3059.0	1868.0	14028.0	5094.0	6283.0	4877.0	10282.0	2683.0	2039.0	1155.0	1037869.0	1645923.380834
sub-031S4032	1223.0	3424.0	774.0	1861.0	2313.0	1571.0	12152.0	4878.0	5875.0	3935.0	9004.0	2505.0	1722.0	691.0	880979.0	1069381.348114
sub-031S4218	1822.0	4515.0	1067.0	2518.0	3023.0	2125.0	15238.0	6544.0	8364.0	5393.0	13138.0	3614.0	1878.0	580.0	1058542.0	1684670.921817
sub-031S4474	1260.0	3850.0	922.0	2056.0	2040.0	1738.0	17491.0	6107.0	6446.0	4030.0	9162.0	2378.0	1798.0	717.0	1030673.0	1769607.560528
sub-031S4496	1289.0	3481.0	776.0	1818.0	2550.0	1769.0	15952.0	6279.0	7723.0	3546.0	9586.0	2195.0	1395.0	1009.0	970835.0	1526209.661023
sub-032S0479	995.0	3576.0	839.0	1732.0	1973.0	1583.0	12004.0	5294.0	6795.0	4148.0	8926.0	2696.0	901.0	457.0	990126.0	1547150.622092
sub-032S0677	1444.0	4437.0	1148.0	2392.0	2735.0	2168.0	14389.0	6373.0	7462.0	4130.0	11308.0	3447.0	2077.0	980.0	1010056.0	1528490.940716
sub-032S1169	1396.0	4019.0	1069.0	2192.0	2332.0	1951.0	14895.0	6088.0	5939.0	4101.0	11120.0	3901.0	1202.0	476.0	933539.0	1561276.878402
sub-032S4277	1299.0	3927.0	925.0	1908.0	2361.0	1583.0	12767.0	4579.0	6300.0	3457.0	9832.0	2577.0	1458.0	658.0	902223.0	1274512.512789
sub-032S4304	1376.0	3857.0	899.0	2115.0	2009.0	1436.0	12710.0	5100.0	6766.0	4153.0	10952.0	3032.0	2045.0	1463.0	978837.0	1526609.580507
sub-032S4348	1068.0	2910.0	864.0	1760.0	2005.0	1548.0	10870.0	4608.0	5120.0	3520.0	7902.0	2831.0	1493.0	729.0	882803.0	1293885.870067
sub-032S4386	1258.0	3442.0	1067.0	2084.0	2508.0	2017.0	11771.0	6195.0	7295.0	5210.0	10598.0	3234.0	2268.0	1326.0	919554.0	1386114.843536
sub-032S4429	1513.0	4194.0	1083.0	2376.0	2670.0	1925.0	15521.0	6897.0	7038.0	4664.0	11680.0	3299.0	2311.0	790.0	1068893.0	1614706.866069
sub-032S4921	1367.0	3644.0	1237.0	2583.0	2916.0	2323.0	17208.0	5306.0	7912.0	5750.0	10815.0	3372.0	1798.0	1100.0	1133830.0	1721022.937334
sub-033S0734	1315.0	4375.0	899.0	2015.0	2680.0	2011.0	15171.0	5349.0	5771.0	3569.0	9518.0	3220.0	2136.0	937.0	1024865.0	1579572.255923
sub-033S0741	1237.0	4090.0	874.0	1992.0	2179.0	1719.0	14700.0	5000.0	6338.0	4236.0	9011.0	2607.0	969.0	514.0	972685.0	1493875.144498
sub-033S0920	1012.0	3410.0	775.0	1891.0	1961.0	1560.0	10703.0	4171.0	5290.0	3062.0	7294.0	2468.0	774.0	467.0	815946.0	1384241.903544
sub-033S0923	975.0	3597.0	861.0	1985.0	1650.0	1259.0	12471.0	4548.0	5265.0	2617.0	7069.0	2408.0	2159.0	861.0	943450.0	1507713.409069
sub-033S1016	1133.0	3573.0	847.0	1908.0	2431.0	1733.0	13398.0	4700.0	5035.0	4387.0	9053.0	3326.0	2281.0	1359.0	975104.0	1346424.173932
sub-033S1098	1429.0	3509.0	827.0	1943.0	2529.0	1671.0	12490.0	4316.0	5706.0	3293.0	7779.0	2751.0	1410.0	893.0	826712.0	1184105.295781
sub-033S4176	1420.0	3799.0	1076.0	2089.0	3279.0	2361.0	16247.0	6084.0	8100.0	5905.0	12088.0	2962.0	2436.0	887.0	1075212.0	1686863.417342
sub-033S4177	1336.0	4931.0	931.0	1926.0	2421.0	1697.0	12754.0	6114.0	8196.0	6403.0	12232.0	3731.0	2538.0	1015.0	1104119.0	1732747.022062
sub-033S4179	1376.0	4489.0	1309.0	2935.0	2991.0	2472.0	16375.0	7315.0	7458.0	5558.0	12880.0	4254.0	1956.0	1367.0	1131945.0	1748549.249966
sub-033S4505	1254.0	4386.0	992.0	2064.0	2458.0	1677.0	12601.0	5044.0	6493.0	4359.0	9913.0	2728.0	1402.0	693.0	846083.0	1408363.70729
sub-033S4508	1257.0	3915.0	794.0	1959.0	2334.0	1615.0	12700.0	6093.0	6265.0	3833.0	10541.0	3056.0	1735.0	1188.0	981959.0	1484636.260151
sub-035S0156	1212.0	3521.0	815.0	1830.0	2427.0	1666.0	13796.0	5255.0	6836.0	4704.0	11835.0	2925.0	900.0	396.0	981862.0	1597232.044265
sub-035S0555	987.0	3417.0	1038.0	2131.0	2718.0	1926.0	15832.0	6332.0	7707.0	4866.0	11107.0	2545.0	1673.0	843.0	1103615.0	1797852.000764
sub-035S4082	2042.0	5787.0	1084.0	2331.0	2618.0	2118.0	17020.0	7254.0	8114.0	4821.0	11798.0	2947.0	2301.0	1608.0	1252418.0	1912235.938355
sub-035S4464	1332.0	4228.0	1000.0	1962.0	2683.0	1769.0	15875.0	7559.0	8911.0	4786.0	11228.0	3944.0	1927.0	937.0	1052696.0	1579643.559775
sub-036S1023	905.0	2731.0	780.0	1884.0	1839.0	1494.0	11099.0	4451.0	6404.0	3818.0	8045.0	2623.0	1890.0	1038.0	885513.0	1348046.193222
sub-036S4389	1555.0	5328.0	990.0	2303.0	2371.0	1861.0	13774.0	6425.0	7496.0	5665.0	14143.0	3418.0	2240.0	1061.0	1179385.0	1753629.271998
sub-036S4491	1514.0	3684.0	943.0	2338.0	2551.0	1665.0	13107.0	6179.0	7093.0	3355.0	8766.0	2858.0	1632.0	1410.0	930234.0	1523912.727469
sub-036S4878	1126.0	3528.0	900.0	1936.0	2321.0	1692.0	12950.0	4991.0	5795.0	3265.0	9496.0	2921.0	1876.0	1009.0	879157.0	1276010.437744
sub-037S0303	1572.0	4390.0	1009.0	2206.0	2147.0	1801.0	14811.0	5409.0	6750.0	4044.0	10448.0	3534.0	1381.0	980.0	921436.0	1481218.005028
sub-037S0454	1471.0	4161.0	1035.0	2032.0	2667.0	1865.0	12238.0	5414.0	6436.0	4252.0	10385.0	3203.0	1554.0	839.0	935356.0	1437657.644648
sub-037S0467	1473.0	4682.0	1040.0	2513.0	2712.0	1983.0	13083.0	5868.0	6046.0	5712.0	11483.0	3339.0	1407.0	955.0	961726.0	1543469.702011
sub-037S4028	1375.0	3928.0	1108.0	2373.0	2899.0	2408.0	15131.0	4729.0	5860.0	5387.0	11318.0	2501.0	1611.0	877.0	961021.0	1287136.959764
sub-037S4071	1146.0	3644.0	923.0	1955.0	2403.0	2103.0	13828.0	6117.0	8160.0	3634.0	11307.0	3108.0	2475.0	1146.0	1081563.0	1666989.101814
sub-037S4308	1294.0	3875.0	975.0	2013.0	3114.0	1818.0	16799.0	7525.0	8035.0	4647.0	11185.0	3794.0	2236.0	1499.0	1057861.0	1730173.741198
sub-037S4410	1494.0	3626.0	998.0	2321.0	2677.0	2037.0	13926.0	5586.0	6255.0	3968.0	8926.0	2594.0	1626.0	776.0	940815.0	1325921.065453
sub-041S4014	1528.0	4594.0	1139.0	2050.0	2375.0	1914.0	16424.0	6726.0	8655.0	4370.0	12376.0	4438.0	1840.0	867.0	1077521.0	1796166.627148
sub-041S4037	1457.0	5032.0	973.0	2369.0	2434.0	1801.0	14420.0	5932.0	7637.0	5050.0	11525.0	3822.0	2732.0	1207.0	1115838.0	1721186.437662
sub-041S4041	1140.0	2876.0	830.0	1746.0	2255.0	1630.0	12017.0	4191.0	5682.0	4371.0	9880.0	2972.0	985.0	527.0	777237.0	1201667.548555
sub-041S4060	1330.0	4820.0	900.0	1982.0	2811.0	1864.0	14000.0	6349.0	6257.0	4236.0	10073.0	3448.0	2370.0	1166.0	1052134.0	1631735.301404
sub-041S4083	1786.0	4663.0	1060.0	2773.0	2815.0	1854.0	14067.0	5502.0	6662.0	4402.0	10520.0	3038.0	2082.0	1009.0	1040905.0	1677110.366135
sub-041S4200	1417.0	4182.0	1115.0	2371.0	2806.0	2252.0	13446.0	5219.0	6713.0	4830.0	11429.0	3061.0	1951.0	1008.0	1014730.0	1498221.236319
sub-041S4427	1555.0	3719.0	1075.0	2276.0	2965.0	2079.0	18122.0	5205.0	7125.0	6059.0	12801.0	5127.0	2118.0	1353.0	1182844.0	1753480.622528
sub-041S4509	1172.0	3659.0	865.0	1951.0	2167.0	1507.0	13732.0	4527.0	5496.0	4898.0	8282.0	3615.0	1727.0	997.0	932175.0	1384908.452117
sub-051S1123	900.0	2812.0	785.0	1640.0	1977.0	1434.0	13496.0	4898.0	6109.0	4331.0	9165.0	1660.0	1169.0	929.0	848945.0	1393956.185082
sub-052S0951	1281.0	3807.0	981.0	2386.0	1805.0	1572.0	13606.0	5460.0	6449.0	4685.0	9931.0	2704.0	2869.0	1521.0	1030154.0	1663979.822
sub-052S1250	858.0	2368.0	793.0	1724.0	1243.0	864.0	6786.0	1820.0	2204.0	2699.0	5976.0	1546.0	905.0	509.0	960542.0	1239581.035099
sub-053S4578	1774.0	5960.0	1062.0	2415.0	3647.0	2247.0	18495.0	6400.0	7540.0	6036.0	12758.0	3650.0	1764.0	914.0	1162496.0	1647336.989424
sub-057S0934	1458.0	3399.0	917.0	1981.0	2638.0	1978.0	13482.0	5545.0	6663.0	4342.0	10668.0	2605.0	1982.0	1239.0	879661.0	1321735.353185
sub-067S0056	1479.0	3725.0	1031.0	2320.0	2708.0	1928.0	13597.0	4806.0	7057.0	4322.0	9029.0	2439.0	1780.0	1355.0	887621.0	1223450.781435
sub-067S0059	1096.0	3125.0	867.0	1838.0	2037.0	1590.0	12541.0	5146.0	6131.0	4222.0	9214.0	2427.0	1857.0	1008.0	824439.0	1219933.426277
sub-067S0257	1103.0	3472.0	874.0	1957.0	1832.0	1440.0	11082.0	4927.0	5091.0	4285.0	8585.0	2384.0	1423.0	1249.0	791542.0	1308719.260697
sub-068S0127	1275.0	3126.0	819.0	2048.0	2213.0	1784.0	13569.0	4542.0	5913.0	3363.0	8340.0	3502.0	2158.0	1343.0	911169.0	1488107.863495
sub-068S0210	1231.0	4134.0	816.0	2010.0	2195.0	1539.0	12536.0	5632.0	6254.0	3652.0	9413.0	2583.0	1784.0	662.0	889057.0	1319890.022188
sub-068S0473	1461.0	4165.0	1058.0	2151.0	2640.0	2051.0	15657.0	6178.0	7755.0	4632.0	9944.0	3279.0	2010.0	1354.0	1039079.0	1594956.226897
sub-068S4174	1822.0	4703.0	996.0	2474.0	2612.0	1921.0	14644.0	6581.0	7338.0	4349.0	11602.0	3031.0	2138.0	1327.0	998369.0	1325987.66102
sub-068S4340	1486.0	4065.0	1123.0	2326.0	3222.0	2300.0	14405.0	6940.0	7504.0	3769.0	9362.0	4105.0	2041.0	968.0	1148701.0	1598231.936423
sub-068S4424	1527.0	4032.0	748.0	1893.0	2188.0	1327.0	13087.0	5487.0	6192.0	3907.0	9542.0	3519.0	1790.0	1136.0	910342.0	1214092.414278
sub-070S4856	1500.0	4133.0	1040.0	2347.0	2645.0	2039.0	16092.0	5506.0	6241.0	4087.0	10483.0	2556.0	2328.0	861.0	983708.0	1502186.473274
sub-070S5040	1140.0	3810.0	894.0	1818.0	2301.0	1669.0	11823.0	4082.0	5419.0	3562.0	7566.0	3360.0	1590.0	769.0	907605.0	1307643.881453
sub-072S0315	1577.0	4052.0	927.0	1889.0	2662.0	1997.0	14867.0	5055.0	7291.0	4533.0	11489.0	3092.0	1884.0	1094.0	1134283.0	1653131.838186
sub-072S4103	1211.0	3587.0	848.0	1982.0	2180.0	1500.0	11171.0	4291.0	4813.0	4137.0	9492.0	2475.0	1967.0	884.0	820879.0	1228448.09368
sub-072S4391	1354.0	3459.0	1020.0	2188.0	2345.0	1822.0	11092.0	5411.0	7152.0	4273.0	10477.0	3064.0	1990.0	980.0	890687.0	1341221.071702
sub-073S0089	1468.0	4035.0	1032.0	2453.0	2656.0	1851.0	15033.0	5679.0	7299.0	4148.0	10987.0	4401.0	2154.0	842.0	1039424.0	1511067.24314
sub-073S0311	930.0	2916.0	722.0	1551.0	1888.0	1397.0	13165.0	4817.0	6044.0	4000.0	9851.0	1846.0	2235.0	1164.0	779809.0	1338137.314322
sub-073S4155	1236.0	3295.0	980.0	2049.0	2241.0	1790.0	12245.0	5350.0	7220.0	3920.0	9549.0	3778.0	1941.0	959.0	918833.0	1344107.224638
sub-073S4382	1410.0	3727.0	985.0	2143.0	2379.0	1880.0	12150.0	4867.0	6663.0	4052.0	10416.0	3148.0	1571.0	1201.0	847802.0	1241673.439848
sub-073S4393	1527.0	4325.0	1327.0	2662.0	3834.0	2433.0	19334.0	7038.0	9664.0	5990.0	11116.0	3271.0	2835.0	1171.0	1240770.0	1789425.066282
sub-073S4552	1804.0	4999.0	1231.0	2592.0	2853.0	2327.0	16489.0	6611.0	6567.0	4923.0	13049.0	4628.0	2100.0	946.0	1126955.0	1685212.428787
sub-073S4559	1500.0	4423.0	1066.0	2119.0	2794.0	2074.0	14628.0	5645.0	6052.0	5576.0	11737.0	3271.0	2012.0	1400.0	972049.0	1388380.584881
sub-073S4739	1538.0	4287.0	1144.0	2427.0	3274.0	2270.0	16111.0	5999.0	8024.0	4805.0	12360.0	3018.0	2143.0	897.0	1062608.0	1595360.439445
sub-073S4762	1693.0	3913.0	982.0	2402.0	2817.0	2018.0	14364.0	5380.0	6702.0	4189.0	10417.0	4291.0	1551.0	718.0	942430.0	1393638.546504
sub-073S4795	1925.0	5331.0	1177.0	2693.0	3182.0	2199.0	18520.0	6893.0	8605.0	6397.0	15520.0	4771.0	1832.0	864.0	1263893.0	1647276.214072
sub-073S5023	1641.0	3905.0	1009.0	2393.0	2187.0	1573.0	15246.0	5950.0	7174.0	4795.0	11159.0	4255.0	1900.0	859.0	1026345.0	1495719.487634
sub-082S1256	1321.0	3287.0	926.0	1865.0	2474.0	1755.0	13010.0	5401.0	6805.0	3923.0	10353.0	2885.0	1637.0	618.0	898510.0	1317062.030323
sub-082S4090	1330.0	3318.0	944.0	2044.0	2344.0	1644.0	13615.0	6363.0	7300.0	4481.0	9638.0	4134.0	1808.0	731.0	1038096.0	1530012.434958
sub-082S4208	1427.0	4615.0	1055.0	2411.0	2656.0	1939.0	13148.0	6369.0	5994.0	4620.0	11725.0	4400.0	2165.0	791.0	1043324.0	1686843.567498
sub-082S4224	1540.0	4808.0	1180.0	2467.0	2754.0	2241.0	17328.0	6299.0	7490.0	5098.0	12019.0	3217.0	1937.0	767.0	1088330.0	1639435.459284
sub-082S4339	1134.0	3715.0	1078.0	2130.0	2384.0	1859.0	15776.0	6688.0	7792.0	3954.0	11622.0	4753.0	2162.0	770.0	1068030.0	1691117.683099
sub-082S4428	1502.0	4223.0	1076.0	2542.0	2723.0	2154.0	14848.0	6466.0	6555.0	4126.0	10181.0	3312.0	2167.0	843.0	1145116.0	1634487.234321
sub-094S4234	1065.0	3389.0	811.0	1963.0	2288.0	1612.0	12506.0	5013.0	6294.0	5451.0	12254.0	4569.0	2137.0	896.0	1011653.0	1480659.842449
sub-094S4459	1587.0	4106.0	1095.0	2626.0	3011.0	2285.0	13957.0	5128.0	6492.0	3942.0	10110.0	3561.0	2170.0	962.0	979440.0	1366347.86492
sub-094S4460	872.0	3104.0	853.0	1759.0	1664.0	1196.0	9630.0	5451.0	8369.0	3016.0	8279.0	3245.0	1504.0	825.0	931635.0	1251929.392674
sub-094S4503	1309.0	4775.0	854.0	2002.0	2308.0	1825.0	12887.0	6221.0	7015.0	4734.0	10608.0	3916.0	2104.0	1167.0	987322.0	1511371.479389
sub-094S4560	1221.0	4347.0	918.0	1969.0	2383.0	1721.0	12047.0	5169.0	5935.0	3245.0	9729.0	3310.0	1989.0	1282.0	887630.0	1262059.323991
sub-094S4649	944.0	2851.0	1069.0	2558.0	2370.0	1618.0	11162.0	5610.0	10839.0	4005.0	11680.0	3736.0	1841.0	710.0	1123751.0	1593247.751524
sub-098S0171	1926.0	3582.0	897.0	2204.0	1879.0	1203.0	11541.0	3955.0	4767.0	2569.0	8290.0	2541.0	997.0	433.0	821536.0	1367200.402152
sub-098S0172	936.0	2660.0	759.0	1731.0	1547.0	934.0	9598.0	4062.0	5960.0	3421.0	8582.0	2718.0	2067.0	1050.0	945676.0	1428963.080323
sub-098S0896	1087.0	3886.0	1061.0	1863.0	2603.0	1856.0	14838.0	6119.0	7549.0	3959.0	11394.0	3527.0	1408.0	1173.0	1074167.0	1751610.922614
sub-098S4002	1499.0	3621.0	895.0	2097.0	3052.0	2107.0	13377.0	6628.0	9130.0	5679.0	12965.0	2804.0	1849.0	976.0	1021016.0	1487256.544757
sub-098S4003	1064.0	2877.0	833.0	2029.0	2658.0	1829.0	13708.0	5208.0	5931.0	4134.0	9712.0	3082.0	1828.0	1088.0	937958.0	1412115.771445
sub-098S4018	1267.0	3117.0	985.0	2069.0	2425.0	1785.0	13855.0	5280.0	7931.0	5794.0	10881.0	3036.0	2005.0	905.0	998206.0	1520072.022625
sub-098S4050	1477.0	4350.0	1109.0	2903.0	2691.0	2258.0	14895.0	5737.0	7184.0	4489.0	9804.0	2961.0	2027.0	1044.0	1095710.0	1578147.529467
sub-098S4275	1167.0	3316.0	1115.0	2165.0	2850.0	2517.0	16989.0	6474.0	7341.0	4871.0	11116.0	4042.0	2044.0	848.0	1144849.0	1654769.966238
sub-098S4506	878.0	3576.0	778.0	1561.0	2930.0	1681.0	13058.0	5426.0	8475.0	3827.0	12224.0	3430.0	2706.0	1495.0	1001515.0	1487482.213176
sub-099S0352	522.0	2329.0	669.0	1303.0	1677.0	1216.0	9559.0	4548.0	4915.0	1946.0	4624.0	1189.0	753.0	434.0	661686.0	1272905.556113
sub-099S4076	1376.0	3652.0	1035.0	1979.0	1990.0	1901.0	12337.0	5299.0	6482.0	3772.0	10165.0	3352.0	1878.0	930.0	957819.0	1458660.399777
sub-099S4086	724.0	2432.0	619.0	1529.0	1617.0	1260.0	10642.0	3902.0	5710.0	3703.0	7697.0	2769.0	1620.0	1031.0	734447.0	1276256.281275
sub-099S4104	1433.0	3237.0	1060.0	2225.0	2869.0	2101.0	16188.0	6602.0	7151.0	4451.0	11096.0	3435.0	1663.0	1060.0	992999.0	1395868.638256
sub-100S0069	1479.0	4452.0	838.0	1994.0	2311.0	1575.0	14772.0	7116.0	5897.0	4259.0	9828.0	2990.0	1766.0	1185.0	1112095.0	1706538.990091
sub-100S1286	1325.0	3941.0	926.0	1879.0	2735.0	2012.0	15515.0	6251.0	7070.0	3960.0	8893.0	3469.0	1937.0	913.0	1020766.0	1636358.095757
sub-100S4469	1428.0	4340.0	921.0	2107.0	2533.0	2030.0	13437.0	5702.0	7426.0	3766.0	8665.0	2742.0	1788.0	845.0	1025085.0	1413887.065383
sub-100S4511	1509.0	4115.0	1030.0	2245.0	3383.0	2604.0	16881.0	5745.0	7653.0	4758.0	10964.0	3369.0	2027.0	982.0	1107206.0	1577717.109209
sub-100S5246	1213.0	3622.0	814.0	1858.0	1928.0	1554.0	11532.0	4905.0	5869.0	4272.0	9116.0	2477.0	1720.0	1241.0	842925.0	1319757.526868
sub-109S4499	769.0	2843.0	966.0	1768.0	2710.0	2297.0	12599.0	6399.0	7559.0	4385.0	10367.0	3463.0	2189.0	1390.0	1035683.0	1456787.948436
sub-114S0166	1043.0	3447.0	730.0	1696.0	1978.0	1259.0	11049.0	4565.0	6172.0	3670.0	8524.0	2086.0	1630.0	814.0	843279.0	1496834.395829
sub-114S0173	1040.0	4061.0	1077.0	2148.0	2702.0	2244.0	14514.0	5233.0	5623.0	4982.0	11726.0	3716.0	1834.0	914.0	1003455.0	1636039.791441
sub-114S0416	1199.0	3158.0	1026.0	1962.0	2517.0	1952.0	11983.0	5008.0	5940.0	4701.0	11086.0	2533.0	1730.0	856.0	785567.0	1349457.69301
sub-116S0382	1164.0	3271.0	811.0	1745.0	2323.0	1616.0	12778.0	5099.0	6112.0	3874.0	8554.0	2390.0	2192.0	1071.0	981811.0	1542724.987152
sub-116S1232	1273.0	3414.0	895.0	2012.0	2387.0	1948.0	13011.0	5183.0	5709.0	3139.0	8660.0	2652.0	1432.0	873.0	947672.0	1402340.158131
sub-116S1249	1519.0	4264.0	992.0	2314.0	2297.0	2191.0	11718.0	4185.0	5414.0	3223.0	7637.0	2323.0	1254.0	566.0	874336.0	1398822.487137
sub-116S4010	1493.0	3925.0	860.0	2160.0	2518.0	1682.0	13230.0	5515.0	7457.0	5320.0	11892.0	3035.0	1725.0	623.0	878982.0	1293803.202484
sub-116S4043	1322.0	3777.0	1138.0	2477.0	2629.0	2115.0	15397.0	6242.0	8164.0	4660.0	11337.0	3072.0	2232.0	1094.0	1034351.0	1593845.076005
sub-116S4092	1426.0	3971.0	1263.0	2615.0	3023.0	2265.0	16787.0	6550.0	6846.0	4842.0	11119.0	4369.0	1508.0	1034.0	998241.0	1553870.206662
sub-116S4453	1506.0	4545.0	1005.0	2386.0	2328.0	1821.0	15768.0	5855.0	6874.0	5654.0	12141.0	2964.0	2049.0	749.0	1034264.0	1590429.874853
sub-116S4483	1338.0	3664.0	1020.0	2278.0	2674.0	1892.0	14033.0	5157.0	6319.0	5072.0	10949.0	2653.0	1619.0	1097.0	961653.0	1395492.925523
sub-116S4855	1406.0	2895.0	1101.0	2341.0	2583.0	2093.0	11992.0	5827.0	6524.0	5244.0	11001.0	3286.0	2441.0	1161.0	1009425.0	1627013.651235
sub-123S0072	1336.0	4631.0	759.0	1821.0	1606.0	1316.0	11801.0	5368.0	6474.0	4556.0	10067.0	3001.0	2327.0	882.0	1035520.0	1578423.426613
sub-123S0106	1640.0	4102.0	1088.0	2252.0	3412.0	2121.0	17528.0	5863.0	7217.0	4949.0	11505.0	3557.0	1343.0	524.0	1110821.0	1853270.623146
sub-123S0113	1658.0	3806.0	810.0	2178.0	2305.0	1427.0	13557.0	4976.0	5342.0	5008.0	10162.0	3454.0	1786.0	1228.0	1029499.0	1812763.655098
sub-123S0298	1022.0	3188.0	910.0	1583.0	2121.0	1433.0	13285.0	4743.0	5795.0	4138.0	9405.0	3105.0	2030.0	1027.0	991925.0	1467119.605332
sub-123S4362	1193.0	3709.0	987.0	1969.0	2787.0	2044.0	16811.0	5935.0	7119.0	3669.0	10502.0	3651.0	1823.0	984.0	1003610.0	1390485.958101
sub-126S0605	1632.0	3782.0	1067.0	2513.0	2823.0	1941.0	14747.0	6732.0	6659.0	4304.0	10804.0	3678.0	2581.0	1529.0	1132385.0	1778415.328252
sub-126S0680	1303.0	3230.0	807.0	2010.0	1778.0	1385.0	10641.0	5054.0	5725.0	3377.0	8330.0	2598.0	1988.0	855.0	879440.0	1393491.426201
sub-127S0259	837.0	2733.0	838.0	1788.0	1927.0	1400.0	10891.0	4094.0	4910.0	3456.0	7224.0	2534.0	1642.0	1214.0	827287.0	1375509.628708
sub-127S0260	1645.0	3282.0	949.0	1803.0	2185.0	1979.0	12246.0	4996.0	6139.0	3635.0	8645.0	2960.0	2416.0	1016.0	863171.0	1284379.598125
sub-127S4148	1437.0	4213.0	1058.0	2171.0	2640.0	2129.0	14984.0	6689.0	8134.0	4909.0	11049.0	4108.0	1745.0	890.0	1078569.0	1539977.187279
sub-127S4198	1154.0	4077.0	964.0	1766.0	2461.0	1996.0	13494.0	4957.0	6168.0	2977.0	8111.0	3020.0	1580.0	797.0	926816.0	1370157.410328
sub-127S4604	1825.0	5037.0	1267.0	2946.0	3999.0	2747.0	19098.0	6833.0	8888.0	5882.0	11623.0	4093.0	2546.0	1090.0	1178423.0	1794293.095085
sub-127S4645	1478.0	4440.0	1054.0	2559.0	2715.0	2218.0	14476.0	5328.0	6664.0	3640.0	10431.0	3595.0	2376.0	882.0	1015065.0	1506748.655051
sub-127S4843	1760.0	4203.0	1040.0	2568.0	3241.0	2080.0	18160.0	7532.0	7218.0	4888.0	9916.0	3379.0	2060.0	1110.0	1078415.0	1577433.084299
sub-128S0229	1061.0	4245.0	753.0	1648.0	1812.0	1344.0	11621.0	5892.0	6056.0	3863.0	8123.0	2728.0	1382.0	1296.0	881260.0	1364944.150402
sub-128S0230	1269.0	3629.0	871.0	2123.0	1976.0	1335.0	13114.0	4963.0	5830.0	4082.0	9264.0	2206.0	1248.0	775.0	1034381.0	1761625.955423
sub-128S0272	1555.0	4420.0	1000.0	2194.0	2418.0	1927.0	14688.0	6095.0	6680.0	5395.0	10246.0	3084.0	1815.0	900.0	1046458.0	1623144.744601
sub-128S0522	879.0	3072.0	847.0	1586.0	1790.0	1209.0	11652.0	5055.0	6403.0	4431.0	9447.0	2451.0	2027.0	1021.0	1048302.0	1780563.276524
sub-128S0545	1238.0	3456.0	986.0	2080.0	2176.0	1438.0	16100.0	5708.0	6614.0	3316.0	10509.0	2938.0	1784.0	1201.0	1108565.0	1809132.910046
sub-128S0863	1578.0	3927.0	891.0	2163.0	2305.0	1478.0	15166.0	5169.0	7016.0	3661.0	9268.0	2570.0	1581.0	706.0	971305.0	1662631.395346
sub-128S1242	889.0	3013.0	917.0	1906.0	1858.0	1525.0	12306.0	4649.0	5690.0	3257.0	8265.0	2256.0	1927.0	1085.0	887995.0	1394566.904681
sub-128S4586	1503.0	3963.0	1167.0	2466.0	2727.0	1820.0	14940.0	6653.0	6342.0	4459.0	10481.0	3120.0	1528.0	724.0	1014479.0	1596258.505287
sub-128S4599	1693.0	5345.0	1091.0	2252.0	3383.0	2362.0	18696.0	6263.0	8114.0	5074.0	12419.0	3789.0	2118.0	992.0	1251424.0	1724565.254916
sub-128S4607	1459.0	5030.0	1047.0	2376.0	2634.0	2017.0	14895.0	6081.0	6830.0	3912.0	10764.0	3898.0	1627.0	801.0	1045573.0	1477553.966179
sub-128S4609	1414.0	4007.0	980.0	2052.0	2386.0	1847.0	11982.0	5482.0	7022.0	4840.0	11221.0	2919.0	1675.0	933.0	907456.0	1416626.154457
sub-128S4832	1599.0	4341.0	1012.0	2297.0	2103.0	1316.0	14102.0	5657.0	7461.0	4919.0	10533.0	3310.0	1828.0	775.0	1103826.0	1632655.551223
sub-129S0778	1353.0	3752.0	941.0	2374.0	2780.0	1805.0	14321.0	6883.0	6681.0	4953.0	12655.0	3168.0	2113.0	972.0	956630.0	1533577.273602
sub-129S4369	1380.0	3655.0	832.0	1776.0	2210.0	1528.0	14957.0	6493.0	8536.0	4551.0	11169.0	3489.0	1668.0	811.0	1009920.0	1362526.044775
sub-129S4371	1181.0	3857.0	867.0	2229.0	2215.0	1659.0	11709.0	5615.0	6568.0	5005.0	9612.0	3241.0	1552.0	1001.0	960702.0	1374319.53865
sub-129S4396	1202.0	3256.0	756.0	1829.0	1875.0	1304.0	10445.0	5065.0	6451.0	3633.0	8402.0	2645.0	1664.0	898.0	861849.0	1268612.638669
sub-129S4422	1225.0	3264.0	946.0	2259.0	2412.0	1817.0	12645.0	5716.0	5735.0	3484.0	9398.0	2982.0	999.0	491.0	931477.0	1351727.50621
sub-130S0232	1163.0	3752.0	805.0	1780.0	2262.0	1399.0	14895.0	7466.0	6385.0	4168.0	10936.0	3715.0	1556.0	859.0	1053283.0	1726766.547186
sub-130S0886	1310.0	4152.0	966.0	1888.0	2243.0	1672.0	14121.0	5237.0	6152.0	3471.0	9776.0	3247.0	1814.0	670.0	937068.0	1410910.126175
sub-130S0969	1484.0	3899.0	862.0	2258.0	2105.0	1583.0	12405.0	4657.0	5152.0	4028.0	10464.0	3497.0	2204.0	863.0	1045619.0	1649002.749342
sub-130S4343	1806.0	4462.0	971.0	2558.0	2681.0	1972.0	14618.0	5278.0	6696.0	4709.0	13460.0	3449.0	2178.0	1017.0	1043510.0	1540315.535403
sub-130S4352	1435.0	4216.0	885.0	1982.0	2301.0	1928.0	12614.0	5921.0	6817.0	4530.0	10699.0	3633.0	1495.0	740.0	1013218.0	1607615.551063
sub-131S0123	741.0	3119.0	878.0	1829.0	2015.0	1709.0	10485.0	6311.0	6201.0	3922.0	10009.0	3110.0	1377.0	578.0	863623.0	1298518.865268
sub-131S0441	1152.0	3361.0	983.0	1917.0	2058.0	1645.0	10755.0	5141.0	8027.0	3120.0	8960.0	3171.0	1599.0	1331.0	920637.0	1387284.002844
sub-135S4446	1480.0	4437.0	1096.0	2556.0	2478.0	1757.0	12217.0	6181.0	5622.0	3730.0	9392.0	3010.0	2391.0	1537.0	946630.0	1380782.24791
sub-135S4566	1245.0	3182.0	905.0	1864.0	2318.0	1706.0	12865.0	4859.0	7481.0	4370.0	9651.0	2898.0	1745.0	764.0	956429.0	1503001.337962
sub-135S4598	1521.0	4112.0	1009.0	2480.0	3141.0	2117.0	16236.0	5840.0	6347.0	5218.0	11744.0	3521.0	1892.0	659.0	1049064.0	1521597.195116
sub-136S0186	1803.0	4795.0	1067.0	2458.0	2653.0	2240.0	15164.0	5496.0	6542.0	5209.0	10167.0	2917.0	1926.0	869.0	1031515.0	1573694.729086
sub-136S4269	1206.0	3513.0	786.0	1744.0	1868.0	1305.0	12780.0	4997.0	5859.0	3963.0	10226.0	2639.0	2617.0	1029.0	1004439.0	1497608.190219
sub-136S4433	1359.0	3967.0	805.0	1829.0	2232.0	1657.0	13319.0	5296.0	5948.0	3905.0	10635.0	3154.0	1593.0	599.0	979850.0	1389364.196233
sub-136S4726	1710.0	5206.0	886.0	2193.0	2722.0	1782.0	15505.0	6526.0	7598.0	4123.0	11133.0	3200.0	1838.0	912.0	1119964.0	1557192.208811
sub-136S4727	1477.0	3716.0	871.0	1952.0	2942.0	1853.0	14047.0	5264.0	6176.0	3649.0	9558.0	2943.0	1688.0	919.0	906361.0	1377380.590077
sub-137S0301	1565.0	4160.0	1038.0	2458.0	2783.0	2089.0	14383.0	3840.0	6290.0	5239.0	11247.0	3621.0	2336.0	1078.0	1015579.0	1451280.648767
sub-137S0972	1282.0	3353.0	1056.0	2065.0	2465.0	1891.0	13333.0	5738.0	6658.0	4193.0	8990.0	2722.0	2044.0	1345.0	935531.0	1465760.533881
sub-137S4466	1441.0	3795.0	948.0	2092.0	2450.0	1755.0	14037.0	6482.0	7632.0	4756.0	11278.0	3163.0	1630.0	894.0	1003904.0	1530749.512418
sub-137S4482	1401.0	4159.0	1089.0	2168.0	2522.0	1931.0	13011.0	5260.0	7965.0	4461.0	9561.0	3409.0	1874.0	1281.0	900937.0	1389805.520956
sub-137S4520	1600.0	4489.0	987.0	2401.0	2826.0	2079.0	16539.0	6020.0	7102.0	6248.0	14682.0	3906.0	2768.0	1077.0	1157410.0	1577581.708708
sub-137S4587	1590.0	4967.0	949.0	2284.0	2225.0	1776.0	13859.0	5998.0	5838.0	4118.0	10783.0	2884.0	1783.0	1028.0	922113.0	1377212.508159
sub-137S4632	1114.0	3764.0	939.0	1895.0	2295.0	1770.0	13502.0	5863.0	7382.0	5290.0	11356.0	3505.0	2578.0	1353.0	1116547.0	1639418.683536
sub-141S0717	1370.0	3842.0	951.0	2157.0	2153.0	1209.0	12919.0	6119.0	6019.0	6619.0	13336.0	3725.0	1722.0	810.0	1131498.0	1813448.206093
sub-141S0767	1302.0	4247.0	941.0	1964.0	2334.0	1613.0	12562.0	5676.0	6491.0	5078.0	12551.0	3291.0	1997.0	1185.0	906588.0	1297735.585428
sub-153S4125	1126.0	3584.0	1000.0	1975.0	2609.0	1994.0	12520.0	5281.0	6952.0	3922.0	10180.0	3203.0	1560.0	1034.0	894695.0	1308163.914274
sub-153S4139	1210.0	3383.0	949.0	2104.0	2468.0	1912.0	14473.0	5220.0	6265.0	3880.0	8999.0	3116.0	1580.0	603.0	883531.0	1276535.224567
sub-153S4151	1301.0	3414.0	851.0	2187.0	2319.0	1602.0	13221.0	5620.0	6811.0	3991.0	9453.0	2755.0	1719.0	751.0	861078.0	1314784.546112
sub-153S4372	1253.0	3499.0	957.0	2041.0	2367.0	1759.0	11979.0	5475.0	5804.0	4383.0	10571.0	3265.0	1975.0	762.0	915746.0	1350920.617123
sub-941S1195	1267.0	3203.0	1025.0	2140.0	2290.0	1866.0	15944.0	5884.0	7331.0	5474.0	10804.0	3620.0	2483.0	1802.0	1003304.0	1587230.896674
sub-941S1202	1497.0	4618.0	1056.0	2128.0	2488.0	2105.0	14176.0	5232.0	7152.0	3321.0	10433.0	3277.0	1097.0	535.0	990794.0	1632443.695868
sub-941S1203	1482.0	4608.0	947.0	2227.0	2125.0	1667.0	13516.0	5860.0	7060.0	4102.0	9385.0	2727.0	1969.0	1177.0	881116.0	1406361.694575
sub-941S4066	1350.0	3839.0	938.0	1986.0	2518.0	1992.0	12702.0	4749.0	5594.0	4327.0	10524.0	3251.0	1868.0	942.0	877640.0	1423322.903793
sub-941S4100	1700.0	4269.0	951.0	2597.0	2616.0	1938.0	16218.0	5657.0	6222.0	4032.0	10923.0	2818.0	1923.0	879.0	1013370.0	1579475.76931
sub-941S4255	1595.0	4513.0	1327.0	2776.0	2963.0	2334.0	18001.0	5727.0	6749.0	4026.0	9359.0	3401.0	1942.0	816.0	1035029.0	1602607.335152
sub-941S4292	1584.0	4396.0	1158.0	2502.0	2831.0	2274.0	16355.0	5622.0	6567.0	4189.0	11531.0	2434.0	1834.0	738.0	999881.0	1484738.773689
sub-941S4365	1483.0	4217.0	1019.0	2246.0	2414.0	1777.0	15321.0	6500.0	7679.0	4396.0	11002.0	2770.0	2568.0	1409.0	1091136.0	1724259.741326
sub-941S4376	946.0	2639.0	985.0	1775.0	2547.0	2089.0	12447.0	5201.0	6356.0	4446.0	9212.0	2698.0	2344.0	1248.0	928015.0	1400893.739842
