rh.BA_exvivo.area	rh_BA1_exvivo_area	rh_BA2_exvivo_area	rh_BA3a_exvivo_area	rh_BA3b_exvivo_area	rh_BA4a_exvivo_area	rh_BA4p_exvivo_area	rh_BA6_exvivo_area	rh_BA44_exvivo_area	rh_BA45_exvivo_area	rh_V1_exvivo_area	rh_V2_exvivo_area	rh_MT_exvivo_area	rh_perirhinal_exvivo_area	rh_entorhinal_exvivo_area	rh_WhiteSurfArea_area	BrainSegVolNotVent	eTIV
sub-002S0295	510.0	2133.0	771.0	1271.0	975.0	796.0	4809.0	2328.0	2328.0	2951.0	5133.0	1444.0	369.0	237.0	84498.6	1049464.0	1683891.325623
sub-002S0413	515.0	1855.0	749.0	1272.0	950.0	838.0	4855.0	2217.0	2401.0	2957.0	5950.0	1232.0	342.0	217.0	87901.8	1031417.0	1468504.820203
sub-002S0685	428.0	1650.0	723.0	1165.0	908.0	802.0	4850.0	1972.0	2697.0	2632.0	5182.0	1138.0	447.0	277.0	78436.7	981016.0	1543022.145788
sub-002S1261	465.0	2051.0	754.0	1247.0	795.0	842.0	4302.0	2382.0	2305.0	2556.0	4925.0	1181.0	340.0	196.0	80327.4	971327.0	1486914.720552
sub-002S1280	512.0	2041.0	733.0	1188.0	910.0	792.0	4726.0	1628.0	2134.0	1925.0	4459.0	1007.0	371.0	232.0	76118.7	912236.0	1420831.701808
sub-002S4213	491.0	1915.0	721.0	1152.0	870.0	760.0	5108.0	1851.0	2464.0	2790.0	5318.0	1060.0	362.0	279.0	80842.1	929490.0	1457811.479267
sub-002S4225	567.0	2337.0	841.0	1396.0	927.0	881.0	5797.0	2575.0	2543.0	2954.0	6651.0	1668.0	377.0	220.0	100226.0	1225004.0	1880480.84738
sub-002S4262	449.0	1605.0	706.0	1191.0	940.0	822.0	4872.0	1882.0	1905.0	2366.0	4543.0	948.0	339.0	190.0	74035.7	877597.0	1574305.99148
sub-002S4264	474.0	2022.0	695.0	1170.0	822.0	774.0	4500.0	2290.0	2734.0	2792.0	5432.0	1559.0	370.0	214.0	83924.5	946496.0	1432436.642983
sub-002S4270	467.0	2230.0	669.0	1108.0	799.0	757.0	4302.0	1809.0	2075.0	2488.0	4651.0	1316.0	306.0	216.0	80572.6	999849.0	1495734.272789
sub-003S0907	437.0	1953.0	665.0	1103.0	775.0	739.0	4047.0	2135.0	2377.0	2050.0	4789.0	1428.0	383.0	199.0	74568.2	833101.0	1408413.108412
sub-003S0981	519.0	1802.0	799.0	1202.0	916.0	842.0	4643.0	1629.0	2125.0	1528.0	3332.0	1214.0	359.0	246.0	70842.6	823439.0	3074205.906953
sub-003S4081	370.0	1643.0	573.0	913.0	659.0	560.0	3857.0	1723.0	1792.0	2090.0	3824.0	1056.0	331.0	196.0	67887.7	802731.0	1175637.939837
sub-003S4119	562.0	2382.0	841.0	1373.0	842.0	951.0	5945.0	2472.0	3261.0	2821.0	4860.0	1359.0	500.0	294.0	92739.5	1085194.0	1540009.985009
sub-003S4288	480.0	1679.0	667.0	1098.0	870.0	792.0	4096.0	2450.0	2517.0	2659.0	4806.0	1120.0	376.0	205.0	76740.4	868201.0	1213393.324962
sub-003S4350	501.0	1886.0	698.0	1173.0	920.0	857.0	5252.0	2302.0	2814.0	2530.0	5189.0	1732.0	471.0	246.0	95060.0	1116021.0	1421978.642033
sub-003S4441	460.0	2065.0	730.0	1194.0	945.0	856.0	5396.0	2115.0	2931.0	2541.0	5592.0	1432.0	447.0	277.0	90603.2	1105372.0	1530622.913335
sub-003S4555	539.0	2087.0	840.0	1278.0	1196.0	1019.0	5297.0	2290.0	2593.0	2493.0	5495.0	1512.0	349.0	213.0	82963.4	1019373.0	1384959.507897
sub-003S4644	523.0	2349.0	864.0	1346.0	909.0	931.0	4716.0	2154.0	2623.0	2640.0	5183.0	1333.0	374.0	251.0	83381.4	975313.0	1365713.781841
sub-003S4839	485.0	1949.0	749.0	1189.0	865.0	807.0	4793.0	1797.0	2188.0	1833.0	4523.0	1341.0	317.0	228.0	77235.8	975693.0	1369211.809852
sub-003S4840	465.0	1723.0	698.0	1121.0	897.0	805.0	5192.0	2382.0	2466.0	3059.0	5993.0	1490.0	396.0	225.0	88914.4	1100815.0	1448127.526802
sub-003S4872	583.0	1824.0	802.0	1413.0	1003.0	909.0	5154.0	2353.0	3054.0	2185.0	4663.0	1108.0	358.0	246.0	82030.6	1014951.0	1448192.20547
sub-003S4900	509.0	1805.0	611.0	1047.0	753.0	665.0	4388.0	2224.0	2669.0	2285.0	4689.0	1327.0	389.0	222.0	79187.9	978392.0	1215856.919368
sub-005S0553	508.0	1766.0	678.0	1128.0	731.0	721.0	4138.0	2163.0	2996.0	2759.0	5406.0	1237.0	438.0	286.0	80816.1	917208.0	1540761.958465
sub-005S0602	448.0	1870.0	720.0	1150.0	777.0	779.0	4063.0	2067.0	2257.0	2122.0	4625.0	1176.0	349.0	201.0	76966.3	983743.0	1385998.576713
sub-005S0610	495.0	2137.0	706.0	1242.0	954.0	797.0	4979.0	2002.0	2275.0	2216.0	4857.0	1528.0	400.0	243.0	79860.4	891703.0	1460837.307316
sub-006S0498	529.0	1961.0	797.0	1251.0	978.0	919.0	5316.0	2299.0	3170.0	1995.0	4692.0	1231.0	320.0	222.0	87191.7	1066582.0	1636697.177721
sub-006S0731	583.0	2333.0	838.0	1265.0	980.0	947.0	4329.0	2162.0	2417.0	2799.0	5243.0	1189.0	413.0	228.0	78373.1	982881.0	1494517.802949
sub-006S4150	592.0	2431.0	742.0	1280.0	994.0	829.0	5526.0	1986.0	2261.0	2932.0	5383.0	1246.0	452.0	265.0	86998.1	1054806.0	1605626.307878
sub-006S4357	431.0	1772.0	724.0	1133.0	858.0	761.0	4468.0	1921.0	2086.0	2679.0	4703.0	1003.0	308.0	221.0	73787.3	876915.0	1148315.525837
sub-006S4449	556.0	2121.0	821.0	1341.0	989.0	962.0	5103.0	2516.0	3295.0	3091.0	6271.0	1632.0	306.0	200.0	93262.2	1207593.0	1792794.524345
sub-006S4485	527.0	2059.0	848.0	1323.0	1002.0	950.0	5807.0	2748.0	2611.0	2542.0	5588.0	1783.0	401.0	259.0	94517.1	1108943.0	1688758.614764
sub-007S1206	517.0	2218.0	839.0	1300.0	901.0	890.0	5688.0	2373.0	2766.0	2612.0	5010.0	1623.0	474.0	337.0	91559.2	1109840.0	1711488.986575
sub-007S1222	450.0	1705.0	742.0	1110.0	1012.0	853.0	4661.0	1707.0	2092.0	2098.0	4040.0	1313.0	375.0	237.0	75791.2	896150.0	1347342.66089
sub-007S4387	428.0	1719.0	672.0	1095.0	922.0	717.0	4218.0	2260.0	2491.0	2237.0	4877.0	1166.0	333.0	224.0	78241.0	934388.0	1387400.721012
sub-007S4488	581.0	2098.0	883.0	1502.0	979.0	993.0	5533.0	2688.0	2930.0	3148.0	6006.0	1441.0	535.0	282.0	94890.0	1137958.0	1607405.87503
sub-007S4516	522.0	1894.0	780.0	1264.0	844.0	854.0	5503.0	2246.0	2363.0	2596.0	5577.0	1645.0	484.0	317.0	86748.4	1032285.0	1415187.264209
sub-007S4620	414.0	1673.0	726.0	1125.0	762.0	749.0	4434.0	2279.0	2212.0	1962.0	4136.0	1171.0	449.0	238.0	75329.7	935229.0	1454466.949158
sub-007S4637	467.0	2050.0	653.0	1105.0	813.0	690.0	4424.0	1893.0	2247.0	2812.0	5755.0	1245.0	391.0	210.0	79790.8	927957.0	1309197.040793
sub-009S0751	511.0	2423.0	769.0	1209.0	799.0	836.0	4886.0	1722.0	2002.0	2296.0	5437.0	1454.0	346.0	243.0	84660.5	1027155.0	1691257.521957
sub-009S0842	456.0	1948.0	728.0	1149.0	937.0	809.0	5311.0	2037.0	2679.0	3347.0	5328.0	1121.0	359.0	225.0	88674.7	1097114.0	1656701.514839
sub-009S4337	461.0	1873.0	634.0	1051.0	857.0	727.0	4599.0	2057.0	2542.0	2014.0	4569.0	1218.0	532.0	292.0	82227.1	967708.0	1502186.05902
sub-009S4388	592.0	2364.0	759.0	1258.0	1053.0	862.0	5626.0	2396.0	2825.0	2555.0	5299.0	1473.0	426.0	294.0	92732.1	1113336.0	1670964.340858
sub-009S4612	400.0	1691.0	683.0	1042.0	710.0	660.0	4023.0	2025.0	2049.0	2612.0	5091.0	1224.0	356.0	218.0	73565.1	891416.0	1192550.067527
sub-010S0419	450.0	1836.0	939.0	1382.0	984.0	954.0	5039.0	2335.0	2853.0	2427.0	5093.0	1405.0	447.0	282.0	87172.1	1063906.0	1628289.97458
sub-010S0420	478.0	1741.0	730.0	1186.0	979.0	803.0	5601.0	1976.0	2329.0	2667.0	5526.0	1353.0	402.0	279.0	84417.5	1027497.0	1503139.446854
sub-010S4345	471.0	1784.0	758.0	1201.0	850.0	772.0	3998.0	2241.0	2419.0	2227.0	4556.0	1506.0	321.0	245.0	82548.6	1042921.0	1579937.08795
sub-010S4442	437.0	1659.0	705.0	1140.0	1083.0	750.0	5623.0	2179.0	2495.0	2047.0	4516.0	884.0	343.0	246.0	76938.1	963275.0	1230255.159956
sub-011S0021	466.0	1884.0	764.0	1164.0	1066.0	812.0	4593.0	1907.0	2347.0	2077.0	4214.0	1367.0	280.0	184.0	76423.7	873882.0	1373135.659751
sub-011S0023	327.0	1217.0	491.0	869.0	803.0	619.0	4500.0	2265.0	3987.0	2380.0	4641.0	1268.0	431.0	289.0	84380.7	1008068.0	1537336.193831
sub-011S4075	460.0	1931.0	815.0	1300.0	1059.0	928.0	5301.0	2128.0	2606.0	2364.0	5013.0	1292.0	376.0	225.0	82828.6	1044879.0	1563584.684012
sub-011S4105	455.0	1798.0	720.0	1148.0	863.0	817.0	4535.0	2055.0	2578.0	2222.0	4962.0	1019.0	329.0	212.0	77653.7	944529.0	1471143.5108
sub-011S4120	488.0	2355.0	827.0	1257.0	756.0	815.0	4265.0	2088.0	2073.0	2633.0	5194.0	1200.0	343.0	264.0	77973.3	916281.0	1410136.302794
sub-011S4222	503.0	1899.0	839.0	1291.0	990.0	896.0	5219.0	2152.0	2255.0	1976.0	4288.0	1128.0	361.0	205.0	77647.4	908207.0	1409857.710323
sub-011S4278	476.0	1963.0	820.0	1213.0	1028.0	918.0	5060.0	2284.0	2459.0	2626.0	4891.0	1368.0	434.0	268.0	83401.5	985282.0	1590363.320442
sub-012S4026	449.0	1800.0	667.0	1136.0	811.0	718.0	4011.0	2267.0	2826.0	2315.0	4934.0	1346.0	322.0	216.0	86560.3	1050425.0	1620670.609621
sub-012S4545	582.0	2333.0	782.0	1368.0	934.0	835.0	5181.0	2446.0	2515.0	2170.0	5123.0	1369.0	383.0	248.0	90905.5	1131833.0	1500592.047643
sub-012S4643	451.0	1870.0	707.0	1185.0	863.0	843.0	4650.0	2026.0	2461.0	2321.0	4726.0	1473.0	452.0	267.0	82617.3	985283.0	1513785.948144
sub-013S4579	472.0	1944.0	739.0	1244.0	899.0	808.0	5376.0	2098.0	2149.0	2474.0	4985.0	1254.0	393.0	284.0	78692.9	885886.0	1441982.438839
sub-013S4580	519.0	2048.0	829.0	1276.0	927.0	944.0	4680.0	1855.0	2076.0	3020.0	5797.0	1290.0	416.0	248.0	81456.3	957136.0	1368992.959255
sub-013S4616	608.0	2517.0	875.0	1518.0	1084.0	968.0	5689.0	2442.0	2854.0	2331.0	4791.0	1306.0	418.0	255.0	93173.7	1031889.0	1835733.260113
sub-013S4731	406.0	1618.0	721.0	1171.0	802.0	776.0	4022.0	1986.0	2171.0	2053.0	4527.0	1105.0	324.0	224.0	73182.5	902209.0	1432389.810952
sub-014S0519	598.0	2351.0	742.0	1196.0	812.0	769.0	3783.0	1960.0	2302.0	2868.0	5861.0	1301.0	361.0	226.0	85078.3	1015746.0	1534372.101223
sub-014S0520	610.0	2385.0	784.0	1318.0	1193.0	987.0	6794.0	2566.0	2977.0	2650.0	5219.0	1461.0	458.0	252.0	93460.8	1095798.0	1526919.965463
sub-014S0548	610.0	2516.0	814.0	1301.0	984.0	913.0	5755.0	2347.0	2390.0	2516.0	4980.0	1439.0	493.0	315.0	86697.9	1009163.0	1551078.622055
sub-014S4080	508.0	1772.0	682.0	1127.0	877.0	795.0	4623.0	2293.0	2398.0	1835.0	4319.0	1267.0	360.0	186.0	77355.4	910854.0	1391923.16458
sub-014S4093	508.0	1939.0	688.0	1165.0	1069.0	861.0	4585.0	2367.0	2829.0	2219.0	4654.0	1314.0	433.0	280.0	87295.5	1072590.0	1704672.333204
sub-014S4401	403.0	1702.0	796.0	1127.0	935.0	868.0	4984.0	2288.0	2715.0	3108.0	5605.0	1871.0	367.0	250.0	89485.6	1075572.0	1470561.153388
sub-014S4576	450.0	1922.0	705.0	1166.0	859.0	833.0	4405.0	2089.0	2301.0	1961.0	3745.0	1164.0	391.0	250.0	73695.3	902283.0	1222097.95918
sub-014S4577	493.0	1960.0	848.0	1365.0	1095.0	928.0	5152.0	1867.0	2716.0	2286.0	4868.0	1670.0	404.0	268.0	89342.4	979468.0	1457798.214596
sub-016S0359	425.0	1730.0	684.0	1066.0	879.0	745.0	3783.0	1842.0	2160.0	1687.0	4128.0	1049.0	339.0	225.0	67451.5	779559.0	1204786.766552
sub-016S4097	436.0	1743.0	609.0	1012.0	696.0	644.0	3846.0	2122.0	1989.0	2245.0	4627.0	1208.0	321.0	198.0	78415.7	947514.0	1200206.93281
sub-016S4121	265.0	1073.0	444.0	654.0	697.0	521.0	4594.0	1757.0	3480.0	2500.0	5479.0	1506.0	416.0	277.0	80852.1	918187.0	1416440.25552
sub-016S4638	587.0	2068.0	839.0	1384.0	934.0	967.0	4748.0	2780.0	2954.0	2649.0	5635.0	1537.0	322.0	248.0	93707.5	1111526.0	1522101.871414
sub-016S4688	465.0	1826.0	770.0	1181.0	873.0	871.0	4948.0	2277.0	2741.0	2419.0	4325.0	1130.0	270.0	194.0	77613.4	912553.0	1274897.505263
sub-016S4951	518.0	1748.0	772.0	1277.0	875.0	841.0	4921.0	2138.0	2877.0	2373.0	4696.0	1010.0	350.0	247.0	80653.8	974685.0	1381934.595104
sub-016S4952	477.0	1836.0	740.0	1281.0	851.0	887.0	4395.0	2139.0	2582.0	2452.0	5050.0	1613.0	351.0	236.0	77655.6	897906.0	1249412.930232
sub-018S0055	506.0	1973.0	847.0	1350.0	1086.0	984.0	5839.0	2667.0	2961.0	2933.0	4831.0	1449.0	531.0	346.0	93185.0	1068819.0	1860745.580041
sub-018S4257	704.0	3583.0	937.0	1563.0	1115.0	1033.0	5303.0	2574.0	2665.0	2453.0	5626.0	1546.0	595.0	334.0	100894.0	1183019.0	1825085.282837
sub-018S4349	552.0	2217.0	790.0	1213.0	1064.0	906.0	5749.0	2292.0	2668.0	2774.0	5939.0	1400.0	421.0	246.0	92062.9	1165315.0	1640216.898661
sub-018S4399	475.0	1784.0	633.0	1047.0	821.0	703.0	4304.0	2037.0	2232.0	1562.0	4446.0	1173.0	291.0	198.0	76861.8	924171.0	1352778.430478
sub-018S4400	484.0	2029.0	706.0	1125.0	917.0	778.0	5144.0	1796.0	2280.0	2521.0	4537.0	1305.0	322.0	213.0	81824.2	979402.0	1484060.559027
sub-019S4367	481.0	1858.0	651.0	1095.0	942.0	731.0	4969.0	2277.0	2668.0	2444.0	5402.0	1146.0	336.0	238.0	81111.2	1065435.0	1404780.76974
sub-019S4835	629.0	2258.0	946.0	1578.0	1057.0	997.0	6241.0	2559.0	2815.0	3193.0	6129.0	1335.0	541.0	343.0	98706.1	1136765.0	1688211.338736
sub-020S1288	580.0	2201.0	920.0	1499.0	1033.0	1027.0	5566.0	3069.0	2906.0	2727.0	5563.0	1426.0	479.0	327.0	95420.6	1193318.0	1686357.566228
sub-021S0159	458.0	1698.0	672.0	1111.0	877.0	790.0	4295.0	2266.0	2282.0	2072.0	4688.0	1138.0	346.0	270.0	72226.6	865254.0	1245772.285429
sub-021S0337	467.0	1686.0	767.0	1144.0	994.0	887.0	5121.0	2293.0	2420.0	2080.0	4625.0	1303.0	332.0	196.0	83789.9	970742.0	1733726.461237
sub-021S4254	423.0	1738.0	693.0	1044.0	876.0	725.0	4048.0	2047.0	2015.0	2100.0	4207.0	1073.0	386.0	216.0	70069.6	813098.0	1226951.352632
sub-021S4276	576.0	1918.0	821.0	1319.0	807.0	864.0	4552.0	1839.0	2084.0	1719.0	4260.0	1215.0	400.0	209.0	73930.0	958061.0	1419124.800091
sub-021S4335	493.0	1951.0	777.0	1199.0	939.0	924.0	5089.0	2446.0	2367.0	2746.0	5334.0	1267.0	410.0	274.0	83489.1	1002117.0	1363286.127158
sub-021S4421	504.0	1894.0	854.0	1374.0	1005.0	985.0	4971.0	2633.0	2482.0	2690.0	4892.0	1193.0	484.0	271.0	89067.8	1122552.0	1559761.67399
sub-021S4558	503.0	1829.0	791.0	1200.0	858.0	829.0	4430.0	2243.0	2631.0	2179.0	4660.0	1228.0	368.0	246.0	81935.1	984985.0	1335947.604272
sub-022S0096	472.0	2146.0	759.0	1157.0	900.0	847.0	5020.0	2250.0	3074.0	2107.0	4856.0	1690.0	490.0	324.0	90561.5	1046938.0	1865691.684976
sub-022S0130	568.0	2495.0	827.0	1354.0	1143.0	1001.0	5631.0	2802.0	3014.0	2509.0	5327.0	1559.0	441.0	299.0	97620.6	1193738.0	1818840.642255
sub-022S4173	422.0	1775.0	708.0	1106.0	757.0	739.0	4425.0	2273.0	1971.0	2111.0	4297.0	1213.0	338.0	198.0	74314.2	902879.0	1306038.558225
sub-022S4196	520.0	2128.0	806.0	1259.0	899.0	883.0	5511.0	2419.0	3125.0	1863.0	4318.0	1484.0	326.0	238.0	88618.1	1027833.0	2394498.271875
sub-022S4266	481.0	1814.0	768.0	1229.0	890.0	828.0	4711.0	2225.0	2482.0	2440.0	5250.0	1560.0	337.0	210.0	84613.8	1073298.0	1505345.851411
sub-022S4291	461.0	1732.0	637.0	1068.0	833.0	721.0	4388.0	2039.0	2347.0	2321.0	4490.0	992.0	331.0	236.0	74851.4	895090.0	1405472.205882
sub-022S4320	468.0	1982.0	819.0	1261.0	944.0	860.0	5420.0	2178.0	2752.0	2672.0	5633.0	1443.0	343.0	233.0	86329.5	975691.0	1513895.892783
sub-023S0031	415.0	1577.0	791.0	1142.0	829.0	915.0	4488.0	2237.0	2234.0	1780.0	4180.0	1204.0	336.0	205.0	73981.1	852372.0	1329445.163985
sub-023S0058	462.0	1916.0	639.0	1079.0	945.0	831.0	4557.0	2278.0	2563.0	2682.0	5048.0	1559.0	378.0	256.0	84646.3	983619.0	1429852.034188
sub-023S0061	429.0	1538.0	617.0	1062.0	893.0	738.0	5022.0	2074.0	2859.0	2543.0	4832.0	922.0	470.0	315.0	78408.7	884651.0	1479244.247951
sub-023S0926	554.0	2194.0	750.0	1193.0	954.0	820.0	4941.0	2622.0	2878.0	2471.0	5113.0	1377.0	383.0	242.0	85726.6	978251.0	1480457.697885
sub-023S1190	462.0	1944.0	666.0	1037.0	814.0	723.0	4478.0	1897.0	2278.0	2353.0	5043.0	1342.0	416.0	205.0	77845.6	897862.0	1426927.285231
sub-023S4020	489.0	2061.0	778.0	1225.0	876.0	821.0	5344.0	2604.0	2636.0	2680.0	5493.0	1684.0	387.0	231.0	91638.5	1130941.0	1617752.58253
sub-023S4164	560.0	2236.0	785.0	1241.0	931.0	918.0	5376.0	2235.0	2777.0	2521.0	5560.0	1651.0	390.0	248.0	89887.4	1074326.0	1686602.620685
sub-023S4448	513.0	2174.0	811.0	1318.0	797.0	858.0	4298.0	2684.0	2773.0	3224.0	5930.0	1419.0	345.0	222.0	86202.9	1027146.0	1412208.270176
sub-024S0985	375.0	1792.0	719.0	1075.0	820.0	752.0	3665.0	1577.0	1664.0	2101.0	4221.0	925.0	256.0	158.0	65329.4	764176.0	1331963.616711
sub-024S4084	449.0	1934.0	753.0	1120.0	773.0	832.0	5174.0	2208.0	2333.0	2286.0	4749.0	1441.0	385.0	263.0	84483.3	1054847.0	1473387.09007
sub-024S4158	438.0	1713.0	755.0	1085.0	861.0	864.0	5078.0	1722.0	2146.0	2080.0	4605.0	1469.0	380.0	224.0	78109.0	888200.0	1445341.188842
sub-027S0074	512.0	2127.0	748.0	1204.0	813.0	827.0	4744.0	2435.0	2242.0	2483.0	4955.0	1554.0	410.0	247.0	83201.7	965883.0	1606683.180919
sub-027S0120	558.0	2438.0	861.0	1296.0	943.0	911.0	5019.0	2125.0	2608.0	2537.0	4822.0	1482.0	377.0	249.0	86243.5	1051241.0	1537996.243965
sub-029S0824	478.0	1753.0	659.0	1217.0	924.0	772.0	4848.0	2141.0	2237.0	2496.0	4591.0	1107.0	335.0	236.0	77172.7	934723.0	1470856.047405
sub-029S4279	506.0	1845.0	757.0	1177.0	868.0	842.0	5677.0	2107.0	3278.0	2101.0	4882.0	1424.0	380.0	212.0	84613.1	955306.0	1473247.886144
sub-029S4290	521.0	2645.0	731.0	1225.0	899.0	864.0	4657.0	1694.0	2471.0	3475.0	6098.0	1346.0	409.0	259.0	89419.6	1039277.0	1629681.569519
sub-029S4384	484.0	1790.0	754.0	1200.0	851.0	892.0	5127.0	2009.0	2274.0	2501.0	5345.0	1343.0	405.0	284.0	84929.6	1069591.0	1461022.764941
sub-029S4385	425.0	1744.0	647.0	1063.0	858.0	712.0	4275.0	1939.0	2377.0	2040.0	4591.0	1182.0	346.0	226.0	77390.3	903546.0	1323205.82315
sub-029S4585	487.0	2160.0	759.0	1211.0	1004.0	815.0	5856.0	2482.0	2526.0	2207.0	5183.0	1294.0	484.0	339.0	87280.1	1034952.0	1495842.569267
sub-029S4652	613.0	2296.0	801.0	1381.0	1106.0	1008.0	5422.0	2619.0	2951.0	1899.0	4785.0	1717.0	498.0	329.0	89846.7	996503.0	1602224.576237
sub-031S0618	451.0	2076.0	692.0	1133.0	828.0	790.0	4320.0	2330.0	2825.0	2310.0	4845.0	1678.0	423.0	291.0	86891.0	1052794.0	1457587.312761
sub-031S4021	464.0	1730.0	706.0	1251.0	867.0	864.0	4149.0	1786.0	2329.0	2857.0	4912.0	1095.0	386.0	246.0	78441.4	1037869.0	1645923.380834
sub-031S4032	377.0	1702.0	676.0	1128.0	830.0	738.0	4112.0	1963.0	2307.0	2444.0	4610.0	1091.0	321.0	208.0	73436.6	880979.0	1069381.348114
sub-031S4218	515.0	2086.0	794.0	1279.0	932.0	888.0	4695.0	2274.0	3229.0	2967.0	6039.0	1380.0	298.0	215.0	89328.3	1058542.0	1684670.921817
sub-031S4474	532.0	2311.0	828.0	1400.0	1035.0	964.0	6533.0	2862.0	2838.0	2587.0	5255.0	1234.0	368.0	252.0	96645.9	1030673.0	1769607.560528
sub-031S4496	450.0	1804.0	673.0	1119.0	800.0	735.0	4845.0	2349.0	2643.0	1953.0	4528.0	903.0	337.0	223.0	79428.1	970835.0	1526209.661023
sub-032S0479	496.0	1988.0	741.0	1145.0	882.0	834.0	4432.0	2022.0	2672.0	2782.0	5140.0	1249.0	339.0	203.0	81057.1	990126.0	1547150.622092
sub-032S0677	550.0	2176.0	831.0	1311.0	865.0	903.0	4944.0	2437.0	2743.0	2071.0	5448.0	1475.0	423.0	304.0	87905.2	1010056.0	1528490.940716
sub-032S1169	431.0	1902.0	778.0	1169.0	759.0	819.0	4692.0	2218.0	2239.0	2409.0	4986.0	1553.0	292.0	171.0	78959.8	933539.0	1561276.878402
sub-032S4277	444.0	1874.0	687.0	1047.0	828.0	698.0	4161.0	1746.0	2341.0	1970.0	4391.0	1144.0	301.0	203.0	74824.7	902223.0	1274512.512789
sub-032S4304	583.0	2191.0	710.0	1238.0	843.0	761.0	4507.0	2076.0	2528.0	2307.0	5494.0	1244.0	411.0	261.0	83627.4	978837.0	1526609.580507
sub-032S4348	358.0	1530.0	667.0	941.0	783.0	711.0	4298.0	1847.0	2007.0	1826.0	3854.0	1190.0	295.0	197.0	70985.7	882803.0	1293885.870067
sub-032S4386	400.0	1624.0	774.0	1103.0	820.0	801.0	3831.0	2088.0	2518.0	2383.0	4915.0	1264.0	380.0	260.0	77934.4	919554.0	1386114.843536
sub-032S4429	492.0	1954.0	790.0	1287.0	929.0	826.0	5440.0	2611.0	2855.0	2349.0	5016.0	1496.0	360.0	207.0	91903.9	1068893.0	1614706.866069
sub-032S4921	516.0	1803.0	902.0	1452.0	1104.0	1077.0	6317.0	2064.0	3453.0	3058.0	5649.0	1530.0	430.0	308.0	98098.9	1133830.0	1721022.937334
sub-033S0734	549.0	2307.0	762.0	1225.0	845.0	809.0	5154.0	2051.0	2289.0	2204.0	4925.0	1303.0	462.0	277.0	82597.9	1024865.0	1579572.255923
sub-033S0741	428.0	2150.0	723.0	1041.0	787.0	780.0	5053.0	1972.0	2421.0	2280.0	4293.0	1202.0	306.0	186.0	77836.6	972685.0	1493875.144498
sub-033S0920	390.0	1492.0	662.0	1054.0	762.0	693.0	3743.0	1694.0	1998.0	1967.0	3852.0	1011.0	302.0	168.0	65535.3	815946.0	1384241.903544
sub-033S0923	577.0	2087.0	785.0	1333.0	1059.0	979.0	5471.0	2249.0	2640.0	1789.0	4147.0	1092.0	386.0	262.0	79781.1	943450.0	1507713.409069
sub-033S1016	509.0	2098.0	690.0	1224.0	893.0	880.0	4851.0	1960.0	2033.0	2675.0	4686.0	1432.0	447.0	262.0	79327.6	975104.0	1346424.173932
sub-033S1098	502.0	1790.0	686.0	1145.0	906.0	751.0	4613.0	1846.0	1935.0	1989.0	4306.0	1352.0	301.0	194.0	70853.0	826712.0	1184105.295781
sub-033S4176	558.0	2023.0	877.0	1351.0	1137.0	1024.0	5707.0	2354.0	3319.0	3240.0	6353.0	1321.0	426.0	231.0	93647.2	1075212.0	1686863.417342
sub-033S4177	606.0	2801.0	757.0	1285.0	969.0	834.0	4341.0	2346.0	3218.0	3382.0	5919.0	1414.0	369.0	237.0	96300.0	1104119.0	1732747.022062
sub-033S4179	520.0	1789.0	889.0	1467.0	962.0	980.0	5220.0	2464.0	2597.0	2821.0	5270.0	1512.0	409.0	285.0	91513.0	1131945.0	1748549.249966
sub-033S4505	451.0	2177.0	707.0	1104.0	818.0	699.0	4468.0	1944.0	2352.0	2352.0	4442.0	1151.0	397.0	215.0	75800.0	846083.0	1408363.70729
sub-033S4508	464.0	2076.0	670.0	1103.0	730.0	771.0	4220.0	2265.0	2367.0	2143.0	4767.0	1215.0	362.0	275.0	80991.3	981959.0	1484636.260151
sub-035S0156	487.0	1948.0	693.0	1133.0	942.0	834.0	4963.0	2165.0	2676.0	2458.0	5815.0	1456.0	302.0	176.0	85863.6	981862.0	1597232.044265
sub-035S0555	492.0	1921.0	813.0	1323.0	1016.0	916.0	5690.0	2295.0	2994.0	2900.0	5279.0	1173.0	407.0	235.0	90979.6	1103615.0	1797852.000764
sub-035S4082	687.0	2772.0	901.0	1500.0	1144.0	1024.0	6038.0	2878.0	3389.0	2636.0	5570.0	1167.0	504.0	300.0	102995.0	1252418.0	1912235.938355
sub-035S4464	414.0	2131.0	672.0	1070.0	809.0	746.0	4931.0	2770.0	2754.0	2314.0	4877.0	1531.0	374.0	231.0	85783.3	1052696.0	1579643.559775
sub-036S1023	382.0	1533.0	652.0	1008.0	673.0	674.0	3932.0	1834.0	2343.0	2094.0	4137.0	1179.0	308.0	223.0	73343.4	885513.0	1348046.193222
sub-036S4389	589.0	2440.0	819.0	1331.0	942.0	874.0	5110.0	2584.0	2812.0	3069.0	6898.0	1542.0	393.0	259.0	99863.6	1179385.0	1753629.271998
sub-036S4491	510.0	1822.0	747.0	1312.0	923.0	821.0	4415.0	2474.0	2508.0	1812.0	3961.0	1106.0	356.0	257.0	82161.5	930234.0	1523912.727469
sub-036S4878	459.0	1809.0	742.0	1180.0	845.0	772.0	4297.0	1916.0	2263.0	2029.0	4630.0	1398.0	336.0	228.0	76917.6	879157.0	1276010.437744
sub-037S0303	483.0	1987.0	736.0	1109.0	729.0	765.0	4891.0	2172.0	2468.0	2014.0	4613.0	1411.0	344.0	245.0	79279.7	921436.0	1481218.005028
sub-037S0454	510.0	2128.0	787.0	1200.0	882.0	846.0	4470.0	2190.0	2361.0	2479.0	5054.0	1240.0	345.0	239.0	80879.2	935356.0	1437657.644648
sub-037S0467	522.0	1915.0	805.0	1211.0	866.0	882.0	4502.0	2293.0	2171.0	2981.0	5279.0	1358.0	357.0	222.0	82219.2	961726.0	1543469.702011
sub-037S4028	451.0	1589.0	812.0	1167.0	1007.0	910.0	5068.0	1783.0	2057.0	2544.0	5285.0	1130.0	391.0	255.0	77814.6	961021.0	1287136.959764
sub-037S4071	509.0	1958.0	753.0	1146.0	1020.0	923.0	5194.0	2493.0	3324.0	2194.0	5551.0	1427.0	423.0	256.0	94339.4	1081563.0	1666989.101814
sub-037S4308	482.0	2021.0	736.0	1157.0	931.0	793.0	5492.0	2833.0	2966.0	2361.0	4856.0	1489.0	489.0	346.0	91422.6	1057861.0	1730173.741198
sub-037S4410	422.0	1573.0	753.0	1167.0	769.0	779.0	4312.0	2187.0	2389.0	1880.0	4037.0	1111.0	326.0	222.0	78104.3	940815.0	1325921.065453
sub-041S4014	587.0	2372.0	803.0	1255.0	936.0	915.0	5936.0	2300.0	2772.0	2315.0	5779.0	1769.0	395.0	238.0	94492.7	1077521.0	1796166.627148
sub-041S4037	595.0	2524.0	835.0	1468.0	1042.0	940.0	5955.0	2569.0	2577.0	2898.0	6029.0	1692.0	470.0	329.0	95003.8	1115838.0	1721186.437662
sub-041S4041	419.0	1697.0	651.0	1036.0	864.0	773.0	3866.0	1627.0	1817.0	2266.0	4406.0	1207.0	266.0	168.0	64378.6	777237.0	1201667.548555
sub-041S4060	523.0	2328.0	717.0	1161.0	1042.0	843.0	5068.0	2612.0	2226.0	2328.0	4949.0	1503.0	426.0	318.0	86487.7	1052134.0	1631735.301404
sub-041S4083	592.0	2370.0	843.0	1456.0	996.0	940.0	4710.0	2021.0	2471.0	2374.0	4777.0	1197.0	332.0	229.0	84994.6	1040905.0	1677110.366135
sub-041S4200	468.0	2136.0	774.0	1226.0	858.0	790.0	4335.0	2008.0	2711.0	2583.0	5412.0	1361.0	369.0	235.0	86865.2	1014730.0	1498221.236319
sub-041S4427	525.0	2043.0	847.0	1266.0	1199.0	1004.0	6402.0	2031.0	2788.0	3318.0	5900.0	2171.0	468.0	302.0	97591.0	1182844.0	1753480.622528
sub-041S4509	496.0	2100.0	732.0	1209.0	924.0	833.0	5176.0	1869.0	2271.0	2705.0	4582.0	1491.0	406.0	269.0	82255.2	932175.0	1384908.452117
sub-051S1123	511.0	2033.0	711.0	1196.0	889.0	824.0	5216.0	2026.0	2419.0	2905.0	5065.0	1002.0	427.0	263.0	76737.8	848945.0	1393956.185082
sub-052S0951	552.0	2096.0	867.0	1403.0	1028.0	989.0	5211.0	2290.0	2570.0	2967.0	5260.0	1229.0	557.0	368.0	89831.9	1030154.0	1663979.822
sub-052S1250	381.0	1587.0	691.0	1059.0	738.0	652.0	3745.0	1367.0	1485.0	1925.0	4360.0	944.0	363.0	261.0	63317.6	960542.0	1239581.035099
sub-053S4578	606.0	2768.0	811.0	1352.0	1129.0	935.0	6045.0	2517.0	2577.0	3457.0	6413.0	1401.0	374.0	266.0	96587.3	1162496.0	1647336.989424
sub-057S0934	404.0	1460.0	671.0	1041.0	764.0	755.0	4178.0	2100.0	2318.0	2252.0	4247.0	1134.0	355.0	224.0	71257.8	879661.0	1321735.353185
sub-067S0056	431.0	1600.0	747.0	1098.0	866.0	774.0	4629.0	1775.0	2433.0	2026.0	3999.0	930.0	391.0	243.0	73861.6	887621.0	1223450.781435
sub-067S0059	428.0	1838.0	673.0	1080.0	903.0	756.0	4546.0	2030.0	2165.0	2134.0	4213.0	928.0	323.0	201.0	69501.1	824439.0	1219933.426277
sub-067S0257	481.0	1839.0	770.0	1171.0	942.0	879.0	5050.0	1988.0	1683.0	1827.0	3869.0	1170.0	300.0	183.0	70323.6	791542.0	1308719.260697
sub-068S0127	533.0	1715.0	752.0	1222.0	989.0	840.0	5220.0	1877.0	2132.0	2075.0	4293.0	1477.0	386.0	273.0	79306.9	911169.0	1488107.863495
sub-068S0210	458.0	2035.0	658.0	1079.0	787.0	700.0	4316.0	2078.0	2428.0	2125.0	4526.0	919.0	292.0	205.0	76401.5	889057.0	1319890.022188
sub-068S0473	523.0	2240.0	831.0	1277.0	979.0	877.0	5288.0	2513.0	2800.0	2759.0	5118.0	1581.0	455.0	279.0	90022.3	1039079.0	1594956.226897
sub-068S4174	492.0	2080.0	790.0	1243.0	832.0	848.0	4579.0	2462.0	2681.0	2335.0	4927.0	1173.0	434.0	285.0	83485.0	998369.0	1325987.66102
sub-068S4340	506.0	2215.0	821.0	1341.0	1013.0	924.0	5001.0	2532.0	3075.0	2226.0	4573.0	1609.0	457.0	321.0	93405.7	1148701.0	1598231.936423
sub-068S4424	439.0	1610.0	574.0	1045.0	720.0	627.0	3849.0	2028.0	2086.0	2145.0	4264.0	1282.0	342.0	241.0	71186.5	910342.0	1214092.414278
sub-070S4856	504.0	1779.0	786.0	1277.0	973.0	903.0	5109.0	2065.0	2154.0	2301.0	4776.0	1098.0	385.0	236.0	78903.7	983708.0	1502186.473274
sub-070S5040	473.0	2042.0	716.0	1170.0	832.0	842.0	4603.0	1640.0	2367.0	2182.0	4140.0	1505.0	353.0	244.0	78461.1	907605.0	1307643.881453
sub-072S0315	568.0	2174.0	792.0	1262.0	872.0	844.0	4747.0	2024.0	2878.0	2906.0	6345.0	1440.0	380.0	257.0	88199.3	1134283.0	1653131.838186
sub-072S4103	384.0	1554.0	662.0	1014.0	774.0	701.0	4115.0	1601.0	1775.0	2326.0	4462.0	1041.0	332.0	200.0	68960.9	820879.0	1228448.09368
sub-072S4391	442.0	1514.0	758.0	1172.0	842.0	823.0	4002.0	2188.0	2773.0	2249.0	4585.0	1151.0	375.0	283.0	76868.5	890687.0	1341221.071702
sub-073S0089	490.0	1975.0	760.0	1222.0	876.0	791.0	4819.0	2035.0	2686.0	2159.0	5199.0	1565.0	386.0	243.0	85890.6	1039424.0	1511067.24314
sub-073S0311	362.0	1594.0	656.0	947.0	824.0	743.0	4185.0	1719.0	2127.0	2303.0	4694.0	902.0	365.0	236.0	68333.9	779809.0	1338137.314322
sub-073S4155	422.0	1557.0	728.0	1111.0	774.0	718.0	4057.0	2076.0	2483.0	2166.0	4484.0	1365.0	334.0	229.0	75915.8	918833.0	1344107.224638
sub-073S4382	430.0	1629.0	715.0	1080.0	750.0	743.0	3969.0	1833.0	2193.0	2211.0	4709.0	1236.0	313.0	229.0	69981.9	847802.0	1241673.439848
sub-073S4393	567.0	2164.0	972.0	1493.0	1187.0	993.0	6582.0	2637.0	3793.0	2860.0	5343.0	1516.0	444.0	302.0	103522.0	1240770.0	1789425.066282
sub-073S4552	548.0	2434.0	855.0	1449.0	1067.0	929.0	5168.0	2460.0	2477.0	2691.0	5754.0	1789.0	314.0	197.0	94817.8	1126955.0	1685212.428787
sub-073S4559	547.0	2075.0	763.0	1145.0	773.0	804.0	4669.0	2003.0	2183.0	2713.0	5502.0	1277.0	340.0	211.0	80125.1	972049.0	1388380.584881
sub-073S4739	537.0	2019.0	831.0	1301.0	1107.0	924.0	5570.0	2338.0	2948.0	2426.0	5523.0	1242.0	375.0	231.0	90153.6	1062608.0	1595360.439445
sub-073S4762	437.0	1845.0	750.0	1208.0	807.0	815.0	4271.0	2136.0	2428.0	2096.0	4649.0	1494.0	316.0	191.0	76894.0	942430.0	1393638.546504
sub-073S4795	577.0	2338.0	836.0	1318.0	990.0	916.0	5852.0	2749.0	3114.0	3486.0	6903.0	1861.0	519.0	290.0	98067.7	1263893.0	1647276.214072
sub-073S5023	518.0	2013.0	748.0	1218.0	836.0	789.0	5482.0	2328.0	2720.0	2570.0	5352.0	1770.0	420.0	235.0	87993.9	1026345.0	1495719.487634
sub-082S1256	438.0	1651.0	702.0	1092.0	860.0	818.0	4363.0	2086.0	2343.0	2346.0	4971.0	1198.0	325.0	188.0	74194.4	898510.0	1317062.030323
sub-082S4090	457.0	1814.0	734.0	1131.0	874.0	800.0	4873.0	2468.0	2691.0	2555.0	4820.0	1607.0	299.0	183.0	87418.7	1038096.0	1530012.434958
sub-082S4208	566.0	2187.0	794.0	1290.0	931.0	876.0	4688.0	2227.0	2307.0	2480.0	5381.0	1788.0	339.0	239.0	88761.9	1043324.0	1686843.567498
sub-082S4224	531.0	2251.0	928.0	1444.0	1034.0	996.0	6317.0	2405.0	2581.0	2610.0	5289.0	1259.0	385.0	224.0	89538.6	1088330.0	1639435.459284
sub-082S4339	530.0	1862.0	846.0	1356.0	1142.0	984.0	5875.0	2491.0	2849.0	2245.0	5222.0	1706.0	368.0	227.0	87509.1	1068030.0	1691117.683099
sub-082S4428	560.0	2123.0	838.0	1419.0	1009.0	922.0	5448.0	2486.0	2498.0	2331.0	5059.0	1474.0	465.0	274.0	95155.5	1145116.0	1634487.234321
sub-094S4234	557.0	2028.0	657.0	1196.0	875.0	776.0	5160.0	2123.0	2429.0	2816.0	5851.0	1803.0	477.0	262.0	86708.7	1011653.0	1480659.842449
sub-094S4459	425.0	1692.0	801.0	1233.0	948.0	870.0	4795.0	1983.0	2391.0	1953.0	4465.0	1383.0	344.0	244.0	80979.6	979440.0	1366347.86492
sub-094S4460	320.0	1051.0	521.0	851.0	762.0	643.0	4415.0	2217.0	3275.0	1796.0	4292.0	1397.0	351.0	235.0	78266.2	931635.0	1251929.392674
sub-094S4503	455.0	2116.0	656.0	1131.0	814.0	740.0	4463.0	2158.0	2508.0	2248.0	4850.0	1608.0	377.0	243.0	81945.1	987322.0	1511371.479389
sub-094S4560	426.0	2061.0	701.0	1047.0	758.0	731.0	4115.0	1880.0	2210.0	1661.0	4456.0	1328.0	373.0	238.0	74399.1	887630.0	1262059.323991
sub-094S4649	348.0	1161.0	603.0	993.0	967.0	768.0	5062.0	2439.0	4186.0	2277.0	5779.0	1537.0	512.0	301.0	93109.2	1123751.0	1593247.751524
sub-098S0171	450.0	1625.0	703.0	1165.0	905.0	828.0	4160.0	1797.0	2053.0	1769.0	4414.0	1127.0	289.0	176.0	72252.6	821536.0	1367200.402152
sub-098S0172	423.0	1809.0	620.0	1005.0	774.0	686.0	4143.0	1892.0	2594.0	2285.0	4663.0	1135.0	368.0	248.0	78485.3	945676.0	1428963.080323
sub-098S0896	539.0	2241.0	806.0	1171.0	1063.0	951.0	5736.0	2459.0	3022.0	2463.0	5545.0	1458.0	416.0	262.0	94243.2	1074167.0	1751610.922614
sub-098S4002	409.0	1601.0	636.0	989.0	798.0	721.0	3908.0	2057.0	3033.0	2822.0	5022.0	1055.0	366.0	221.0	77150.4	1021016.0	1487256.544757
sub-098S4003	371.0	1711.0	649.0	1036.0	825.0	728.0	4571.0	2057.0	2218.0	1998.0	4008.0	1252.0	380.0	244.0	76317.8	937958.0	1412115.771445
sub-098S4018	468.0	1756.0	782.0	1189.0	954.0	801.0	4694.0	2034.0	3104.0	2986.0	5409.0	1198.0	465.0	260.0	86106.0	998206.0	1520072.022625
sub-098S4050	541.0	1825.0	886.0	1467.0	960.0	938.0	5211.0	2185.0	2532.0	2290.0	4976.0	1241.0	432.0	290.0	86326.5	1095710.0	1578147.529467
sub-098S4275	540.0	1723.0	866.0	1335.0	1125.0	991.0	5845.0	2438.0	2759.0	2769.0	5173.0	1460.0	459.0	248.0	91480.6	1144849.0	1654769.966238
sub-098S4506	493.0	1872.0	629.0	1049.0	857.0	705.0	4675.0	2186.0	3380.0	2231.0	5694.0	1508.0	501.0	302.0	85246.0	1001515.0	1487482.213176
sub-099S0352	345.0	1553.0	595.0	924.0	717.0	660.0	3912.0	1972.0	2038.0	1332.0	2714.0	716.0	277.0	212.0	61318.7	661686.0	1272905.556113
sub-099S4076	384.0	1645.0	773.0	1075.0	705.0	746.0	3796.0	2018.0	2252.0	2074.0	4515.0	1203.0	343.0	252.0	77849.9	957819.0	1458660.399777
sub-099S4086	400.0	1482.0	556.0	967.0	714.0	679.0	3773.0	1855.0	2417.0	2004.0	4023.0	1125.0	305.0	219.0	67136.0	734447.0	1276256.281275
sub-099S4104	473.0	1727.0	731.0	1196.0	815.0	795.0	4816.0	2121.0	2389.0	2418.0	4934.0	1262.0	426.0	234.0	81360.0	992999.0	1395868.638256
sub-100S0069	605.0	2488.0	747.0	1285.0	914.0	784.0	4980.0	2812.0	2350.0	2412.0	5197.0	1424.0	395.0	266.0	90348.9	1112095.0	1706538.990091
sub-100S1286	500.0	2004.0	711.0	1183.0	1084.0	836.0	5656.0	2414.0	2673.0	2060.0	4669.0	1335.0	380.0	249.0	85561.1	1020766.0	1636358.095757
sub-100S4469	551.0	2202.0	714.0	1243.0	835.0	792.0	4514.0	2174.0	3040.0	2139.0	3812.0	1137.0	334.0	224.0	83995.7	1025085.0	1413887.065383
sub-100S4511	506.0	1892.0	842.0	1273.0	1082.0	977.0	5943.0	2182.0	2757.0	2732.0	5627.0	1294.0	375.0	248.0	90748.8	1107206.0	1577717.109209
sub-100S5246	472.0	1956.0	691.0	1167.0	833.0	766.0	4211.0	1757.0	2163.0	2432.0	4387.0	1016.0	375.0	253.0	74745.1	842925.0	1319757.526868
sub-109S4499	484.0	1486.0	793.0	1226.0	1082.0	960.0	5082.0	2643.0	2879.0	2668.0	5156.0	1521.0	461.0	243.0	89879.0	1035683.0	1456787.948436
sub-114S0166	458.0	2055.0	607.0	1078.0	931.0	755.0	4637.0	2211.0	2724.0	2201.0	4488.0	1062.0	382.0	232.0	75382.0	843279.0	1496834.395829
sub-114S0173	469.0	2060.0	810.0	1252.0	1012.0	981.0	5354.0	2064.0	2203.0	2519.0	5218.0	1591.0	422.0	280.0	89094.1	1003455.0	1636039.791441
sub-114S0416	389.0	1522.0	793.0	1086.0	835.0	863.0	4041.0	1865.0	1934.0	2358.0	4865.0	1048.0	317.0	173.0	70421.5	785567.0	1349457.69301
sub-116S0382	416.0	1732.0	718.0	1172.0	916.0	829.0	4663.0	2148.0	2352.0	2538.0	4696.0	1111.0	361.0	230.0	82339.8	981811.0	1542724.987152
sub-116S1232	439.0	1909.0	749.0	1224.0	823.0	845.0	4597.0	2030.0	2160.0	2119.0	4726.0	1321.0	428.0	276.0	79430.5	947672.0	1402340.158131
sub-116S1249	513.0	2042.0	872.0	1410.0	962.0	954.0	4902.0	2030.0	2331.0	2241.0	4708.0	1114.0	316.0	179.0	76683.1	874336.0	1398822.487137
sub-116S4010	467.0	1851.0	684.0	1104.0	811.0	706.0	4465.0	2144.0	2834.0	2855.0	5259.0	1208.0	264.0	181.0	75024.8	878982.0	1293803.202484
sub-116S4043	442.0	1819.0	788.0	1150.0	935.0	847.0	5330.0	2414.0	3055.0	2229.0	5019.0	1255.0	433.0	311.0	86512.9	1034351.0	1593845.076005
sub-116S4092	427.0	1790.0	865.0	1268.0	982.0	943.0	5560.0	2359.0	2508.0	2320.0	5028.0	1792.0	377.0	260.0	87266.0	998241.0	1553870.206662
sub-116S4453	595.0	2406.0	787.0	1390.0	1003.0	900.0	5846.0	2335.0	2741.0	2915.0	5885.0	1271.0	430.0	277.0	92672.4	1034264.0	1590429.874853
sub-116S4483	409.0	1769.0	744.0	1069.0	852.0	741.0	4638.0	2103.0	2539.0	2651.0	5131.0	1119.0	382.0	241.0	79988.5	961653.0	1395492.925523
sub-116S4855	543.0	1778.0	896.0	1428.0	1078.0	1030.0	4938.0	2509.0	2782.0	2794.0	5487.0	1507.0	422.0	284.0	90174.0	1009425.0	1627013.651235
sub-123S0072	565.0	2657.0	710.0	1268.0	946.0	800.0	4621.0	1986.0	2608.0	2577.0	4984.0	1363.0	381.0	246.0	86061.1	1035520.0	1578423.426613
sub-123S0106	575.0	2356.0	844.0	1321.0	1171.0	941.0	5812.0	2283.0	3079.0	3053.0	5850.0	1568.0	353.0	223.0	96041.5	1110821.0	1853270.623146
sub-123S0113	572.0	1963.0	691.0	1171.0	1016.0	839.0	4956.0	2075.0	2211.0	2712.0	4329.0	1300.0	386.0	268.0	85315.0	1029499.0	1812763.655098
sub-123S0298	505.0	2077.0	782.0	1204.0	968.0	908.0	4960.0	2097.0	2461.0	2514.0	5393.0	1418.0	345.0	213.0	84966.8	991925.0	1467119.605332
sub-123S4362	445.0	1896.0	721.0	1099.0	896.0	859.0	6042.0	2354.0	2521.0	2124.0	4727.0	1480.0	328.0	225.0	85342.4	1003610.0	1390485.958101
sub-126S0605	538.0	1748.0	839.0	1409.0	885.0	878.0	5165.0	2704.0	2679.0	2660.0	5826.0	1536.0	467.0	321.0	95852.1	1132385.0	1778415.328252
sub-126S0680	464.0	1861.0	727.0	1199.0	809.0	818.0	3990.0	2148.0	2232.0	2096.0	4020.0	1148.0	403.0	270.0	75590.4	879440.0	1393491.426201
sub-127S0259	469.0	1842.0	721.0	1196.0	897.0	799.0	4686.0	1914.0	2336.0	2189.0	4108.0	1251.0	380.0	224.0	74225.1	827287.0	1375509.628708
sub-127S0260	429.0	1596.0	714.0	1099.0	823.0	768.0	3852.0	1839.0	2211.0	2078.0	4269.0	1189.0	385.0	228.0	70035.8	863171.0	1284379.598125
sub-127S4148	512.0	1983.0	805.0	1330.0	998.0	963.0	5398.0	2539.0	2798.0	2486.0	5454.0	1472.0	377.0	265.0	91449.8	1078569.0	1539977.187279
sub-127S4198	457.0	1848.0	728.0	1041.0	947.0	779.0	4648.0	1813.0	2189.0	1589.0	3851.0	1169.0	363.0	194.0	75416.9	926816.0	1370157.410328
sub-127S4604	580.0	2095.0	874.0	1449.0	1224.0	1065.0	5865.0	2291.0	3025.0	2673.0	5020.0	1472.0	396.0	249.0	95321.6	1178423.0	1794293.095085
sub-127S4645	563.0	2177.0	821.0	1380.0	898.0	855.0	5152.0	2231.0	2326.0	2339.0	4906.0	1435.0	402.0	280.0	82541.1	1015065.0	1506748.655051
sub-127S4843	606.0	2151.0	783.0	1349.0	1015.0	890.0	6079.0	2763.0	2918.0	2523.0	4757.0	1413.0	371.0	274.0	92469.9	1078415.0	1577433.084299
sub-128S0229	502.0	2062.0	677.0	1152.0	816.0	746.0	4082.0	2404.0	2158.0	2545.0	4381.0	1228.0	393.0	265.0	76608.1	881260.0	1364944.150402
sub-128S0230	650.0	2399.0	806.0	1435.0	1106.0	1009.0	5584.0	2599.0	2751.0	2643.0	5110.0	1252.0	434.0	279.0	95605.2	1034381.0	1761625.955423
sub-128S0272	525.0	2189.0	823.0	1306.0	841.0	866.0	4986.0	2451.0	2437.0	3104.0	5680.0	1244.0	403.0	281.0	89222.6	1046458.0	1623144.744601
sub-128S0522	530.0	2240.0	764.0	1215.0	1183.0	902.0	5616.0	2617.0	3046.0	2857.0	5812.0	1358.0	412.0	305.0	96260.6	1048302.0	1780563.276524
sub-128S0545	605.0	2241.0	873.0	1406.0	1145.0	983.0	6547.0	2600.0	2968.0	2190.0	5380.0	1425.0	479.0	291.0	97696.5	1108565.0	1809132.910046
sub-128S0863	555.0	2235.0	791.0	1251.0	1078.0	1005.0	5641.0	2078.0	2760.0	2022.0	4752.0	1210.0	366.0	253.0	86183.5	971305.0	1662631.395346
sub-128S1242	439.0	1743.0	762.0	1195.0	947.0	894.0	5005.0	2005.0	2678.0	2026.0	4672.0	1247.0	430.0	256.0	76852.7	887995.0	1394566.904681
sub-128S4586	563.0	2301.0	931.0	1483.0	1143.0	1036.0	5471.0	2557.0	2504.0	2603.0	5040.0	1369.0	353.0	207.0	93032.9	1014479.0	1596258.505287
sub-128S4599	576.0	2469.0	808.0	1276.0	1054.0	903.0	5857.0	2264.0	2972.0	2629.0	5507.0	1367.0	440.0	244.0	98092.7	1251424.0	1724565.254916
sub-128S4607	491.0	2282.0	692.0	1199.0	907.0	769.0	4734.0	2105.0	2498.0	2028.0	4935.0	1545.0	362.0	237.0	85323.8	1045573.0	1477553.966179
sub-128S4609	477.0	1879.0	724.0	1109.0	785.0	771.0	4077.0	2122.0	2487.0	2739.0	5216.0	1244.0	375.0	222.0	75753.5	907456.0	1416626.154457
sub-128S4832	518.0	2271.0	771.0	1247.0	923.0	841.0	5013.0	2302.0	3042.0	2949.0	5679.0	1573.0	378.0	254.0	94217.6	1103826.0	1632655.551223
sub-129S0778	522.0	1833.0	765.0	1235.0	859.0	792.0	5166.0	2820.0	2548.0	2339.0	5393.0	1308.0	340.0	218.0	85276.9	956630.0	1533577.273602
sub-129S4369	468.0	1849.0	660.0	1049.0	720.0	705.0	5182.0	2610.0	2960.0	2272.0	4996.0	1292.0	332.0	229.0	84126.9	1009920.0	1362526.044775
sub-129S4371	521.0	1921.0	698.0	1197.0	919.0	824.0	4323.0	2132.0	2125.0	2832.0	4557.0	1321.0	410.0	290.0	82589.1	960702.0	1374319.53865
sub-129S4396	382.0	1618.0	634.0	992.0	687.0	619.0	3655.0	1847.0	2348.0	1944.0	4109.0	1246.0	291.0	190.0	71599.1	861849.0	1268612.638669
sub-129S4422	513.0	1921.0	794.0	1344.0	862.0	823.0	4708.0	2234.0	2256.0	2255.0	4851.0	1395.0	327.0	217.0	79863.1	931477.0	1351727.50621
sub-130S0232	547.0	2386.0	753.0	1212.0	926.0	865.0	5668.0	3437.0	2807.0	2711.0	5875.0	1787.0	303.0	207.0	95515.4	1053283.0	1726766.547186
sub-130S0886	442.0	1899.0	743.0	1176.0	896.0	833.0	4565.0	2037.0	2144.0	2428.0	5184.0	1377.0	275.0	186.0	75949.0	937068.0	1410910.126175
sub-130S0969	492.0	1986.0	743.0	1206.0	913.0	853.0	4743.0	1885.0	2091.0	2111.0	4817.0	1573.0	321.0	212.0	81450.3	1045619.0	1649002.749342
sub-130S4343	540.0	2075.0	807.0	1380.0	966.0	865.0	4962.0	2064.0	2589.0	2558.0	6137.0	1365.0	343.0	210.0	84902.9	1043510.0	1540315.535403
sub-130S4352	507.0	2085.0	791.0	1298.0	943.0	879.0	4502.0	2319.0	2769.0	2974.0	5801.0	1503.0	324.0	189.0	86802.6	1013218.0	1607615.551063
sub-131S0123	436.0	1577.0	707.0	1133.0	788.0	817.0	4552.0	2604.0	2228.0	2058.0	4645.0	1325.0	412.0	183.0	76381.6	863623.0	1298518.865268
sub-131S0441	509.0	2046.0	779.0	1202.0	932.0	905.0	4450.0	2018.0	2885.0	2096.0	4575.0	1302.0	431.0	282.0	79541.7	920637.0	1387284.002844
sub-135S4446	483.0	2195.0	810.0	1335.0	963.0	854.0	4211.0	2287.0	2033.0	1884.0	3993.0	1244.0	402.0	290.0	81276.4	946630.0	1380782.24791
sub-135S4566	455.0	1875.0	686.0	1135.0	779.0	720.0	4250.0	1745.0	2271.0	2561.0	4809.0	1111.0	358.0	199.0	75792.2	956429.0	1503001.337962
sub-135S4598	445.0	1765.0	742.0	1214.0	941.0	823.0	5465.0	2220.0	2269.0	2589.0	5006.0	1236.0	316.0	214.0	86084.5	1049064.0	1521597.195116
sub-136S0186	551.0	2018.0	866.0	1335.0	1006.0	924.0	5137.0	2324.0	2302.0	2888.0	5285.0	1232.0	353.0	272.0	86888.7	1031515.0	1573694.729086
sub-136S4269	497.0	1821.0	605.0	1089.0	857.0	725.0	4485.0	2065.0	2251.0	2555.0	5329.0	1183.0	500.0	314.0	83074.7	1004439.0	1497608.190219
sub-136S4433	461.0	1975.0	638.0	1099.0	769.0	714.0	4396.0	2022.0	2118.0	2750.0	5759.0	1480.0	304.0	197.0	79123.8	979850.0	1389364.196233
sub-136S4726	546.0	2223.0	713.0	1147.0	821.0	784.0	4692.0	2356.0	2896.0	2433.0	5500.0	1317.0	324.0	216.0	87970.1	1119964.0	1557192.208811
sub-136S4727	449.0	1873.0	689.0	1122.0	883.0	770.0	4515.0	1957.0	2133.0	2134.0	4518.0	1236.0	326.0	205.0	74793.3	906361.0	1377380.590077
sub-137S0301	536.0	2019.0	840.0	1328.0	949.0	912.0	4871.0	1822.0	2581.0	3107.0	5627.0	1532.0	397.0	277.0	84664.8	1015579.0	1451280.648767
sub-137S0972	449.0	1800.0	848.0	1322.0	935.0	896.0	4716.0	2403.0	2635.0	2100.0	4369.0	1116.0	457.0	331.0	85331.1	935531.0	1465760.533881
sub-137S4466	566.0	2023.0	766.0	1293.0	874.0	829.0	4911.0	2640.0	2724.0	2675.0	5748.0	1435.0	480.0	329.0	89729.9	1003904.0	1530749.512418
sub-137S4482	518.0	2111.0	767.0	1210.0	877.0	851.0	4526.0	1986.0	2869.0	2443.0	4671.0	1551.0	355.0	239.0	82010.1	900937.0	1389805.520956
sub-137S4520	496.0	1998.0	733.0	1192.0	862.0	834.0	5121.0	2142.0	2331.0	3382.0	6474.0	1477.0	396.0	234.0	87975.4	1157410.0	1577581.708708
sub-137S4587	515.0	2285.0	707.0	1169.0	771.0	782.0	4313.0	2384.0	2173.0	1934.0	4664.0	1179.0	369.0	251.0	80109.9	922113.0	1377212.508159
sub-137S4632	482.0	2111.0	700.0	1129.0	754.0	718.0	4295.0	2255.0	2765.0	2659.0	5265.0	1403.0	488.0	302.0	88443.4	1116547.0	1639418.683536
sub-141S0717	566.0	2426.0	760.0	1249.0	997.0	823.0	5595.0	2810.0	2953.0	3515.0	6693.0	1772.0	428.0	262.0	97004.4	1131498.0	1813448.206093
sub-141S0767	452.0	1943.0	698.0	1130.0	848.0	702.0	4394.0	2350.0	2583.0	2687.0	5829.0	1362.0	379.0	211.0	80425.7	906588.0	1297735.585428
sub-153S4125	369.0	1592.0	745.0	1003.0	761.0	769.0	3952.0	1822.0	2254.0	2134.0	4563.0	1150.0	337.0	215.0	73203.4	894695.0	1308163.914274
sub-153S4139	390.0	1648.0	760.0	1130.0	780.0	805.0	4796.0	2029.0	2372.0	2129.0	4407.0	1241.0	304.0	203.0	75699.0	883531.0	1276535.224567
sub-153S4151	414.0	1547.0	701.0	1093.0	803.0	752.0	4565.0	2021.0	2409.0	1760.0	4207.0	1068.0	346.0	218.0	73879.8	861078.0	1314784.546112
sub-153S4372	411.0	1847.0	721.0	1095.0	907.0	794.0	4190.0	2129.0	2115.0	2345.0	4895.0	1227.0	485.0	268.0	77204.2	915746.0	1350920.617123
sub-941S1195	479.0	1585.0	813.0	1252.0	997.0	926.0	5838.0	2438.0	2807.0	2873.0	4999.0	1649.0	452.0	290.0	86400.6	1003304.0	1587230.896674
sub-941S1202	589.0	2594.0	812.0	1287.0	914.0	883.0	5094.0	2324.0	2853.0	1921.0	4769.0	1332.0	392.0	228.0	87843.8	990794.0	1632443.695868
sub-941S1203	465.0	2117.0	731.0	1155.0	750.0	777.0	4342.0	2009.0	1928.0	2308.0	4453.0	1150.0	377.0	259.0	73487.8	881116.0	1406361.694575
sub-941S4066	452.0	1875.0	726.0	1172.0	797.0	815.0	4372.0	1925.0	2171.0	2446.0	4826.0	1298.0	351.0	254.0	76831.1	877640.0	1423322.903793
sub-941S4100	496.0	1930.0	796.0	1250.0	872.0	841.0	5586.0	2085.0	2205.0	2225.0	4852.0	1144.0	370.0	243.0	83628.7	1013370.0	1579475.76931
sub-941S4255	550.0	2151.0	948.0	1469.0	1046.0	1027.0	6682.0	2249.0	2481.0	2091.0	4695.0	1360.0	360.0	248.0	90872.8	1035029.0	1602607.335152
sub-941S4292	494.0	2084.0	859.0	1257.0	978.0	926.0	5676.0	2258.0	2526.0	2182.0	5212.0	1055.0	381.0	217.0	84356.9	999881.0	1484738.773689
sub-941S4365	507.0	2226.0	791.0	1252.0	939.0	869.0	5327.0	2553.0	2808.0	2448.0	5424.0	1248.0	495.0	244.0	93512.3	1091136.0	1724259.741326
sub-941S4376	402.0	1572.0	723.0	1041.0	877.0	831.0	4628.0	2165.0	2405.0	2370.0	4523.0	1211.0	395.0	267.0	78924.6	928015.0	1400893.739842
