rh.aparc.thickness	rh_bankssts_thickness	rh_caudalanteriorcingulate_thickness	rh_caudalmiddlefrontal_thickness	rh_cuneus_thickness	rh_entorhinal_thickness	rh_fusiform_thickness	rh_inferiorparietal_thickness	rh_inferiortemporal_thickness	rh_isthmuscingulate_thickness	rh_lateraloccipital_thickness	rh_lateralorbitofrontal_thickness	rh_lingual_thickness	rh_medialorbitofrontal_thickness	rh_middletemporal_thickness	rh_parahippocampal_thickness	rh_paracentral_thickness	rh_parsopercularis_thickness	rh_parsorbitalis_thickness	rh_parstriangularis_thickness	rh_pericalcarine_thickness	rh_postcentral_thickness	rh_posteriorcingulate_thickness	rh_precentral_thickness	rh_precuneus_thickness	rh_rostralanteriorcingulate_thickness	rh_rostralmiddlefrontal_thickness	rh_superiorfrontal_thickness	rh_superiorparietal_thickness	rh_superiortemporal_thickness	rh_supramarginal_thickness	rh_frontalpole_thickness	rh_temporalpole_thickness	rh_transversetemporal_thickness	rh_insula_thickness	rh_MeanThickness_thickness	BrainSegVolNotVent	eTIV
sub-3000	2.712	2.068	2.451	2.109	3.589	2.901	2.313	2.6	2.528	2.229	2.467	2.096	2.224	2.65	3.033	2.42	2.363	2.396	2.091	1.89	2.094	2.136	2.407	2.349	2.953	2.268	2.534	2.162	2.557	2.293	2.034	4.11	2.512	3.028	2.39037	1108330.0	1569766.840465
sub-3004	2.783	2.543	2.488	1.787	3.406	2.763	2.564	2.716	2.347	2.417	2.412	1.937	2.285	2.656	2.798	2.316	2.527	2.483	2.258	1.617	1.924	2.238	2.558	2.47	2.595	2.296	2.633	2.31	2.639	2.312	2.366	3.275	2.442	3.01	2.44745	1175445.0	1617853.482109
sub-3008	2.749	2.659	2.34	1.943	3.418	2.734	2.343	2.412	2.823	2.125	2.387	2.124	2.03	2.168	2.887	2.281	2.412	2.2	2.12	1.811	2.263	2.273	1.904	2.26	2.927	2.311	2.427	2.017	2.296	2.154	2.305	3.316	2.207	2.834	2.28517	873285.0	1282019.510828
sub-3011	3.001	2.629	2.576	1.908	3.523	3.022	2.63	2.63	3.165	2.422	2.744	2.259	2.444	2.638	2.754	2.438	2.436	2.823	2.44	1.892	2.225	2.564	2.548	2.706	2.72	2.363	2.733	2.369	2.795	2.586	2.701	3.921	2.621	3.124	2.58411	1256798.0	1722963.923116
sub-3013	2.654	2.657	2.421	1.689	3.3	2.645	2.291	2.514	2.192	2.068	2.506	2.044	2.384	2.532	2.344	2.276	2.403	2.453	2.409	1.546	1.873	2.436	2.364	2.265	2.888	2.192	2.512	2.114	2.567	2.292	2.548	4.177	2.629	2.775	2.32787	1185073.0	1637599.895668
sub-3016	2.692	2.483	2.34	1.918	3.473	3.006	2.515	2.922	2.638	2.302	2.61	2.212	2.25	2.433	2.802	2.399	2.368	2.5	2.366	1.594	2.301	1.873	1.908	2.54	2.594	2.43	2.524	2.276	2.56	2.335	2.232	3.998	2.289	3.135	2.44413	1142925.0	1587662.051107
sub-3029	2.585	2.331	2.171	1.91	3.001	2.69	2.152	2.854	2.636	2.144	2.509	1.957	2.349	2.665	2.787	2.425	2.345	2.52	2.226	1.615	2.042	2.636	2.312	2.422	2.862	2.137	2.41	2.156	2.576	2.311	2.769	3.169	2.092	2.461	2.32443	1131226.0	1591404.683586
sub-3104	2.526	2.593	2.584	2.053	3.474	2.854	2.409	2.781	2.511	2.376	2.456	2.172	2.487	2.823	2.707	2.315	2.635	2.531	2.543	1.751	2.156	2.595	2.509	2.414	3.387	2.261	2.58	2.233	2.696	2.587	2.263	3.498	2.582	2.908	2.48395	1017494.0	1530767.14906
sub-3106	2.308	2.251	2.377	1.881	1.471	2.588	2.326	2.314	2.242	2.168	2.424	2.028	2.569	2.42	2.173	2.367	2.429	2.49	2.29	1.734	2.045	2.386	2.145	2.346	2.59	2.322	2.474	2.141	2.563	2.401	2.548	3.145	2.257	2.332	2.28756	967156.0	1540262.400118
sub-3112	2.339	2.323	2.359	1.801	3.267	2.523	2.284	2.584	2.548	2.163	2.419	2.054	2.354	2.538	2.493	2.325	2.268	2.532	2.345	1.672	1.993	2.239	2.363	2.251	2.311	2.352	2.429	2.062	2.433	2.461	2.508	3.198	1.949	2.786	2.31323	854197.0	1233595.151979
sub-3114	2.707	2.339	2.398	1.906	3.791	2.882	2.561	2.804	2.197	2.309	2.52	2.149	2.287	2.742	2.969	2.183	2.672	2.336	2.455	1.902	2.075	2.318	2.267	2.352	2.921	2.371	2.383	2.194	2.632	2.478	2.387	3.644	2.42	3.037	2.4201	905428.0	1287590.079589
sub-3115	2.532	2.16	2.443	1.938	3.212	2.661	2.412	2.516	2.082	2.184	2.324	1.955	2.232	2.723	2.598	2.358	2.505	2.518	2.361	1.792	2.121	2.296	2.407	2.353	2.609	2.164	2.511	2.203	2.576	2.429	2.287	3.391	2.339	2.813	2.36758	1169364.0	1636462.312859
sub-3151	2.585	2.338	2.454	1.842	3.517	2.772	2.467	2.783	2.367	2.258	2.496	1.977	2.274	2.826	3.046	2.315	2.369	2.648	2.532	1.623	2.009	2.381	2.421	2.362	2.652	2.173	2.471	2.113	2.81	2.368	2.503	3.756	2.524	3.002	2.41149	1080730.0	1520893.531615
sub-3156	2.243	2.344	2.406	1.959	4.025	2.622	2.32	2.8	2.175	2.048	2.337	2.062	2.238	2.619	2.681	2.359	2.441	2.491	2.165	1.764	2.084	2.245	2.444	2.341	2.607	2.171	2.516	2.193	2.541	2.332	2.498	3.509	1.99	2.677	2.35394	1032323.0	1558956.244154
sub-3157	2.708	2.607	2.575	1.815	3.637	2.947	2.581	2.882	2.528	2.298	2.391	2.001	2.355	2.945	2.785	2.451	2.485	2.681	2.319	1.676	2.059	2.388	2.559	2.403	2.999	2.219	2.717	2.195	2.756	2.551	2.637	3.897	2.373	2.872	2.47397	878085.0	1183410.395238
sub-3160	2.258	2.305	2.297	1.716	3.52	2.507	2.245	2.611	2.333	2.012	2.421	1.876	2.028	2.595	2.574	2.194	2.275	2.373	2.379	1.573	1.918	2.042	2.237	2.186	2.286	2.146	2.309	1.981	2.487	2.26	2.465	3.573	2.097	2.77	2.2368	1133731.0	1809287.539735
sub-3161	2.367	2.328	2.484	1.913	3.316	2.793	2.273	2.709	2.278	2.267	2.412	1.955	2.193	2.755	2.365	2.313	2.451	2.49	2.242	1.795	1.912	2.215	2.412	2.37	2.971	2.134	2.516	2.178	2.681	2.437	2.372	3.493	2.373	2.769	2.36738	1193640.0	1692612.828334
sub-3165	2.567	2.508	2.66	2.314	3.546	2.978	2.561	2.878	2.445	2.423	2.658	2.24	2.223	2.939	3.077	2.646	2.55	2.751	2.471	1.921	2.392	2.439	2.836	2.469	2.805	2.353	2.728	2.32	3.02	2.691	2.323	3.865	2.787	3.3	2.61177	1082889.0	1450955.030984
sub-3169	2.351	2.236	2.23	2.108	3.324	2.564	2.347	2.581	2.449	2.249	2.533	2.075	2.373	2.68	2.447	2.222	2.28	2.264	2.175	1.55	1.894	2.423	2.336	2.177	2.646	2.018	2.309	1.997	2.532	2.491	2.492	2.552	2.441	2.988	2.29282	1155226.0	1639347.801568
sub-3171	2.362	2.529	2.566	2.115	3.253	2.752	2.535	2.732	2.434	2.245	2.591	2.092	2.351	2.931	3.072	2.554	2.608	2.5	2.318	1.551	2.079	2.409	2.664	2.527	2.991	2.212	2.703	2.235	2.809	2.456	2.781	3.885	2.353	3.115	2.49976	1118880.0	1574591.31877
sub-3172	2.509	2.174	2.232	1.964	3.777	2.861	2.424	2.713	2.123	2.296	2.485	2.096	2.053	2.834	2.951	2.323	2.357	2.243	2.179	1.543	2.076	2.279	2.372	2.331	2.425	2.118	2.301	2.068	2.672	2.483	2.305	4.014	2.331	2.779	2.35313	1103831.0	1645046.07471
sub-3188	2.492	2.572	2.422	1.942	3.956	2.882	2.297	2.833	2.192	2.146	2.498	2.089	2.279	2.916	3.014	2.429	2.509	2.84	2.268	1.6	1.988	2.375	2.379	2.258	2.876	2.252	2.486	2.017	2.61	2.503	2.371	3.648	2.076	2.888	2.39354	967339.0	1411083.122871
sub-3191	2.528	2.677	2.507	2.187	3.968	2.878	2.444	2.838	2.384	2.331	2.532	2.172	2.363	2.919	2.775	2.467	2.472	2.625	2.236	1.71	2.155	2.481	2.441	2.386	2.603	2.257	2.584	2.161	2.864	2.55	2.409	3.492	2.269	2.942	2.46992	970695.0	1316481.977243
sub-3257	1.302	1.452	1.486	1.148	2.104	2.044	1.631	2.25	1.702	1.778	2.124	1.441	1.771	1.914	2.15	1.088	1.054	2.07	1.302	1.074	1.456	1.413	1.493	1.21	1.999	1.485	1.586	1.485	1.534	1.193	1.922	2.497	1.521	1.629	1.63083	1400587.0	1796076.608219
sub-3260	2.524	2.624	1.842	1.536	2.87	2.374	2.23	2.681	2.331	2.131	2.487	1.853	2.391	2.618	2.738	1.632	2.56	2.221	2.173	1.341	1.661	2.372	1.614	2.255	2.561	2.004	1.937	1.839	2.415	2.29	2.564	3.313	1.346	2.623	2.14942	1111691.0	1510075.588013
sub-3264	1.445	1.539	1.578	1.224	2.195	2.122	1.694	2.641	1.298	1.772	2.029	1.633	1.778	2.117	2.646	1.434	1.487	1.563	1.428	1.43	1.503	1.381	1.616	1.36	1.478	1.604	1.942	1.619	1.735	1.366	2.275	2.6	1.239	1.543	1.73395	1219336.0	1566172.153937
sub-3270	2.114	2.363	1.647	1.554	3.029	2.261	1.896	2.499	2.053	1.83	2.291	1.932	2.029	2.535	2.805	1.418	1.752	2.181	1.81	1.414	1.502	2.254	1.509	1.893	2.341	1.726	1.802	1.618	2.156	2.151	2.066	3.696	1.265	2.445	1.94958	1121967.0	1546965.060867
sub-3271	1.965	2.151	1.832	1.48	2.934	2.5	2.056	2.675	2.444	2.04	2.549	1.752	2.372	2.304	2.718	1.903	2.38	2.735	2.054	1.232	1.57	2.207	1.545	2.354	2.481	1.855	2.213	1.737	2.105	1.955	2.809	3.376	1.289	2.443	2.09636	1253052.0	1718214.935342
sub-3274	1.273	1.748	1.593	1.306	1.591	1.443	1.437	1.498	1.049	1.375	1.657	1.31	1.532	1.514	1.753	1.578	1.712	1.723	1.625	1.231	1.839	1.567	1.523	1.364	1.61	1.871	1.831	1.461	1.692	1.831	2.24	2.195	1.739	1.646	1.57218	1519589.0	1996588.304558
sub-3276	2.288	2.735	1.595	1.684	2.686	2.566	1.854	2.75	2.646	1.755	2.522	2.167	2.42	2.782	2.949	1.378	2.074	2.566	1.99	2.019	1.563	2.398	1.54	2.066	2.839	1.904	1.913	1.511	2.5	1.933	2.329	3.244	1.51	2.622	2.0671	1196149.0	1532799.083546
sub-3277	1.45	1.254	1.57	1.114	2.283	1.849	1.548	2.051	1.647	1.599	1.779	1.32	1.575	1.878	2.346	1.267	1.447	1.696	1.425	1.0	1.484	1.182	1.492	1.266	1.453	1.484	1.686	1.576	1.76	1.454	1.838	2.274	1.245	1.546	1.58495	1398131.0	1749964.804139
sub-3300	2.583	2.312	2.48	1.923	3.562	2.71	2.435	2.666	2.204	2.192	2.482	2.171	2.341	2.833	2.909	2.243	2.546	2.618	2.404	1.841	2.067	2.215	2.42	2.392	2.882	2.347	2.517	2.223	2.818	2.561	2.464	3.78	2.408	3.04	2.43265	1103909.0	1507889.394342
sub-3301	2.602	2.216	2.523	2.214	3.684	2.878	2.435	2.827	2.613	2.366	2.395	2.169	2.377	2.874	2.674	2.365	2.489	2.585	2.455	1.977	2.173	2.361	2.406	2.34	2.675	2.343	2.561	2.244	2.775	2.503	2.504	3.495	2.525	3.117	2.47777	1138836.0	1569970.280325
sub-3310	2.518	2.638	2.429	1.818	4.106	2.695	2.465	2.74	2.305	2.3	2.565	2.024	2.392	2.687	3.072	2.37	2.46	2.41	2.47	1.477	2.122	2.59	2.496	2.326	2.699	2.303	2.601	2.108	2.709	2.549	2.618	3.602	2.26	3.049	2.44686	945687.0	1381921.039271
sub-3316	2.534	2.383	2.372	2.038	3.639	2.894	2.426	2.755	2.262	2.259	2.498	2.206	2.24	2.77	3.09	2.482	2.555	2.462	2.229	1.676	2.125	2.283	2.539	2.396	2.728	2.237	2.507	2.099	2.627	2.615	2.593	3.646	2.321	2.935	2.43905	1113571.0	1600319.319315
sub-3318	2.553	2.294	2.178	1.882	3.857	2.81	2.261	2.846	2.153	2.234	2.62	2.047	2.318	2.842	2.837	2.288	2.467	2.693	2.364	1.631	2.05	2.176	2.337	2.229	2.734	2.203	2.336	2.029	2.776	2.413	2.685	3.776	2.605	3.123	2.38246	954207.0	1465625.659036
sub-3320	2.491	1.894	2.367	1.888	3.55	2.723	2.324	2.648	2.198	2.147	2.435	2.086	2.39	2.713	2.665	2.34	2.491	2.4	2.383	1.604	2.096	2.211	2.444	2.271	2.65	2.171	2.442	2.1	2.554	2.421	2.092	3.604	2.451	2.778	2.35559	1067085.0	1482700.06768
sub-3350	2.61	2.424	2.419	2.026	3.272	2.853	2.451	2.762	2.29	2.447	2.544	2.263	2.413	2.815	2.756	2.375	2.522	2.464	2.329	1.879	2.166	2.387	2.431	2.405	2.473	2.27	2.448	2.21	2.755	2.608	3.09	4.011	2.293	2.873	2.46708	1110241.0	1629867.024323
sub-3351	2.321	2.371	2.13	1.722	3.247	2.472	2.145	2.412	2.2	1.877	2.399	1.998	2.15	2.447	2.879	2.1	2.014	2.22	2.005	1.541	1.885	2.307	2.106	2.165	2.89	2.099	2.16	1.953	2.409	2.149	2.398	3.306	1.951	2.558	2.15003	943343.0	1585653.383279
sub-3353	2.734	2.573	2.403	2.098	3.596	2.667	2.548	2.797	2.427	2.427	2.617	2.336	2.354	2.886	2.917	2.502	2.455	2.641	2.512	2.186	2.2	2.378	2.552	2.5	2.801	2.365	2.595	2.275	2.822	2.553	2.515	3.801	2.437	2.814	2.53018	1046218.0	1420575.293696
sub-3355	2.543	2.295	2.446	2.065	3.199	2.941	2.429	2.786	2.535	2.34	2.461	2.24	2.403	2.83	2.745	2.453	2.683	2.391	2.449	1.825	2.21	2.443	2.424	2.305	2.437	2.346	2.544	2.156	2.836	2.55	2.348	3.045	2.47	2.968	2.47005	1041331.0	1387517.341014
sub-3357	2.275	2.358	2.296	1.964	3.021	2.551	2.203	2.511	2.098	2.107	2.247	2.169	2.055	2.591	2.646	2.324	2.413	2.287	2.344	1.746	1.9	2.213	2.274	2.279	2.576	1.961	2.296	1.957	2.594	2.252	1.919	3.147	2.412	2.762	2.25199	1088526.0	1658569.737646
sub-3358	2.382	2.325	2.26	1.925	3.229	2.811	2.305	2.69	2.143	2.304	2.485	2.121	2.069	2.69	2.703	2.354	2.579	2.478	2.28	1.672	2.045	2.224	2.391	2.269	2.606	2.123	2.37	2.092	2.597	2.321	2.135	3.304	2.304	2.727	2.33816	1247153.0	1696766.506401
sub-3361	2.521	2.34	2.324	1.895	3.663	2.707	2.32	2.629	2.21	2.187	2.345	2.004	2.285	2.607	2.809	2.319	2.438	2.441	2.148	1.716	2.071	2.272	2.422	2.269	2.692	2.158	2.332	2.085	2.751	2.374	2.501	3.212	2.426	2.95	2.34602	1103762.0	1568950.294096
sub-3362	2.491	2.534	2.53	1.914	3.59	2.437	2.382	2.64	2.642	2.262	2.367	1.983	2.174	2.863	2.576	2.529	2.372	2.273	2.152	1.594	2.066	2.44	2.372	2.419	2.793	2.08	2.521	2.181	2.666	2.554	2.344	3.504	2.422	2.801	2.37693	1066753.0	1284820.070714
sub-3368	2.769	2.416	2.618	1.945	3.203	2.632	2.563	2.724	2.442	2.27	2.583	2.255	2.301	2.863	2.737	2.551	2.603	2.346	2.396	1.784	2.352	2.65	2.59	2.483	2.686	2.441	2.624	2.261	2.664	2.718	2.996	3.377	2.396	2.851	2.51648	1117001.0	1390440.882489
sub-3369	2.726	2.738	2.431	2.002	4.027	2.649	2.476	2.972	2.312	2.207	2.599	2.119	2.394	2.976	2.596	2.475	2.681	2.758	2.374	1.931	1.998	2.232	2.584	2.38	2.63	2.276	2.502	2.271	2.835	2.414	2.715	3.774	2.711	3.168	2.4751	1041747.0	1449827.130093
sub-3370	2.472	2.063	2.378	1.822	3.32	2.918	2.473	2.723	2.623	2.191	2.28	1.973	1.963	2.802	2.288	2.387	2.595	2.397	2.1	1.684	1.796	2.468	2.468	2.367	2.416	2.026	2.468	2.108	2.796	2.412	2.328	3.406	2.232	2.81	2.35159	1294383.0	1672519.043824
sub-3389	2.378	2.314	2.16	1.786	3.652	2.63	2.295	2.519	2.255	2.083	2.271	1.993	2.195	2.587	2.569	2.183	2.284	2.422	2.01	1.526	1.708	2.244	2.263	2.21	2.564	2.001	2.297	2.015	2.551	2.412	2.293	3.414	2.199	2.733	2.23854	1042625.0	1499330.11181
sub-3390	2.684	2.339	2.548	1.978	3.524	2.851	2.539	2.618	2.556	2.188	2.526	2.033	2.242	2.807	2.358	2.286	2.481	2.627	2.369	1.817	2.132	2.344	2.515	2.467	2.604	2.325	2.595	2.391	2.797	2.595	3.0	3.422	2.401	2.68	2.4592	1070043.0	1398499.276138
sub-3503	2.446	2.387	2.4	1.734	3.376	2.725	2.261	2.627	2.632	2.106	2.605	1.942	2.37	2.731	2.777	2.616	2.609	2.621	2.373	1.771	2.017	2.584	2.584	2.394	2.998	2.215	2.559	1.994	3.12	2.468	2.382	4.413	2.525	3.115	2.43767	887460.0	1207402.00558
sub-3515	2.575	2.334	2.199	1.719	3.176	2.737	2.168	2.394	2.402	2.038	2.336	2.017	2.213	2.6	3.014	2.256	2.423	2.372	2.208	1.654	1.79	2.355	2.357	2.224	2.543	2.012	2.228	1.848	2.657	2.353	2.584	3.628	2.229	2.813	2.25175	947111.0	1259891.297764
sub-3517	2.776	2.478	2.488	1.891	3.358	2.682	2.437	2.752	2.773	2.193	2.649	1.899	2.234	2.884	2.704	2.417	2.51	2.729	2.362	1.846	1.963	2.488	2.445	2.216	2.934	2.142	2.452	2.048	2.866	2.467	2.365	3.795	2.216	2.866	2.41609	1103553.0	1293758.236574
sub-3518	2.397	2.427	2.216	1.689	3.85	2.628	2.117	2.716	2.45	2.088	2.408	1.965	2.35	2.705	2.561	2.072	2.397	2.449	2.111	1.431	1.823	2.297	2.234	2.152	3.168	2.046	2.3	1.788	2.601	2.27	2.174	4.147	2.396	2.914	2.2505	1030412.0	1569493.960978
sub-3519	2.36	2.397	2.269	1.844	4.203	2.718	2.235	2.585	2.317	2.027	2.583	2.058	2.609	2.667	3.064	2.396	2.446	2.605	2.443	1.604	2.073	2.43	2.337	2.332	2.774	2.094	2.412	2.028	2.729	2.522	2.665	3.926	2.668	3.276	2.37705	1200494.0	1730278.343036
sub-3521	2.724	2.454	2.406	1.874	3.475	2.8	2.312	2.819	2.417	2.315	2.58	2.212	2.337	2.981	3.055	2.147	2.448	2.787	2.346	1.867	1.854	2.381	2.439	2.339	2.697	2.178	2.395	2.072	3.069	2.46	2.251	3.996	2.469	2.926	2.43944	1090441.0	1422627.172057
sub-3523	2.495	2.393	2.343	1.866	3.329	2.692	2.35	2.766	2.068	2.207	2.446	2.025	2.206	2.744	2.798	2.34	2.328	2.276	2.244	1.657	1.824	2.2	2.424	2.274	2.788	2.119	2.417	1.963	2.691	2.308	2.382	4.092	2.216	2.819	2.32912	1030688.0	1199770.937643
sub-3525	2.551	2.565	2.215	1.732	4.094	2.683	2.091	2.851	2.44	2.067	2.926	2.021	2.56	2.859	3.14	2.222	2.46	2.352	2.358	1.637	1.884	2.334	2.372	2.254	2.867	2.173	2.523	1.91	2.77	2.317	2.929	4.233	2.24	3.103	2.3707	1081407.0	1379710.094974
sub-3526	2.44	2.105	2.124	1.714	3.659	2.53	2.002	2.492	2.117	2.046	2.461	1.838	2.309	2.666	2.52	1.984	2.255	2.35	2.157	1.476	1.676	1.982	2.276	2.016	2.444	2.13	2.229	1.779	2.599	2.21	2.896	3.655	2.162	2.593	2.18123	1048202.0	1632215.592885
sub-3527	2.483	2.073	2.557	1.685	2.995	2.558	2.222	2.682	2.171	1.929	2.583	1.953	2.426	2.72	2.341	2.378	2.759	2.715	2.541	1.636	1.819	2.216	2.484	2.259	2.545	2.353	2.631	1.997	2.702	2.216	2.304	2.949	2.452	2.994	2.36809	1030495.0	1428415.630161
sub-3541	2.371	2.413	2.172	1.707	3.122	2.544	2.008	2.627	2.346	1.987	2.505	1.961	2.411	2.671	3.046	2.231	2.176	2.246	2.128	1.567	1.957	2.331	2.17	2.041	2.533	2.019	2.261	1.729	2.667	2.28	2.208	3.429	2.299	2.836	2.20945	1335957.0	1828574.136988
sub-3551	2.443	2.291	2.135	1.91	3.29	2.694	2.241	2.58	1.967	2.073	2.412	1.917	2.322	2.724	2.453	2.205	2.415	2.523	2.296	1.668	1.975	2.354	2.294	2.194	2.517	2.056	2.282	2.039	2.49	2.359	2.243	3.694	2.338	2.691	2.27363	1053718.0	1567589.916258
sub-3554	2.492	2.657	2.331	2.065	3.249	2.711	2.393	2.511	2.302	2.408	2.286	2.245	2.38	2.659	2.936	2.412	2.387	2.6	2.259	2.118	2.035	2.395	2.323	2.424	2.631	2.237	2.437	2.205	2.54	2.46	2.498	2.875	2.358	2.602	2.39001	1047717.0	1563271.478061
sub-3555	2.555	2.176	2.524	2.203	3.583	2.696	2.427	2.698	2.176	2.279	2.307	2.242	2.152	2.717	2.355	2.572	2.723	2.246	2.364	2.055	2.258	2.379	2.622	2.643	2.34	2.243	2.627	2.263	2.738	2.631	2.537	3.733	2.635	2.835	2.47575	1409698.0	1898035.479902
sub-3563	2.662	2.306	2.49	2.174	3.716	2.853	2.625	2.919	2.267	2.38	2.528	2.279	2.341	2.939	2.512	2.616	2.538	2.629	2.364	2.175	2.343	1.93	2.573	2.424	2.666	2.3	2.632	2.349	2.844	2.69	2.776	3.56	2.167	2.842	2.53959	1153953.0	1657344.013656
sub-3565	2.742	2.347	2.435	2.021	3.445	2.686	2.507	2.8	2.194	2.219	2.421	2.172	2.348	2.942	2.635	2.521	2.588	2.355	2.39	1.973	2.242	2.433	2.529	2.418	2.714	2.201	2.553	2.295	2.773	2.633	2.316	3.36	2.476	2.894	2.46607	1259027.0	1783763.889443
sub-3569	2.371	2.28	2.484	1.98	3.291	2.651	2.563	2.598	2.542	2.214	2.406	2.089	2.263	2.609	2.768	2.509	2.525	2.421	2.499	2.0	2.123	2.415	2.447	2.393	2.478	2.198	2.495	2.28	2.6	2.544	2.426	3.095	2.209	2.755	2.41359	1036115.0	1373078.549832
sub-3570	2.682	2.412	2.378	2.206	3.244	2.766	2.415	2.787	2.353	2.279	2.416	2.241	2.257	2.895	2.933	2.552	2.738	2.499	2.438	1.94	2.123	2.389	2.495	2.445	2.484	2.287	2.554	2.314	2.851	2.579	2.613	3.993	2.501	2.916	2.47375	1315000.0	1948132.126488
sub-3571	2.386	2.222	2.333	1.844	3.341	2.546	2.104	2.637	2.224	2.064	2.518	1.981	2.222	2.616	2.828	2.187	2.464	2.414	2.321	1.78	1.936	2.298	2.317	2.154	2.47	2.177	2.345	1.95	2.63	2.323	2.308	3.822	2.493	2.84	2.28364	1258630.0	1814170.330641
sub-3572	2.551	2.331	2.392	1.82	3.52	2.768	2.413	2.571	2.158	2.269	2.597	2.244	2.336	2.777	2.756	2.346	2.48	2.684	2.333	1.531	2.102	2.425	2.357	2.391	2.598	2.309	2.57	2.189	2.726	2.4	2.423	3.551	2.251	2.715	2.42346	992492.0	1307872.862664
sub-3600	2.676	2.412	2.428	2.002	3.349	2.855	2.382	3.085	2.621	2.32	2.61	1.954	2.351	2.868	2.686	2.292	2.477	2.814	2.429	1.689	1.948	2.454	2.496	2.499	2.992	2.333	2.654	2.151	2.647	2.51	3.163	3.695	2.301	3.016	2.47257	1146450.0	1472714.691638
sub-3610	2.568	2.653	2.779	1.917	3.504	2.786	2.676	2.924	2.552	2.439	2.778	2.25	2.569	3.052	3.371	2.624	2.842	2.88	2.655	1.948	2.363	2.757	2.721	2.598	2.899	2.547	2.953	2.367	3.066	2.819	2.981	3.99	2.518	3.163	2.69665	1165035.0	1578057.312215
sub-3611	2.734	2.338	2.685	2.17	3.912	2.872	2.607	2.937	2.245	2.29	2.612	2.136	2.64	3.049	2.865	2.586	2.728	2.874	2.625	1.748	2.069	2.483	2.702	2.443	2.687	2.527	2.951	2.272	2.917	2.715	2.933	4.076	2.473	3.035	2.59583	1189372.0	1582941.090089
sub-3613	2.538	2.578	2.424	1.774	3.711	2.843	2.61	2.889	2.217	2.295	2.721	2.032	2.457	2.994	2.881	2.537	2.597	2.703	2.448	1.486	2.186	2.457	2.569	2.454	3.228	2.285	2.649	2.341	3.063	2.712	2.178	3.306	2.465	3.103	2.54192	1138758.0	1507659.161024
sub-3614	2.511	2.567	2.499	1.739	3.646	2.758	2.361	2.878	2.456	2.41	2.698	2.103	2.332	2.822	2.911	2.46	2.433	2.555	2.426	1.468	1.967	2.332	2.545	2.233	2.917	2.213	2.66	2.155	2.687	2.463	2.208	3.387	2.24	3.035	2.44375	1066798.0	1466464.757419
sub-3615	2.865	2.689	2.391	2.046	3.316	2.887	2.518	2.822	2.443	2.447	2.589	2.252	2.521	2.941	2.534	2.435	2.526	3.171	2.544	1.771	2.059	2.69	2.318	2.438	2.986	2.396	2.569	2.143	2.963	2.485	3.096	3.296	2.825	3.164	2.51783	1320493.0	1809552.194087
sub-3620	2.929	2.647	2.531	2.037	4.352	2.932	2.755	2.824	2.486	2.433	2.767	2.165	2.314	3.123	2.492	2.509	2.802	2.693	2.465	1.839	2.267	2.673	2.539	2.628	3.032	2.391	2.742	2.471	3.03	2.752	3.024	4.146	2.31	3.244	2.62597	1115627.0	1567630.667703
sub-3624	2.512	2.328	2.531	1.902	3.19	2.618	2.454	2.81	2.316	2.368	2.749	2.117	2.335	2.891	2.498	2.494	2.418	2.555	2.471	1.782	1.963	2.313	2.554	2.484	2.8	2.328	2.729	2.152	2.767	2.472	2.823	3.914	2.257	2.831	2.46656	1242054.0	1711917.308748
sub-3627	2.718	2.62	2.514	1.886	4.029	2.837	2.406	2.915	2.702	2.339	2.545	2.04	2.261	2.99	2.463	2.451	2.395	2.757	2.489	1.567	2.192	2.551	2.656	2.351	2.611	2.367	2.675	2.147	2.844	2.493	2.614	3.52	2.341	2.923	2.4894	1271922.0	1720225.095575
sub-3635	2.533	2.424	2.719	1.803	3.209	2.815	2.584	2.947	2.427	2.266	2.601	2.095	2.4	2.861	2.436	2.605	2.656	2.838	2.421	1.494	2.235	2.403	2.629	2.537	2.859	2.294	2.725	2.23	2.896	2.584	2.346	3.523	2.323	3.136	2.53725	1374248.0	1806403.207425
sub-3636	2.451	2.467	2.554	1.979	3.184	2.855	2.555	3.053	2.377	2.21	2.731	1.993	2.512	2.927	2.446	2.406	2.642	2.729	2.293	1.705	2.127	2.548	2.554	2.349	3.008	2.43	2.807	2.207	2.838	2.603	2.751	4.423	2.015	2.987	2.52022	1178026.0	1608406.835235
sub-3637	2.639	2.337	2.388	1.803	3.391	2.733	2.527	2.823	2.357	2.36	2.47	2.025	2.428	2.853	2.797	2.499	2.553	2.918	2.433	1.374	2.059	2.3	2.485	2.511	2.88	2.447	2.688	2.276	2.595	2.34	2.488	4.258	1.793	2.536	2.46007	1043490.0	1385031.814016
sub-3750	2.699	2.343	2.45	2.032	3.286	2.78	2.623	2.69	2.307	2.387	2.457	2.216	2.321	2.751	2.492	2.367	2.524	2.468	2.276	1.983	2.19	2.366	2.442	2.356	2.742	2.278	2.458	2.245	2.758	2.644	2.525	3.508	2.705	2.952	2.46235	1242495.0	1829108.11521
sub-3756	2.31	2.467	2.241	1.908	3.33	2.622	2.261	2.673	2.378	2.153	2.448	1.958	2.376	2.708	2.953	2.49	2.402	2.573	2.363	1.616	1.894	2.367	2.368	2.242	2.891	2.126	2.369	2.012	2.575	2.231	2.479	3.704	1.877	3.018	2.31718	1166395.0	1697443.460501
sub-3759	2.501	2.598	2.429	1.861	3.499	2.746	2.441	2.837	2.315	2.332	2.567	2.157	2.42	2.684	2.868	2.529	2.469	2.608	2.282	1.678	2.017	2.496	2.514	2.374	2.947	2.284	2.557	2.186	2.799	2.446	2.623	3.715	2.662	3.046	2.45257	980833.0	1324377.2585
sub-3765	2.563	2.691	2.417	1.913	3.577	2.816	2.338	2.679	2.767	2.146	2.525	1.867	2.296	2.692	2.656	2.415	2.381	2.484	2.223	1.677	1.987	2.357	2.511	2.307	2.747	2.156	2.607	2.067	2.665	2.507	2.29	3.768	2.081	2.779	2.37849	956163.0	1331668.716072
sub-3767	2.432	2.308	2.362	2.141	3.399	2.786	2.392	2.801	2.335	2.308	2.703	2.056	2.353	2.769	3.215	2.475	2.547	2.396	2.123	1.733	2.047	2.284	2.54	2.306	2.624	2.11	2.533	2.145	2.749	2.434	2.436	3.559	2.333	2.893	2.41174	1111458.0	1482417.752735
sub-3768	2.616	2.055	2.356	1.889	3.569	2.75	2.477	2.795	2.516	2.256	2.388	1.98	2.346	2.801	2.672	2.325	2.428	2.428	2.162	1.8	2.034	2.247	2.439	2.389	2.559	2.188	2.463	2.128	2.618	2.414	2.588	3.643	2.222	2.78	2.38462	1189090.0	1711851.854273
sub-3769	2.435	2.258	2.31	1.929	3.997	2.741	2.294	2.814	2.158	2.151	2.511	2.121	2.243	2.8	2.891	2.287	2.398	2.326	2.166	1.795	2.072	2.179	2.457	2.318	2.892	2.093	2.515	2.093	2.798	2.495	2.326	3.665	2.966	2.802	2.38808	1023165.0	1459153.628129
sub-3779	2.347	2.435	2.425	1.805	3.362	2.443	2.315	2.527	2.51	2.19	2.659	1.957	2.454	2.694	2.515	2.323	2.365	2.498	2.252	1.841	1.843	2.448	2.407	2.288	2.537	2.176	2.41	2.14	2.421	2.386	2.695	3.585	1.816	3.183	2.34084	1258053.0	1843564.689981
sub-3803	2.466	2.491	2.197	1.857	3.493	2.531	2.187	2.679	2.367	2.204	2.409	2.042	2.225	2.675	3.234	2.272	2.273	2.439	2.19	1.708	2.008	2.395	2.339	2.278	2.565	2.182	2.415	2.088	2.482	2.393	2.301	3.584	2.34	2.462	2.31688	1034002.0	1477757.991102
sub-3804	2.56	2.384	2.382	1.958	3.266	2.847	2.37	2.729	2.339	2.327	2.494	2.077	2.174	2.659	2.803	2.196	2.376	2.338	2.24	1.9	2.027	2.382	2.445	2.394	2.672	2.202	2.503	2.162	2.653	2.409	2.686	3.593	2.505	2.825	2.38712	1079216.0	1446506.161759
sub-3805	2.558	2.489	2.719	2.037	4.332	2.879	2.483	2.858	2.497	2.406	2.544	2.203	2.265	3.046	2.898	2.572	2.648	2.585	2.418	1.917	2.237	2.487	2.829	2.405	2.975	2.261	2.798	2.341	3.121	2.652	2.382	4.126	2.552	3.032	2.59068	1008751.0	1325217.218464
sub-3806	2.335	2.25	2.369	1.655	3.605	2.55	2.215	2.654	2.375	2.126	2.609	1.964	2.394	2.77	2.392	2.379	2.457	2.507	2.108	1.556	1.939	2.257	2.379	2.137	2.52	2.136	2.528	1.945	2.601	2.263	2.395	3.31	2.114	2.853	2.30071	1001668.0	1378852.94245
sub-3807	2.615	2.247	2.515	1.996	3.89	2.831	2.442	2.792	2.183	2.378	2.609	2.038	2.515	2.786	2.516	2.369	2.524	2.367	2.29	1.646	1.973	2.497	2.49	2.482	2.672	2.285	2.727	2.161	2.721	2.439	2.942	3.442	2.52	2.871	2.46315	1131902.0	1534058.391503
sub-3809	2.579	2.386	2.656	1.983	3.308	2.94	2.513	2.86	2.653	2.349	2.733	2.049	2.465	3.003	2.902	2.564	2.375	2.926	2.41	1.805	2.154	2.355	2.697	2.353	2.527	2.394	2.743	2.194	2.954	2.464	2.911	3.814	2.742	3.139	2.5375	1100745.0	1513447.66005
sub-3811	2.236	2.083	2.678	1.889	3.554	2.766	2.344	2.783	2.147	2.315	2.472	1.97	2.097	2.76	2.613	2.402	2.376	2.228	2.216	1.54	2.006	2.025	2.322	2.42	2.695	2.255	2.782	2.34	2.657	2.361	2.37	3.289	2.411	2.454	2.3978	1159948.0	1743581.168357
sub-3812	2.607	2.294	2.386	1.779	3.036	2.782	2.306	2.776	2.764	2.037	2.349	1.919	2.5	2.776	2.743	2.376	2.299	2.422	2.263	1.588	1.893	2.442	2.499	2.28	2.709	2.217	2.604	2.084	2.702	2.413	2.508	3.473	2.305	2.862	2.36311	966198.0	1332014.751895
sub-3813	2.42	2.402	2.19	1.693	3.197	2.671	2.205	2.589	2.231	2.18	2.498	2.129	2.121	2.736	3.179	2.055	2.541	2.449	2.217	1.58	1.729	2.345	2.238	2.124	2.717	2.121	2.299	1.923	2.559	2.147	2.45	3.606	2.225	2.934	2.25446	1069694.0	1533309.06124
sub-3816	2.877	2.677	2.606	2.152	3.344	2.888	2.542	2.936	2.508	2.34	2.665	2.111	2.542	2.958	2.786	2.596	2.551	2.631	2.446	1.826	2.163	2.523	2.637	2.413	3.159	2.353	2.699	2.217	2.929	2.532	2.793	3.74	2.727	3.056	2.54465	1120506.0	1594274.388073
sub-3817	2.534	2.739	2.474	1.943	3.72	2.703	2.402	2.741	2.356	2.187	2.519	1.911	2.458	2.793	3.011	2.39	2.39	2.523	2.204	1.772	1.961	2.235	2.388	2.295	2.763	2.352	2.523	2.038	2.503	2.459	2.808	3.391	2.111	2.915	2.39146	1069093.0	1531423.721927
sub-3850	2.462	2.692	2.418	1.927	2.816	2.726	2.381	2.723	2.65	2.226	2.714	2.102	2.528	2.706	2.615	2.31	2.611	2.707	2.396	1.672	2.111	2.561	2.446	2.34	2.838	2.362	2.568	2.126	2.649	2.46	2.737	2.879	2.486	2.881	2.42343	1005951.0	1397323.809416
sub-3851	2.567	2.302	2.547	2.12	2.835	2.879	2.404	2.676	2.587	2.339	2.412	2.137	2.332	2.787	2.982	2.448	2.398	2.783	2.356	1.959	2.146	2.311	2.582	2.335	2.565	2.318	2.516	2.248	2.793	2.513	2.465	4.061	2.481	2.912	2.46519	993699.0	1373455.793974
sub-3852	2.532	2.132	2.438	1.932	2.857	2.574	2.375	2.641	2.297	2.035	2.471	2.12	2.304	2.557	2.451	2.438	2.38	2.461	2.283	1.629	1.981	2.158	2.434	2.312	2.608	2.17	2.433	2.222	2.425	2.367	2.629	3.451	2.323	2.62	2.34465	1066095.0	1627827.556423
sub-3853	2.523	2.455	2.404	1.791	3.285	2.931	2.414	2.802	2.41	2.294	2.431	2.067	2.486	2.868	2.68	2.468	2.446	2.458	2.356	1.522	2.022	2.415	2.539	2.319	2.463	2.225	2.483	2.075	2.696	2.455	2.571	3.764	2.689	3.025	2.41927	1105642.0	1484430.061982
sub-3854	2.725	2.51	2.578	2.114	3.469	2.791	2.626	2.93	2.473	2.328	2.394	2.144	2.361	2.89	2.928	2.559	2.633	2.452	2.325	1.752	2.017	2.48	2.548	2.507	2.901	2.106	2.604	2.283	2.958	2.674	2.323	3.385	2.286	3.05	2.49309	1246268.0	1639679.40429
sub-3855	2.505	2.663	2.397	2.018	3.339	2.807	2.364	2.725	2.418	2.219	2.613	2.035	2.465	2.748	2.937	2.659	2.331	2.579	2.386	1.618	2.118	2.584	2.543	2.45	2.737	2.356	2.552	2.209	2.787	2.463	2.655	4.059	2.541	2.994	2.4615	1070266.0	1490168.9519
sub-3857	2.401	2.333	2.472	2.008	3.38	2.811	2.338	2.91	2.529	2.327	2.491	2.008	2.358	2.729	2.995	2.575	2.75	2.556	2.549	1.763	2.065	2.392	2.552	2.344	2.863	2.255	2.678	2.16	2.774	2.542	3.134	3.776	2.235	2.973	2.47188	923704.0	1224845.801009
sub-3859	2.729	2.416	2.407	1.991	3.967	3.046	2.525	3.039	2.393	2.465	2.844	2.151	2.527	2.929	2.615	2.52	2.605	2.901	2.439	1.434	2.22	2.53	2.566	2.487	2.76	2.296	2.545	2.239	2.911	2.559	2.66	3.72	2.276	2.95	2.54556	1093625.0	1496401.414663
sub-4004	2.622	2.171	2.536	2.043	3.22	2.65	2.455	2.768	2.288	2.348	2.517	2.224	2.317	2.824	2.542	2.529	2.386	2.427	2.344	1.877	2.147	2.266	2.49	2.448	2.479	2.345	2.578	2.289	2.612	2.452	2.507	3.527	2.436	2.65	2.44798	986114.0	1402578.950185
sub-4010	2.775	2.712	2.729	2.147	3.383	2.909	2.499	2.89	2.277	2.369	2.548	2.232	2.438	2.879	2.416	2.557	2.647	2.59	2.449	1.847	2.294	2.402	2.653	2.504	2.798	2.382	2.714	2.384	2.825	2.643	2.667	3.691	2.628	3.019	2.56995	1070106.0	1453692.080473
sub-4018	2.258	2.294	2.352	1.705	3.401	2.625	2.315	2.576	2.149	2.087	2.426	1.921	2.204	2.665	2.398	2.117	2.352	2.402	2.27	1.504	1.922	2.23	2.246	2.275	2.714	2.191	2.418	2.129	2.531	2.258	2.297	3.376	2.201	2.453	2.28353	1050746.0	1469438.251191
sub-4032	2.452	2.235	2.318	1.813	3.333	2.556	2.395	2.674	2.383	2.11	2.378	1.953	2.272	2.749	2.772	2.282	2.4	2.516	2.268	1.693	1.98	2.393	2.348	2.195	2.631	2.121	2.42	2.085	2.516	2.31	2.244	3.134	2.361	2.651	2.30515	991489.0	1345939.570579
sub-4067	2.503	2.188	2.326	1.743	3.185	2.587	2.312	2.586	2.238	2.09	2.389	1.96	2.108	2.509	2.536	2.443	2.356	2.367	2.303	1.732	2.111	2.298	2.452	2.369	2.64	2.141	2.466	2.172	2.626	2.405	2.18	3.538	2.198	2.669	2.33371	1123070.0	1598247.41092
sub-4085	2.384	2.438	2.338	1.891	3.336	2.67	2.223	2.711	2.189	2.099	2.487	2.077	2.275	2.638	3.094	2.257	2.245	2.531	2.371	1.485	2.019	2.158	2.248	2.236	2.726	2.193	2.495	2.04	2.678	2.341	2.573	3.986	2.394	2.691	2.32694	985185.0	1449533.278444
sub-4139	2.374	2.095	2.497	1.865	3.584	2.66	2.278	2.786	2.141	2.076	2.437	2.014	2.365	2.55	2.922	2.263	2.455	2.617	2.283	1.698	1.949	2.124	2.327	2.2	2.606	2.328	2.428	2.041	2.538	2.377	2.836	3.461	2.008	2.63	2.31811	1004334.0	1543326.123461
