lh.aparc.thickness	lh_bankssts_thickness	lh_caudalanteriorcingulate_thickness	lh_caudalmiddlefrontal_thickness	lh_cuneus_thickness	lh_entorhinal_thickness	lh_fusiform_thickness	lh_inferiorparietal_thickness	lh_inferiortemporal_thickness	lh_isthmuscingulate_thickness	lh_lateraloccipital_thickness	lh_lateralorbitofrontal_thickness	lh_lingual_thickness	lh_medialorbitofrontal_thickness	lh_middletemporal_thickness	lh_parahippocampal_thickness	lh_paracentral_thickness	lh_parsopercularis_thickness	lh_parsorbitalis_thickness	lh_parstriangularis_thickness	lh_pericalcarine_thickness	lh_postcentral_thickness	lh_posteriorcingulate_thickness	lh_precentral_thickness	lh_precuneus_thickness	lh_rostralanteriorcingulate_thickness	lh_rostralmiddlefrontal_thickness	lh_superiorfrontal_thickness	lh_superiorparietal_thickness	lh_superiortemporal_thickness	lh_supramarginal_thickness	lh_frontalpole_thickness	lh_temporalpole_thickness	lh_transversetemporal_thickness	lh_insula_thickness	lh_MeanThickness_thickness	BrainSegVolNotVent	eTIV
sub-3000	2.455	2.811	2.423	1.836	2.8	2.749	2.305	2.41	2.489	2.097	2.578	2.162	2.506	2.383	2.683	2.486	2.448	2.39	2.297	1.775	2.083	2.404	2.478	2.352	3.128	2.414	2.588	2.157	2.384	2.377	2.843	3.102	2.481	2.872	2.37879	1108330.0	1569766.840465
sub-3004	2.599	2.739	2.534	1.898	3.945	2.8	2.321	2.613	2.575	2.263	2.523	2.104	2.304	2.562	2.862	2.207	2.488	2.672	2.593	1.801	2.053	2.547	2.618	2.36	2.847	2.47	2.626	2.238	2.734	2.316	2.636	3.662	2.442	2.937	2.46352	1175445.0	1617853.482109
sub-3008	2.475	2.542	2.461	1.742	3.411	2.704	2.196	2.314	2.232	2.154	2.456	1.949	2.114	2.205	2.98	2.061	2.303	2.513	2.069	1.475	1.848	2.376	2.241	2.328	2.919	2.155	2.526	2.18	2.221	2.302	3.094	3.792	2.18	2.945	2.27916	873285.0	1282019.510828
sub-3011	2.691	2.564	2.768	2.129	3.45	2.837	2.5	2.903	2.86	2.239	2.861	2.394	2.464	2.717	2.761	2.446	2.792	2.831	2.714	2.065	2.173	2.675	2.651	2.566	2.57	2.516	2.821	2.38	2.729	2.436	2.482	3.977	2.657	3.17	2.61135	1256798.0	1722963.923116
sub-3013	2.423	2.65	2.482	1.879	3.244	2.543	2.283	2.705	2.188	1.972	2.484	2.049	2.386	2.731	2.292	2.239	2.398	2.48	2.293	1.74	2.01	2.488	2.29	2.255	2.702	2.298	2.617	2.077	2.493	2.326	2.853	3.847	2.511	2.876	2.35692	1185073.0	1637599.895668
sub-3016	2.771	2.577	2.523	1.926	3.462	2.863	2.278	2.717	2.418	2.079	2.764	1.934	2.292	2.49	2.525	2.263	2.533	2.861	2.538	1.655	2.064	2.462	2.353	2.298	2.722	2.382	2.736	2.208	2.715	2.303	3.021	3.864	2.337	3.244	2.43405	1142925.0	1587662.051107
sub-3029	2.522	2.59	2.397	1.864	2.893	2.564	2.31	2.839	2.273	2.058	2.448	2.114	2.447	2.84	2.389	2.186	2.312	2.272	2.44	1.765	1.9	2.445	2.306	2.459	2.88	2.256	2.405	2.18	2.361	2.286	2.739	3.585	1.936	2.739	2.33908	1131226.0	1591404.683586
sub-3104	2.353	2.423	2.53	1.862	3.695	2.715	2.388	2.707	2.497	2.242	2.604	2.092	2.401	2.681	2.526	2.483	2.47	2.565	2.323	1.783	2.138	2.271	2.491	2.35	2.592	2.329	2.583	2.246	2.569	2.51	2.705	3.545	2.211	2.74	2.42869	1017494.0	1530767.14906
sub-3106	1.928	2.26	2.378	1.899	2.604	2.675	2.354	2.608	2.037	2.186	2.508	1.902	2.255	2.454	2.671	2.28	2.48	2.88	2.574	1.753	2.053	2.424	2.261	2.384	2.318	2.323	2.546	2.155	2.339	2.317	2.557	3.363	1.994	2.72	2.33489	967156.0	1540262.400118
sub-3112	2.31	2.456	2.247	1.819	3.07	2.586	2.335	2.687	2.316	2.172	2.538	1.933	2.575	2.692	2.543	1.963	2.54	2.422	2.405	1.55	2.253	2.285	1.96	2.186	2.642	2.156	2.553	2.1	2.409	2.331	2.613	2.84	2.031	2.732	2.31539	854197.0	1233595.151979
sub-3114	2.367	2.602	2.111	1.934	2.758	2.673	2.491	2.63	2.01	2.241	2.64	2.128	2.305	2.772	2.827	2.267	2.371	2.757	2.165	1.881	2.017	2.346	2.213	2.305	2.877	2.264	2.352	2.161	2.664	2.39	2.882	3.312	2.081	2.657	2.35558	905428.0	1287590.079589
sub-3115	2.485	2.507	2.3	1.889	2.988	2.496	2.337	2.397	2.208	2.119	2.41	2.12	2.296	2.653	2.663	2.376	2.277	2.287	2.251	1.771	2.205	2.145	2.438	2.302	2.414	2.136	2.46	2.157	2.462	2.394	2.217	3.162	2.172	2.814	2.33447	1169364.0	1636462.312859
sub-3151	2.413	2.59	2.455	1.789	3.398	2.691	2.435	2.783	2.433	2.21	2.455	2.054	2.311	2.933	2.962	2.209	2.563	2.537	2.418	1.612	2.139	2.153	2.487	2.458	2.722	2.299	2.468	2.125	2.796	2.485	2.461	3.557	2.463	3.144	2.43912	1080730.0	1520893.531615
sub-3156	2.297	2.641	2.435	1.876	3.209	2.472	2.377	2.665	2.507	2.127	2.352	2.063	2.19	2.47	2.311	2.321	2.424	2.321	2.208	1.686	2.06	2.428	2.512	2.447	2.502	2.252	2.529	2.344	2.482	2.249	2.361	3.354	2.148	2.569	2.36514	1032323.0	1558956.244154
sub-3157	2.444	2.659	2.507	1.81	3.504	2.654	2.49	2.804	2.394	2.18	2.505	1.957	2.231	2.803	2.595	2.417	2.55	2.579	2.329	1.657	2.183	2.359	2.58	2.33	2.593	2.305	2.667	2.189	2.681	2.478	2.702	3.221	2.501	3.041	2.4482	878085.0	1183410.395238
sub-3160	2.212	2.197	2.272	1.671	3.566	2.551	2.197	2.533	1.932	2.038	2.474	1.895	2.22	2.479	2.75	2.177	2.341	2.46	2.105	1.483	2.008	2.139	2.212	2.154	2.286	2.118	2.449	1.922	2.457	2.161	2.059	3.145	2.082	2.825	2.23642	1133731.0	1809287.539735
sub-3161	2.414	2.658	2.509	1.801	3.171	2.692	2.381	2.779	2.325	2.14	2.603	2.07	2.308	2.783	2.452	2.353	2.366	2.587	2.419	1.669	2.038	2.353	2.525	2.27	2.623	2.305	2.52	2.18	2.578	2.479	2.561	3.238	2.473	2.801	2.40438	1193640.0	1692612.828334
sub-3165	2.583	3.004	2.758	2.223	3.584	2.931	2.656	2.737	2.725	2.408	2.743	2.199	2.303	2.941	2.833	2.602	2.687	2.87	2.526	1.878	2.261	2.544	2.757	2.429	3.018	2.417	2.789	2.354	2.932	2.73	2.76	3.945	2.798	3.161	2.62392	1082889.0	1450955.030984
sub-3169	2.337	2.668	2.325	2.132	2.674	2.581	2.259	2.758	2.234	2.129	2.661	1.993	2.396	2.617	2.445	2.224	2.342	2.396	2.165	1.766	1.885	2.291	2.307	2.194	2.851	2.227	2.389	1.972	2.429	2.299	2.515	3.135	2.301	2.693	2.29069	1155226.0	1639347.801568
sub-3171	2.392	2.732	2.582	1.829	3.444	2.721	2.415	2.607	2.334	2.247	2.629	2.1	2.528	2.971	2.983	2.453	2.442	2.458	2.204	1.576	2.049	2.427	2.588	2.464	3.069	2.339	2.767	2.172	2.728	2.547	2.709	3.628	2.358	3.021	2.48862	1118880.0	1574591.31877
sub-3172	2.442	2.599	2.195	1.843	3.353	2.809	2.399	2.778	2.146	2.148	2.481	2.198	2.293	2.918	2.914	2.3	2.395	2.193	2.166	1.695	2.005	2.262	2.422	2.344	2.746	2.102	2.358	2.077	2.627	2.33	2.53	3.682	2.294	2.905	2.35991	1103831.0	1645046.07471
sub-3188	2.445	2.61	2.407	1.774	3.994	2.726	2.27	2.654	2.088	2.092	2.483	2.036	2.323	2.797	2.783	2.161	2.44	2.666	2.244	1.711	2.002	2.32	2.456	2.167	2.7	2.266	2.478	2.029	2.722	2.323	2.519	3.577	2.179	2.801	2.36042	967339.0	1411083.122871
sub-3191	2.422	2.458	2.483	2.118	4.183	2.733	2.378	2.885	2.316	2.312	2.658	2.223	2.393	2.781	2.564	2.372	2.528	2.822	2.469	1.779	2.127	2.214	2.552	2.387	2.936	2.423	2.69	2.283	2.638	2.512	2.385	3.672	2.666	3.004	2.48535	970695.0	1316481.977243
sub-3257	1.26	1.394	1.503	1.384	2.325	1.718	1.51	2.015	1.858	1.667	1.797	1.551	1.555	1.862	2.37	1.251	1.524	1.64	1.714	1.431	1.417	1.594	1.456	1.19	1.797	1.37	1.557	1.503	1.589	1.332	1.575	2.189	1.044	1.364	1.55371	1400587.0	1796076.608219
sub-3260	2.237	2.711	1.675	1.33	2.496	2.299	2.162	2.374	1.846	2.012	2.256	1.605	2.251	2.366	2.65	1.603	2.089	2.231	1.996	1.212	1.504	1.992	1.59	1.869	2.584	1.885	2.012	1.746	2.484	2.167	2.493	3.192	1.639	2.451	2.01542	1111691.0	1510075.588013
sub-3264	1.7	1.432	1.431	1.224	1.891	1.924	1.409	2.372	1.558	1.807	2.002	1.515	1.762	2.105	1.754	1.396	1.436	1.608	1.622	1.277	1.618	1.242	1.587	1.366	1.733	1.505	1.935	1.536	1.595	1.375	2.529	2.147	1.362	1.432	1.65905	1219336.0	1566172.153937
sub-3270	1.886	2.656	1.525	1.67	2.929	2.296	1.83	2.389	2.143	1.847	2.105	1.855	2.245	2.247	2.623	1.436	1.865	2.308	1.86	1.462	1.58	1.913	1.647	1.8	2.382	1.856	1.883	1.715	2.268	1.856	2.276	2.962	1.719	2.455	1.95918	1121967.0	1546965.060867
sub-3271	2.493	2.345	1.986	1.386	2.99	2.396	2.218	2.494	2.309	1.996	2.405	1.606	2.383	2.59	2.499	1.673	2.187	2.398	2.27	1.259	1.676	2.338	1.718	2.16	2.653	2.164	2.379	1.904	2.479	2.309	2.922	2.681	1.499	2.5	2.1964	1253052.0	1718214.935342
sub-3274	1.39	2.174	1.727	1.281	2.213	1.573	1.525	1.892	1.27	1.707	1.773	1.567	1.639	1.611	1.912	2.013	2.045	2.13	1.888	1.356	1.871	1.487	1.684	1.6	1.587	1.906	2.062	1.756	1.899	2.002	2.864	2.348	1.878	1.692	1.78801	1519589.0	1996588.304558
sub-3276	2.346	2.573	1.533	1.297	2.218	2.533	1.808	2.672	2.538	1.987	2.269	1.959	2.319	2.701	2.786	1.277	1.688	1.869	1.846	1.541	1.551	2.402	1.528	1.767	2.64	1.985	2.004	1.481	2.546	2.027	2.381	2.466	1.968	2.655	2.05651	1196149.0	1532799.083546
sub-3277	1.473	1.276	1.479	1.15	1.779	1.868	1.352	2.08	1.72	1.519	1.858	1.285	1.638	1.913	2.218	1.31	1.524	1.809	1.402	1.03	1.423	1.234	1.496	1.238	1.581	1.541	1.723	1.456	1.736	1.347	2.021	2.697	1.064	1.571	1.57099	1398131.0	1749964.804139
sub-3300	2.524	2.688	2.446	1.884	3.54	2.64	2.324	2.64	2.042	2.134	2.561	2.098	2.41	2.808	3.023	2.247	2.524	2.501	2.347	1.978	2.179	2.404	2.449	2.401	2.8	2.343	2.576	2.188	2.804	2.405	2.509	3.739	2.358	2.933	2.43479	1103909.0	1507889.394342
sub-3301	2.439	2.261	2.538	2.16	3.55	2.721	2.402	2.834	2.578	2.338	2.536	2.135	2.354	2.77	2.494	2.323	2.496	2.593	2.528	2.008	2.183	2.442	2.412	2.423	3.119	2.402	2.603	2.231	2.773	2.43	2.345	3.694	2.277	2.72	2.4699	1138836.0	1569970.280325
sub-3310	2.306	3.073	2.409	1.777	3.474	2.686	2.377	2.743	2.322	2.192	2.677	2.134	2.381	2.726	3.089	2.297	2.521	2.602	2.658	1.531	2.088	2.691	2.437	2.265	2.655	2.267	2.605	2.146	2.636	2.449	2.497	3.646	2.132	2.762	2.43482	945687.0	1381921.039271
sub-3316	2.343	2.582	2.55	1.988	3.794	2.79	2.337	2.67	2.307	2.209	2.639	2.185	2.502	2.787	3.181	2.303	2.653	2.457	2.283	1.625	2.095	2.209	2.623	2.34	2.673	2.373	2.577	2.107	2.55	2.48	2.811	3.488	2.272	2.888	2.45062	1113571.0	1600319.319315
sub-3318	2.24	3.168	2.257	2.088	3.435	2.809	2.354	2.907	2.315	2.09	2.712	2.074	2.382	2.706	2.813	2.298	2.444	2.782	2.356	1.61	2.071	2.453	2.336	2.312	3.041	2.233	2.354	2.102	2.717	2.344	2.829	4.072	2.259	3.22	2.41165	954207.0	1465625.659036
sub-3320	2.102	2.274	2.345	1.982	3.201	2.67	2.328	2.63	2.077	2.187	2.462	1.974	2.272	2.72	3.038	2.33	2.479	2.374	2.291	1.549	2.048	2.171	2.46	2.371	2.765	2.26	2.442	2.179	2.613	2.433	2.556	3.434	2.198	2.616	2.36088	1067085.0	1482700.06768
sub-3350	2.49	2.584	2.461	2.123	3.228	2.719	2.425	2.677	2.348	2.317	2.449	2.356	2.306	2.696	2.314	2.323	2.493	2.48	2.265	1.895	2.256	2.477	2.414	2.488	2.414	2.306	2.508	2.297	2.493	2.489	2.544	3.527	2.164	3.044	2.4476	1110241.0	1629867.024323
sub-3351	2.145	2.674	2.093	1.772	2.873	2.358	2.13	2.423	2.189	1.902	2.066	1.868	2.069	2.431	3.085	2.136	2.345	2.164	2.12	1.528	2.058	2.247	2.009	2.177	2.505	2.064	2.147	1.981	2.376	2.518	2.14	3.057	2.158	2.775	2.16225	943343.0	1585653.383279
sub-3353	2.514	2.432	2.41	2.017	3.22	2.73	2.481	2.666	2.225	2.315	2.634	2.162	2.466	2.721	2.997	2.466	2.534	2.672	2.453	1.946	2.288	2.471	2.561	2.436	2.862	2.331	2.668	2.278	2.764	2.561	2.924	3.268	2.445	2.904	2.50178	1046218.0	1420575.293696
sub-3355	2.694	2.094	2.27	2.076	3.571	2.871	2.277	2.486	2.321	2.223	2.524	2.313	2.698	2.819	2.917	2.323	2.724	2.981	2.556	1.828	2.081	2.411	2.505	2.469	2.689	2.427	2.496	2.075	2.828	2.368	3.803	3.298	2.442	2.935	2.45085	1041331.0	1387517.341014
sub-3357	2.248	2.53	2.239	1.792	2.778	2.406	2.066	2.564	2.193	1.956	2.289	2.027	2.383	2.401	2.463	2.186	2.554	2.272	2.337	1.789	1.975	2.348	2.294	2.164	2.78	2.018	2.374	1.91	2.564	2.243	1.984	3.279	2.172	2.608	2.23559	1088526.0	1658569.737646
sub-3358	2.431	2.487	2.347	1.905	3.087	2.653	2.238	2.719	2.124	2.216	2.523	2.153	2.345	2.59	2.618	2.289	2.421	2.457	2.279	1.835	2.054	2.218	2.467	2.289	2.537	2.161	2.401	2.101	2.694	2.377	2.017	2.885	2.186	2.863	2.35828	1247153.0	1696766.506401
sub-3361	2.374	2.396	2.412	1.894	3.52	2.651	2.246	2.674	2.313	2.107	2.476	2.08	2.325	2.546	2.559	2.191	2.393	2.241	2.191	1.847	2.045	2.265	2.364	2.334	2.543	2.224	2.483	2.077	2.702	2.29	2.453	3.427	2.383	2.888	2.34895	1103762.0	1568950.294096
sub-3362	2.355	2.525	2.573	1.777	3.191	2.522	2.312	2.617	2.723	2.154	2.412	2.088	2.247	2.911	2.329	2.473	2.512	2.444	2.216	1.561	2.08	2.412	2.524	2.407	3.118	2.181	2.699	2.124	2.793	2.419	2.669	3.399	2.518	2.952	2.41039	1066753.0	1284820.070714
sub-3368	2.496	2.477	2.676	1.991	3.113	2.725	2.407	2.783	2.449	2.163	2.616	2.134	2.352	2.653	2.683	2.38	2.586	2.455	2.324	1.634	2.343	2.407	2.591	2.436	2.791	2.466	2.639	2.195	2.713	2.556	2.583	3.681	2.456	2.676	2.47697	1117001.0	1390440.882489
sub-3369	2.862	2.33	2.368	2.047	3.539	2.641	2.498	2.998	2.111	2.143	2.603	2.224	2.486	2.953	2.446	2.546	2.5	2.763	2.543	1.8	2.1	2.253	2.597	2.448	2.719	2.341	2.629	2.303	2.809	2.512	2.664	3.772	2.176	3.056	2.49628	1041747.0	1449827.130093
sub-3370	2.328	2.776	2.526	1.722	3.215	2.799	2.26	2.605	2.503	2.199	2.535	1.931	2.107	2.501	2.699	2.264	2.493	2.355	2.115	1.574	1.916	2.347	2.489	2.297	2.371	2.18	2.533	2.075	2.767	2.407	2.257	3.224	2.562	2.845	2.3566	1294383.0	1672519.043824
sub-3389	2.285	2.473	2.295	1.802	3.406	2.557	2.251	2.477	2.304	2.02	2.459	2.045	2.157	2.53	2.558	2.034	2.312	2.325	2.101	1.537	1.901	2.244	2.28	2.168	2.337	2.113	2.356	2.06	2.462	2.371	2.396	3.113	2.323	2.635	2.2507	1042625.0	1499330.11181
sub-3390	2.596	2.446	2.327	1.954	3.531	2.694	2.405	2.602	2.512	2.193	2.552	1.959	2.292	2.807	2.286	2.354	2.409	2.652	2.365	1.833	2.217	2.398	2.496	2.391	2.613	2.427	2.64	2.289	2.759	2.557	2.78	3.594	2.142	2.91	2.44434	1070043.0	1398499.276138
sub-3503	2.269	2.647	2.37	1.947	3.422	2.731	2.244	2.599	2.523	2.115	2.698	1.9	2.433	2.707	3.125	2.403	2.52	2.246	2.219	1.783	1.902	2.445	2.567	2.384	3.082	2.135	2.437	2.149	2.81	2.502	2.125	4.303	2.673	3.137	2.40642	887460.0	1207402.00558
sub-3515	2.301	2.953	2.295	1.698	3.394	2.735	2.231	2.517	2.494	2.033	2.467	1.824	2.171	2.514	3.169	2.35	2.476	2.484	2.2	1.564	1.915	2.542	2.321	2.268	2.431	2.092	2.374	1.847	2.586	2.238	2.288	3.334	2.587	2.687	2.27657	947111.0	1259891.297764
sub-3517	2.453	2.544	2.338	1.799	3.182	2.671	2.419	2.711	2.684	2.216	2.572	2.055	2.216	2.568	2.775	2.577	2.451	2.886	2.304	1.771	2.043	2.479	2.414	2.371	2.738	2.077	2.421	2.132	2.701	2.343	2.323	3.922	2.234	2.708	2.38562	1103553.0	1293758.236574
sub-3518	2.303	2.494	2.071	1.676	3.575	2.556	2.081	2.544	2.227	1.957	2.434	1.813	2.066	2.447	2.612	2.329	2.302	2.093	2.315	1.401	1.801	2.48	2.187	2.169	3.085	1.992	2.274	1.917	2.314	2.113	2.46	3.793	2.313	2.702	2.19029	1030412.0	1569493.960978
sub-3519	2.423	2.29	2.22	1.75	3.984	2.661	2.196	2.686	2.472	2.122	2.711	1.947	2.439	2.751	3.151	2.134	2.431	2.743	2.341	1.48	2.031	2.253	2.333	2.289	2.728	2.027	2.349	2.006	2.688	2.444	2.721	3.374	2.441	3.16	2.34217	1200494.0	1730278.343036
sub-3521	2.559	2.573	2.368	2.063	3.392	2.754	2.287	2.922	2.25	2.26	2.687	2.063	2.239	2.904	3.341	2.237	2.557	2.771	2.355	1.744	1.861	2.327	2.427	2.367	2.659	2.067	2.408	2.077	2.916	2.482	2.36	4.078	2.507	2.799	2.4117	1090441.0	1422627.172057
sub-3523	2.496	2.75	2.346	1.825	3.763	2.786	2.31	2.531	2.392	2.116	2.574	1.977	2.075	2.529	2.429	2.351	2.35	2.505	2.342	1.82	1.918	2.342	2.446	2.415	2.652	2.087	2.468	2.075	2.587	2.341	2.589	3.603	2.017	2.795	2.33933	1030688.0	1199770.937643
sub-3525	2.561	2.615	2.15	1.833	3.821	2.808	2.205	2.825	2.437	2.088	2.837	2.075	2.401	2.749	3.04	2.237	2.429	2.525	2.599	1.714	1.857	2.439	2.419	2.408	3.083	2.202	2.481	1.979	2.761	2.327	2.376	4.102	2.459	2.935	2.39877	1081407.0	1379710.094974
sub-3526	2.144	2.004	2.226	1.626	3.639	2.47	1.974	2.501	1.967	1.955	2.377	1.791	2.121	2.551	2.797	2.022	2.189	2.255	2.092	1.474	1.699	1.944	2.276	2.024	2.234	2.19	2.272	1.829	2.521	2.15	2.015	3.459	2.044	2.632	2.15512	1048202.0	1632215.592885
sub-3527	2.269	2.279	2.427	1.739	3.714	2.638	2.243	2.498	2.099	2.007	2.593	1.925	2.441	2.628	2.722	2.266	2.553	2.844	2.445	1.669	1.838	2.285	2.472	2.294	2.514	2.22	2.596	1.926	2.649	2.239	2.346	3.734	2.261	2.798	2.34673	1030495.0	1428415.630161
sub-3541	2.212	2.446	2.201	1.831	3.187	2.575	2.159	2.504	2.29	1.947	2.594	1.952	2.323	2.493	3.07	2.179	2.331	2.29	2.225	1.568	1.843	2.306	2.273	2.184	2.339	1.995	2.173	1.868	2.415	2.153	2.565	3.357	2.243	2.838	2.20094	1335957.0	1828574.136988
sub-3551	2.208	2.178	2.194	1.809	3.185	2.603	2.113	2.578	2.278	2.119	2.293	1.928	2.33	2.614	3.039	2.212	2.376	2.419	2.389	1.693	1.957	2.317	2.257	2.074	2.517	2.094	2.309	2.024	2.598	2.263	2.24	3.424	2.026	2.81	2.26449	1053718.0	1567589.916258
sub-3554	2.189	2.664	2.337	2.069	2.75	2.543	2.377	2.463	2.44	2.359	2.315	1.937	2.434	2.461	2.83	2.259	2.38	2.283	2.424	1.731	2.068	2.335	2.3	2.481	2.582	2.289	2.501	2.279	2.517	2.434	2.325	2.993	2.112	2.547	2.36128	1047717.0	1563271.478061
sub-3555	2.591	2.429	2.632	1.922	3.514	2.733	2.453	2.7	2.305	2.249	2.631	2.228	2.396	2.856	2.588	2.337	2.757	2.468	2.446	2.095	2.325	2.536	2.712	2.529	2.539	2.406	2.732	2.363	2.882	2.606	2.36	3.156	2.641	2.908	2.53935	1409698.0	1898035.479902
sub-3563	2.668	2.467	2.518	2.219	3.112	2.863	2.436	2.832	2.4	2.321	2.642	2.137	2.471	2.915	2.892	2.494	2.742	2.659	2.311	2.032	2.204	2.431	2.684	2.491	2.596	2.326	2.64	2.372	2.872	2.602	2.566	3.868	2.28	2.998	2.55323	1153953.0	1657344.013656
sub-3565	2.592	2.794	2.414	2.037	3.626	2.773	2.431	2.78	2.25	2.196	2.482	2.154	2.322	2.977	2.68	2.417	2.648	2.463	2.381	1.945	2.203	2.48	2.529	2.535	2.75	2.412	2.569	2.326	2.703	2.55	2.551	3.402	2.382	2.705	2.47928	1259027.0	1783763.889443
sub-3569	2.359	2.437	2.417	1.769	2.943	2.633	2.425	2.544	2.279	2.149	2.446	1.997	2.292	2.54	2.68	2.354	2.709	2.411	2.28	1.77	2.113	2.358	2.43	2.375	2.65	2.296	2.612	2.337	2.618	2.465	2.421	2.913	2.3	2.628	2.39043	1036115.0	1373078.549832
sub-3570	2.637	2.547	2.406	2.26	3.499	2.792	2.459	2.782	2.138	2.37	2.56	2.204	2.422	2.887	3.012	2.389	2.588	2.598	2.397	1.834	2.176	2.409	2.469	2.502	2.627	2.272	2.63	2.278	2.757	2.448	2.521	3.456	2.444	2.825	2.47878	1315000.0	1948132.126488
sub-3571	2.425	2.446	2.418	1.922	3.415	2.544	2.105	2.585	2.127	1.889	2.523	1.996	2.281	2.622	2.846	2.224	2.51	2.329	2.319	1.776	1.91	2.187	2.369	2.184	2.781	2.177	2.36	1.946	2.708	2.261	2.602	3.316	2.437	2.911	2.29466	1258630.0	1814170.330641
sub-3572	2.452	2.322	2.319	1.886	2.83	2.661	2.281	2.547	2.224	2.135	2.646	2.082	2.553	2.446	2.727	2.359	2.442	2.968	2.427	1.789	2.009	2.46	2.338	2.454	2.399	2.343	2.519	2.133	2.582	2.383	2.709	3.128	2.161	2.611	2.37184	992492.0	1307872.862664
sub-3600	2.358	2.293	2.336	1.861	3.404	2.798	2.517	2.996	2.636	2.285	2.766	2.097	2.467	2.734	2.501	2.168	2.457	2.872	2.606	1.62	2.014	2.402	2.471	2.355	2.987	2.396	2.699	2.136	2.844	2.422	3.048	3.951	2.082	2.989	2.48264	1146450.0	1472714.691638
sub-3610	2.418	2.937	2.872	1.875	3.32	2.943	2.643	2.918	2.554	2.503	2.888	2.203	2.427	3.122	3.18	2.693	2.77	3.068	2.612	1.649	2.436	2.734	2.66	2.538	2.889	2.557	2.949	2.54	2.925	2.764	2.952	3.588	2.873	3.074	2.70133	1165035.0	1578057.312215
sub-3611	2.548	2.578	2.862	1.815	3.618	2.714	2.452	2.919	2.735	2.362	2.634	2.121	2.603	2.915	2.37	2.695	2.859	2.883	2.66	1.588	2.07	2.645	2.668	2.359	2.956	2.629	2.921	2.311	2.92	2.617	3.071	3.745	2.467	3.088	2.57784	1189372.0	1582941.090089
sub-3613	2.656	2.592	2.512	1.822	3.638	2.834	2.547	3.036	2.239	2.256	2.917	1.991	2.465	2.976	2.718	2.498	2.626	2.851	2.462	1.53	2.213	2.287	2.584	2.334	2.904	2.38	2.775	2.271	2.943	2.698	1.975	4.386	2.39	2.99	2.5524	1138758.0	1507659.161024
sub-3614	2.419	2.49	2.516	1.941	3.425	2.634	2.327	2.784	2.591	2.301	2.719	2.019	2.377	2.817	2.897	2.246	2.542	2.572	2.397	1.575	1.967	2.495	2.511	2.342	2.691	2.303	2.628	2.199	2.735	2.399	2.733	3.121	2.334	2.929	2.43969	1066798.0	1466464.757419
sub-3615	2.698	2.208	2.46	2.031	2.774	2.831	2.51	2.697	2.552	2.359	2.754	2.268	2.417	2.981	2.587	2.472	2.67	2.92	2.474	1.741	2.165	2.676	2.426	2.394	2.827	2.372	2.612	2.194	3.065	2.52	2.956	4.041	2.53	3.252	2.52835	1320493.0	1809552.194087
sub-3620	2.771	2.725	2.56	1.995	4.163	2.92	2.619	2.932	2.819	2.432	2.934	2.223	2.435	3.276	2.93	2.54	2.597	2.757	2.374	1.792	2.379	2.837	2.633	2.627	2.952	2.46	2.843	2.472	3.24	2.836	3.08	3.931	2.794	3.253	2.68584	1115627.0	1567630.667703
sub-3624	2.257	2.486	2.491	1.91	3.316	2.669	2.362	2.956	2.122	2.257	2.688	1.989	2.458	2.839	2.904	2.546	2.374	2.653	2.35	1.672	2.053	2.258	2.598	2.487	2.7	2.311	2.711	2.215	2.629	2.446	2.668	3.565	2.203	2.966	2.46208	1242054.0	1711917.308748
sub-3627	2.534	2.687	2.48	1.813	3.886	2.816	2.323	2.864	2.603	2.21	2.685	2.035	2.369	3.088	2.661	2.442	2.61	2.815	2.453	1.571	2.259	2.314	2.639	2.336	2.614	2.506	2.638	2.201	2.842	2.51	2.683	3.55	2.753	2.879	2.50932	1271922.0	1720225.095575
sub-3635	2.556	2.612	2.656	1.685	3.093	2.68	2.509	2.877	2.305	2.214	2.745	2.031	2.334	2.869	2.532	2.543	2.679	2.954	2.447	1.462	2.144	2.34	2.708	2.437	2.716	2.383	2.836	2.243	2.798	2.584	2.48	3.616	2.33	3.016	2.52703	1374248.0	1806403.207425
sub-3636	2.49	2.763	2.588	1.857	3.299	2.672	2.414	2.942	2.169	2.126	2.824	2.028	2.487	2.905	2.696	2.538	2.778	2.822	2.502	1.811	2.155	2.357	2.635	2.404	3.177	2.482	2.844	2.301	3.027	2.616	2.917	3.827	2.218	3.358	2.55203	1178026.0	1608406.835235
sub-3637	2.36	2.242	2.573	1.826	3.748	2.792	2.415	2.753	2.369	2.208	2.637	2.06	2.172	2.889	3.006	2.304	2.337	2.88	2.474	1.466	2.057	2.078	2.543	2.524	2.636	2.462	2.71	2.301	2.743	2.565	2.555	3.826	1.83	2.734	2.47317	1043490.0	1385031.814016
sub-3750	2.635	2.272	2.462	1.927	2.754	2.604	2.352	2.663	2.374	2.298	2.44	2.213	2.431	2.667	2.473	2.359	2.57	2.459	2.152	1.936	2.198	2.501	2.496	2.438	2.511	2.259	2.421	2.215	2.648	2.431	2.41	2.905	2.539	2.799	2.41202	1242495.0	1829108.11521
sub-3756	2.379	2.43	2.331	1.852	3.445	2.628	2.191	2.598	2.578	2.056	2.394	2.031	2.383	2.469	2.989	2.23	2.456	2.376	2.404	1.612	1.86	2.469	2.377	2.266	2.668	2.153	2.466	2.021	2.42	2.112	2.49	3.679	1.946	2.907	2.30385	1166395.0	1697443.460501
sub-3759	2.565	2.741	2.479	1.837	3.585	2.698	2.337	2.685	2.183	2.21	2.613	2.113	2.393	2.665	3.037	2.363	2.47	2.54	2.319	1.709	2.018	2.339	2.556	2.353	2.862	2.27	2.544	2.205	2.679	2.337	2.637	3.665	2.468	3.015	2.42721	980833.0	1324377.2585
sub-3765	2.384	2.761	2.417	1.964	3.615	2.759	2.282	2.564	2.502	2.17	2.551	1.916	2.319	2.655	2.713	2.325	2.37	2.348	2.256	1.656	1.981	2.298	2.463	2.433	3.155	2.203	2.61	2.063	2.708	2.413	2.555	3.453	2.153	2.751	2.38029	956163.0	1331668.716072
sub-3767	2.555	2.679	2.454	2.015	3.367	2.735	2.428	2.777	2.342	2.262	2.695	2.063	2.331	2.752	3.328	2.455	2.355	2.573	2.37	1.659	2.063	2.163	2.568	2.314	2.797	2.265	2.64	2.132	2.54	2.474	2.568	3.511	2.265	2.867	2.42821	1111458.0	1482417.752735
sub-3768	2.306	2.772	2.513	1.941	3.411	2.785	2.436	2.726	2.326	2.189	2.541	1.979	2.409	2.834	2.667	2.402	2.35	2.487	2.184	1.55	2.062	2.473	2.469	2.471	2.395	2.276	2.537	2.331	2.543	2.479	2.64	3.217	2.416	2.704	2.41711	1189090.0	1711851.854273
sub-3769	2.463	2.236	2.393	1.861	3.453	2.805	2.215	2.85	2.018	2.06	2.499	2.123	2.297	2.761	2.83	2.311	2.479	2.682	2.271	1.654	2.087	2.233	2.52	2.299	2.671	2.25	2.482	1.997	2.719	2.34	2.604	3.386	2.794	2.864	2.37438	1023165.0	1459153.628129
sub-3779	2.293	3.036	2.34	1.869	3.291	2.575	2.283	2.567	2.472	2.21	2.435	1.936	2.386	2.728	2.775	2.382	2.386	2.282	2.348	1.624	1.993	2.505	2.549	2.35	2.765	2.187	2.523	2.079	2.507	2.407	2.529	3.237	2.221	3.075	2.38219	1258053.0	1843564.689981
sub-3803	2.278	2.531	2.149	1.783	3.284	2.588	2.226	2.485	2.157	2.007	2.502	1.94	2.375	2.538	3.12	2.232	2.102	2.38	2.043	1.58	1.874	2.438	2.408	2.276	2.454	2.053	2.467	2.111	2.386	2.442	2.303	3.516	2.363	2.47	2.27505	1034002.0	1477757.991102
sub-3804	2.429	2.363	2.327	1.899	3.001	2.716	2.353	2.675	2.267	2.263	2.583	2.07	2.409	2.575	2.82	2.341	2.434	2.45	2.306	1.709	2.112	2.382	2.491	2.422	2.468	2.235	2.497	2.245	2.635	2.394	2.502	3.785	2.513	2.656	2.39546	1079216.0	1446506.161759
sub-3805	2.662	2.544	2.618	2.043	3.965	2.834	2.41	3.01	2.668	2.318	2.637	2.13	2.365	2.92	2.771	2.724	2.635	2.963	2.487	1.866	2.184	2.693	2.796	2.468	2.601	2.349	2.933	2.335	3.101	2.587	2.864	4.165	2.376	3.108	2.60368	1008751.0	1325217.218464
sub-3806	2.337	2.935	2.295	1.779	3.379	2.434	2.238	2.599	2.2	2.015	2.584	1.914	2.413	2.463	2.718	2.295	2.447	2.743	2.432	1.513	1.959	2.311	2.47	2.242	2.874	2.204	2.464	1.965	2.616	2.286	2.627	3.568	2.143	2.891	2.31016	1001668.0	1378852.94245
sub-3807	2.592	2.686	2.57	1.806	3.407	2.72	2.408	2.691	2.672	2.262	2.453	2.058	2.455	2.815	2.539	2.431	2.564	2.661	2.248	1.735	2.063	2.548	2.736	2.37	2.749	2.262	2.641	2.114	2.715	2.434	2.547	3.47	2.378	2.833	2.45235	1131902.0	1534058.391503
sub-3809	2.369	2.707	2.624	2.053	3.717	2.869	2.432	2.836	2.355	2.316	2.614	2.119	2.609	2.894	3.017	2.552	2.721	2.682	2.448	1.794	2.214	2.501	2.668	2.425	2.579	2.467	2.755	2.151	2.771	2.6	2.924	4.084	2.663	2.957	2.53532	1100745.0	1513447.66005
sub-3811	2.301	2.248	2.597	1.974	2.982	2.734	2.429	2.794	2.23	2.317	2.308	1.802	2.21	2.651	2.662	2.398	2.434	2.427	2.24	1.7	2.086	2.12	2.449	2.494	2.397	2.276	2.696	2.289	2.53	2.397	2.42	3.115	2.097	2.526	2.39522	1159948.0	1743581.168357
sub-3812	2.471	2.517	2.414	1.781	2.789	2.668	2.275	2.45	2.592	2.108	2.357	1.947	2.413	2.713	2.728	2.296	2.414	2.403	2.273	1.633	2.093	2.472	2.485	2.182	2.763	2.133	2.582	2.118	2.708	2.439	2.374	3.132	2.308	2.85	2.3511	966198.0	1332014.751895
sub-3813	2.353	2.619	2.346	1.825	3.417	2.63	2.148	2.537	2.415	2.053	2.544	2.069	2.409	2.531	3.05	2.049	2.407	2.367	2.147	1.624	1.78	2.321	2.222	2.046	2.64	2.097	2.268	1.945	2.458	2.258	2.363	3.116	2.203	2.838	2.24539	1069694.0	1533309.06124
sub-3816	2.618	3.16	2.549	2.081	3.425	2.756	2.548	2.716	2.468	2.272	2.61	2.087	2.639	2.96	3.355	2.619	2.526	2.515	2.434	1.766	2.021	2.484	2.551	2.325	3.143	2.436	2.733	2.178	2.938	2.54	2.57	3.714	2.641	2.86	2.52161	1120506.0	1594274.388073
sub-3817	2.552	2.648	2.405	1.755	3.623	2.579	2.241	2.788	2.212	2.148	2.653	2.011	2.494	2.7	2.974	2.191	2.496	2.619	2.22	1.726	1.996	2.172	2.488	2.259	2.836	2.302	2.572	1.993	2.591	2.387	2.613	3.348	2.11	2.829	2.38132	1069093.0	1531423.721927
sub-3850	2.383	2.881	2.552	1.961	3.175	2.775	2.245	2.713	2.396	2.151	2.543	2.201	2.341	2.769	3.127	2.275	2.478	2.752	2.458	1.68	2.068	2.733	2.343	2.331	2.735	2.297	2.628	2.216	2.644	2.497	2.575	3.411	2.584	2.703	2.42049	1005951.0	1397323.809416
sub-3851	2.484	2.66	2.506	1.923	3.671	2.719	2.288	2.693	2.575	2.365	2.609	2.055	2.473	2.729	2.956	2.25	2.443	2.551	2.291	1.817	2.191	2.437	2.683	2.252	2.68	2.272	2.553	2.201	2.618	2.368	2.528	3.502	2.367	2.798	2.45225	993699.0	1373455.793974
sub-3852	2.359	2.535	2.47	1.828	3.123	2.605	2.32	2.669	2.175	2.086	2.392	2.121	2.32	2.662	2.504	2.306	2.335	2.304	2.171	1.623	1.981	2.248	2.395	2.285	2.638	2.342	2.585	2.27	2.437	2.394	2.503	3.507	2.067	2.524	2.36925	1066095.0	1627827.556423
sub-3853	2.327	2.688	2.319	1.928	3.363	2.773	2.385	2.64	2.574	2.215	2.653	1.995	2.532	2.833	3.048	2.449	2.472	2.263	2.244	1.62	2.034	2.641	2.562	2.281	2.637	2.266	2.476	2.12	2.814	2.409	2.54	3.91	2.583	2.984	2.42119	1105642.0	1484430.061982
sub-3854	2.622	2.626	2.63	2.109	3.26	2.783	2.543	2.714	2.393	2.304	2.513	2.175	2.475	2.924	3.389	2.501	2.601	2.47	2.458	1.7	2.05	2.562	2.612	2.54	2.956	2.365	2.737	2.363	2.899	2.63	2.278	3.709	2.129	2.924	2.53507	1246268.0	1639679.40429
sub-3855	2.646	2.859	2.451	1.967	3.3	2.718	2.498	2.627	2.37	2.282	2.62	1.908	2.351	2.832	3.028	2.372	2.546	2.505	2.381	1.646	2.058	2.457	2.553	2.463	2.896	2.396	2.647	2.227	2.715	2.533	2.473	3.889	2.544	3.154	2.47959	1070266.0	1490168.9519
sub-3857	2.402	2.594	2.483	1.885	3.608	2.786	2.388	2.59	2.525	2.296	2.61	2.009	2.47	2.691	2.822	2.504	2.722	2.494	2.355	1.685	2.185	2.537	2.73	2.522	3.122	2.339	2.72	2.165	2.91	2.618	2.873	3.682	2.563	2.981	2.51315	923704.0	1224845.801009
sub-3859	2.636	2.542	2.427	2.001	4.202	3.025	2.446	2.989	2.173	2.389	2.613	2.237	2.497	2.926	2.655	2.501	2.397	2.745	2.404	1.477	2.174	2.402	2.658	2.477	2.741	2.284	2.623	2.315	2.818	2.685	2.489	3.778	2.362	2.798	2.5292	1093625.0	1496401.414663
sub-4004	2.408	2.381	2.601	2.123	3.557	2.701	2.497	2.72	2.204	2.34	2.367	2.078	2.236	2.762	2.586	2.546	2.498	2.463	2.391	1.768	2.167	2.265	2.609	2.422	2.589	2.275	2.653	2.353	2.65	2.507	2.416	3.386	2.541	2.513	2.45522	986114.0	1402578.950185
sub-4010	2.696	2.871	2.694	2.138	3.47	2.86	2.614	2.793	2.352	2.288	2.669	2.184	2.375	2.765	2.497	2.475	2.683	2.714	2.618	1.79	2.19	2.535	2.62	2.489	2.697	2.446	2.723	2.385	2.913	2.643	2.574	3.763	2.755	2.972	2.57182	1070106.0	1453692.080473
sub-4018	2.338	2.18	2.451	1.696	3.202	2.553	2.384	2.611	2.156	2.162	2.397	1.885	2.246	2.636	2.429	1.978	2.364	2.317	2.177	1.486	1.88	2.181	2.153	2.345	2.663	2.207	2.39	2.209	2.519	2.342	2.344	3.338	1.955	2.475	2.28866	1050746.0	1469438.251191
sub-4032	2.398	2.389	2.354	1.935	3.522	2.548	2.31	2.55	2.282	2.06	2.401	1.98	2.342	2.655	2.894	2.297	2.328	2.429	2.25	1.71	2.058	2.232	2.413	2.162	2.634	2.135	2.463	2.14	2.482	2.385	2.023	3.123	2.066	2.609	2.31392	991489.0	1345939.570579
sub-4067	2.42	2.458	2.494	1.807	2.891	2.545	2.277	2.517	2.367	2.025	2.522	2.04	2.439	2.607	2.504	2.375	2.425	2.373	2.36	1.524	2.123	2.432	2.519	2.337	2.482	2.192	2.431	2.145	2.611	2.352	2.65	3.51	2.085	2.758	2.35619	1123070.0	1598247.41092
sub-4085	2.352	2.867	2.253	1.766	2.857	2.573	2.273	2.622	2.338	2.091	2.431	1.935	2.386	2.529	2.914	2.242	2.324	2.516	2.303	1.574	2.042	2.396	2.34	2.137	2.49	2.284	2.504	2.057	2.548	2.399	2.432	3.023	2.46	2.62	2.31541	985185.0	1449533.278444
sub-4139	2.197	2.504	2.29	1.748	3.456	2.675	2.288	2.813	1.98	2.164	2.619	1.883	2.379	2.584	3.116	2.181	2.508	2.652	2.333	1.654	1.895	2.192	2.336	2.054	2.602	2.262	2.48	2.022	2.474	2.395	2.528	3.637	2.114	2.551	2.3012	1004334.0	1543326.123461
