lh.BA_exvivo.area	lh_BA1_exvivo_area	lh_BA2_exvivo_area	lh_BA3a_exvivo_area	lh_BA3b_exvivo_area	lh_BA4a_exvivo_area	lh_BA4p_exvivo_area	lh_BA6_exvivo_area	lh_BA44_exvivo_area	lh_BA45_exvivo_area	lh_V1_exvivo_area	lh_V2_exvivo_area	lh_MT_exvivo_area	lh_perirhinal_exvivo_area	lh_entorhinal_exvivo_area	lh_WhiteSurfArea_area	BrainSegVolNotVent	eTIV
sub-3000	639.0	2644.0	828.0	1597.0	1110.0	989.0	6051.0	1588.0	1768.0	2603.0	6572.0	1477.0	389.0	390.0	92227.7	1108330.0	1569766.840465
sub-3004	749.0	3243.0	862.0	1707.0	1151.0	1046.0	6580.0	1381.0	1662.0	2229.0	4742.0	1581.0	396.0	603.0	92364.5	1175445.0	1617853.482109
sub-3008	536.0	2476.0	737.0	1310.0	749.0	689.0	4021.0	1619.0	2172.0	1990.0	4454.0	1500.0	313.0	363.0	78807.2	873285.0	1282019.510828
sub-3011	632.0	2669.0	842.0	1773.0	1103.0	963.0	5863.0	1776.0	2826.0	2107.0	4758.0	1364.0	409.0	511.0	96120.4	1256798.0	1722963.923116
sub-3013	601.0	2328.0	897.0	1629.0	1197.0	1039.0	6781.0	1321.0	1959.0	1587.0	4657.0	1599.0	391.0	453.0	95421.3	1185073.0	1637599.895668
sub-3016	721.0	3346.0	781.0	1746.0	1043.0	929.0	5957.0	1740.0	2138.0	2619.0	5447.0	1616.0	415.0	584.0	98738.6	1142925.0	1587662.051107
sub-3029	626.0	2708.0	720.0	1576.0	1105.0	913.0	7653.0	1584.0	1580.0	2735.0	5536.0	1086.0	450.0	470.0	89838.6	1131226.0	1591404.683586
sub-3104	608.0	2119.0	811.0	1462.0	914.0	1005.0	5514.0	1516.0	2083.0	2175.0	5712.0	1344.0	404.0	447.0	86768.8	1017494.0	1530767.14906
sub-3106	661.0	2517.0	804.0	1604.0	1152.0	971.0	6578.0	1577.0	1914.0	2065.0	4913.0	1378.0	378.0	550.0	84521.2	967156.0	1540262.400118
sub-3112	417.0	1292.0	494.0	1111.0	700.0	597.0	4970.0	1449.0	2020.0	2259.0	4664.0	942.0	385.0	464.0	72873.1	854197.0	1233595.151979
sub-3114	570.0	2125.0	808.0	1430.0	1132.0	992.0	6123.0	1237.0	1488.0	2601.0	5151.0	1268.0	414.0	514.0	80085.4	905428.0	1287590.079589
sub-3115	890.0	3396.0	828.0	1932.0	1081.0	982.0	7118.0	1829.0	2136.0	2222.0	5106.0	1407.0	501.0	653.0	101462.0	1169364.0	1636462.312859
sub-3151	663.0	2285.0	718.0	1581.0	935.0	823.0	6166.0	1597.0	1973.0	2112.0	5350.0	1103.0	374.0	400.0	88735.6	1080730.0	1520893.531615
sub-3156	595.0	2118.0	745.0	1522.0	1095.0	908.0	5967.0	1435.0	1717.0	1940.0	4813.0	1422.0	405.0	441.0	88295.1	1032323.0	1558956.244154
sub-3157	626.0	2368.0	684.0	1413.0	916.0	746.0	5193.0	1497.0	1707.0	2080.0	4257.0	1168.0	357.0	434.0	75283.5	878085.0	1183410.395238
sub-3160	804.0	2972.0	885.0	1759.0	1130.0	994.0	6739.0	1465.0	2158.0	2274.0	5583.0	1350.0	538.0	571.0	94984.6	1133731.0	1809287.539735
sub-3161	616.0	2465.0	723.0	1480.0	1013.0	828.0	6411.0	1427.0	2440.0	2629.0	6033.0	1284.0	406.0	457.0	97556.0	1193640.0	1692612.828334
sub-3165	596.0	2279.0	755.0	1429.0	980.0	852.0	5763.0	1323.0	2186.0	2423.0	5113.0	1248.0	392.0	558.0	82954.5	1082889.0	1450955.030984
sub-3169	630.0	2320.0	785.0	1453.0	1085.0	979.0	7085.0	1786.0	2303.0	3233.0	6324.0	1254.0	397.0	449.0	98412.4	1155226.0	1639347.801568
sub-3171	573.0	2428.0	729.0	1499.0	927.0	868.0	6156.0	1667.0	1675.0	2145.0	5297.0	1264.0	434.0	530.0	87464.0	1118880.0	1574591.31877
sub-3172	625.0	2583.0	713.0	1538.0	1027.0	856.0	6532.0	1567.0	2505.0	2401.0	5573.0	1357.0	406.0	487.0	92728.8	1103831.0	1645046.07471
sub-3188	680.0	2680.0	641.0	1466.0	1004.0	813.0	5704.0	1173.0	1794.0	2244.0	4913.0	1072.0	323.0	397.0	81656.5	967339.0	1411083.122871
sub-3191	561.0	2472.0	706.0	1310.0	871.0	764.0	5830.0	1566.0	1801.0	2688.0	5416.0	1614.0	291.0	349.0	82213.5	970695.0	1316481.977243
sub-3257	793.0	3418.0	845.0	1667.0	1193.0	935.0	7906.0	1619.0	2283.0	1727.0	4169.0	1017.0	304.0	392.0	95061.2	1400587.0	1796076.608219
sub-3260	726.0	3074.0	721.0	1585.0	989.0	845.0	6966.0	1670.0	3145.0	2098.0	5814.0	1809.0	412.0	513.0	101454.0	1111691.0	1510075.588013
sub-3264	522.0	2118.0	627.0	1110.0	918.0	808.0	5970.0	1139.0	1770.0	1892.0	4133.0	1399.0	538.0	430.0	74442.8	1219336.0	1566172.153937
sub-3270	664.0	2711.0	704.0	1507.0	969.0	846.0	6400.0	1466.0	2167.0	1877.0	4634.0	1537.0	405.0	475.0	93035.4	1121967.0	1546965.060867
sub-3271	789.0	2797.0	704.0	1637.0	1027.0	858.0	6171.0	1675.0	2424.0	1809.0	4666.0	1449.0	467.0	622.0	97012.8	1253052.0	1718214.935342
sub-3274	724.0	2939.0	827.0	1555.0	1211.0	882.0	6179.0	1546.0	2402.0	2180.0	5316.0	1400.0	487.0	623.0	98758.3	1519589.0	1996588.304558
sub-3276	616.0	2773.0	824.0	1431.0	1132.0	850.0	7081.0	1857.0	2146.0	1280.0	3964.0	1540.0	243.0	345.0	92034.7	1196149.0	1532799.083546
sub-3277	780.0	3616.0	713.0	1869.0	1155.0	908.0	7340.0	2066.0	2234.0	2287.0	5509.0	1531.0	526.0	747.0	107553.0	1398131.0	1749964.804139
sub-3300	694.0	2521.0	789.0	1625.0	1172.0	1062.0	7322.0	1650.0	2174.0	2497.0	5767.0	1736.0	447.0	527.0	94079.4	1103909.0	1507889.394342
sub-3301	727.0	2655.0	798.0	1564.0	1232.0	1072.0	6668.0	1660.0	2003.0	3232.0	6447.0	1564.0	353.0	406.0	96743.7	1138836.0	1569970.280325
sub-3310	611.0	2585.0	743.0	1417.0	903.0	824.0	5875.0	1380.0	1725.0	1681.0	4209.0	1008.0	470.0	563.0	77907.2	945687.0	1381921.039271
sub-3316	636.0	2730.0	813.0	1410.0	1081.0	965.0	6908.0	1381.0	1997.0	2186.0	5059.0	1119.0	489.0	538.0	89581.8	1113571.0	1600319.319315
sub-3318	589.0	2158.0	760.0	1372.0	946.0	882.0	5981.0	1196.0	1550.0	1832.0	4372.0	1381.0	346.0	394.0	77515.8	954207.0	1465625.659036
sub-3320	729.0	2867.0	762.0	1852.0	1245.0	1070.0	6753.0	1545.0	2326.0	2473.0	5163.0	1259.0	340.0	507.0	89792.5	1067085.0	1482700.06768
sub-3350	656.0	2614.0	796.0	1639.0	1262.0	1050.0	7778.0	1520.0	2071.0	2241.0	5261.0	1819.0	379.0	418.0	97575.2	1110241.0	1629867.024323
sub-3351	719.0	3391.0	762.0	1554.0	1176.0	892.0	6398.0	1847.0	1640.0	2207.0	5403.0	1482.0	486.0	597.0	89534.7	943343.0	1585653.383279
sub-3353	557.0	2241.0	823.0	1518.0	972.0	970.0	6140.0	1297.0	1596.0	2177.0	4543.0	1367.0	390.0	499.0	81627.7	1046218.0	1420575.293696
sub-3355	713.0	2471.0	611.0	1406.0	1030.0	840.0	5183.0	1218.0	1549.0	2573.0	5191.0	1410.0	366.0	462.0	81850.2	1041331.0	1387517.341014
sub-3357	702.0	2572.0	781.0	1559.0	1240.0	1049.0	7626.0	1400.0	1900.0	2230.0	4901.0	1438.0	414.0	454.0	91382.8	1088526.0	1658569.737646
sub-3358	822.0	3260.0	907.0	1966.0	1412.0	1163.0	8015.0	1655.0	1783.0	2542.0	5735.0	1196.0	620.0	709.0	103355.0	1247153.0	1696766.506401
sub-3361	764.0	2890.0	816.0	1801.0	1099.0	915.0	6148.0	1667.0	1881.0	2274.0	5104.0	1436.0	354.0	421.0	96505.2	1103762.0	1568950.294096
sub-3362	671.0	2457.0	809.0	1588.0	1009.0	955.0	5802.0	1363.0	2035.0	2701.0	5778.0	1371.0	323.0	424.0	86784.2	1066753.0	1284820.070714
sub-3368	748.0	2586.0	836.0	1712.0	1097.0	975.0	5891.0	1302.0	1513.0	2576.0	5509.0	1527.0	523.0	508.0	92759.7	1117001.0	1390440.882489
sub-3369	629.0	2232.0	669.0	1523.0	845.0	830.0	5919.0	1417.0	2301.0	2440.0	5151.0	1228.0	456.0	452.0	85029.4	1041747.0	1449827.130093
sub-3370	732.0	2783.0	760.0	1551.0	1270.0	981.0	7221.0	1249.0	2361.0	2842.0	5999.0	1325.0	526.0	655.0	99603.7	1294383.0	1672519.043824
sub-3389	635.0	2532.0	842.0	1500.0	941.0	906.0	5497.0	1481.0	2253.0	2081.0	5598.0	1409.0	348.0	389.0	90812.6	1042625.0	1499330.11181
sub-3390	553.0	2272.0	781.0	1452.0	1150.0	1026.0	6544.0	1429.0	1917.0	2863.0	5686.0	1433.0	382.0	405.0	87990.1	1070043.0	1398499.276138
sub-3503	563.0	2118.0	615.0	1331.0	927.0	732.0	4818.0	1364.0	1449.0	2015.0	4667.0	1232.0	416.0	561.0	74122.8	887460.0	1207402.00558
sub-3515	655.0	2651.0	666.0	1405.0	848.0	765.0	5544.0	1184.0	1475.0	2513.0	4828.0	1161.0	385.0	560.0	80850.2	947111.0	1259891.297764
sub-3517	772.0	2530.0	716.0	1519.0	1032.0	861.0	5885.0	1303.0	1880.0	2302.0	5627.0	1147.0	609.0	653.0	88079.7	1103553.0	1293758.236574
sub-3518	726.0	2558.0	776.0	1681.0	1065.0	899.0	6245.0	1338.0	1792.0	2321.0	5056.0	1458.0	456.0	494.0	88727.3	1030412.0	1569493.960978
sub-3519	688.0	2628.0	794.0	1696.0	1048.0	967.0	7639.0	1600.0	2135.0	2441.0	5596.0	1390.0	506.0	688.0	98102.5	1200494.0	1730278.343036
sub-3521	651.0	2949.0	664.0	1370.0	841.0	754.0	5512.0	1311.0	1949.0	2388.0	5122.0	1250.0	396.0	496.0	87946.3	1090441.0	1422627.172057
sub-3523	696.0	2569.0	680.0	1464.0	846.0	850.0	5982.0	1245.0	1618.0	2367.0	5716.0	1450.0	405.0	369.0	86349.8	1030688.0	1199770.937643
sub-3525	640.0	2191.0	674.0	1460.0	932.0	800.0	5991.0	1309.0	1525.0	2222.0	5316.0	1434.0	370.0	413.0	85765.1	1081407.0	1379710.094974
sub-3526	723.0	3084.0	691.0	1553.0	959.0	821.0	5370.0	1247.0	2092.0	2323.0	5562.0	1259.0	429.0	528.0	89064.3	1048202.0	1632215.592885
sub-3527	570.0	1867.0	696.0	1431.0	823.0	792.0	5724.0	1248.0	1798.0	2102.0	4775.0	1392.0	448.0	560.0	80293.1	1030495.0	1428415.630161
sub-3541	940.0	3225.0	908.0	2095.0	1389.0	1093.0	8110.0	1847.0	2693.0	3954.0	7315.0	1869.0	457.0	701.0	116337.0	1335957.0	1828574.136988
sub-3551	698.0	2416.0	760.0	1671.0	1137.0	952.0	7191.0	1716.0	2012.0	2202.0	5184.0	1383.0	416.0	552.0	91501.9	1053718.0	1567589.916258
sub-3554	687.0	2474.0	829.0	1595.0	1136.0	986.0	7192.0	1521.0	1591.0	1896.0	4459.0	1593.0	416.0	495.0	87978.5	1047717.0	1563271.478061
sub-3555	837.0	2691.0	899.0	1708.0	1149.0	1074.0	7358.0	1944.0	2843.0	2928.0	7123.0	1880.0	345.0	442.0	109497.0	1409698.0	1898035.479902
sub-3563	643.0	2485.0	719.0	1543.0	1133.0	933.0	8303.0	1479.0	1640.0	2216.0	4975.0	1590.0	462.0	626.0	97163.7	1153953.0	1657344.013656
sub-3565	692.0	2711.0	870.0	1710.0	1118.0	987.0	7506.0	1529.0	1964.0	2941.0	6574.0	1587.0	352.0	394.0	102009.0	1259027.0	1783763.889443
sub-3569	739.0	2539.0	784.0	1568.0	1200.0	905.0	5509.0	1312.0	1861.0	2213.0	5435.0	1328.0	451.0	661.0	87799.8	1036115.0	1373078.549832
sub-3570	770.0	3164.0	853.0	1758.0	1292.0	1075.0	7768.0	1583.0	2551.0	3595.0	7118.0	1526.0	394.0	485.0	108499.0	1315000.0	1948132.126488
sub-3571	686.0	2427.0	828.0	1671.0	1255.0	1061.0	7213.0	1887.0	2667.0	2711.0	6144.0	1937.0	466.0	636.0	106380.0	1258630.0	1814170.330641
sub-3572	577.0	2173.0	697.0	1489.0	939.0	855.0	6592.0	1501.0	2191.0	2102.0	5034.0	1305.0	355.0	426.0	85121.0	992492.0	1307872.862664
sub-3600	612.0	2165.0	777.0	1474.0	946.0	923.0	6464.0	1439.0	1821.0	2392.0	5612.0	1615.0	355.0	403.0	90047.6	1146450.0	1472714.691638
sub-3610	615.0	2343.0	708.0	1528.0	932.0	826.0	6110.0	1476.0	2024.0	2283.0	4671.0	1347.0	451.0	576.0	89888.7	1165035.0	1578057.312215
sub-3611	714.0	2945.0	678.0	1466.0	1038.0	826.0	6413.0	1582.0	2298.0	2985.0	6344.0	1368.0	361.0	428.0	93407.2	1189372.0	1582941.090089
sub-3613	664.0	2388.0	842.0	1628.0	1021.0	1018.0	6101.0	1586.0	2059.0	2502.0	5317.0	1334.0	353.0	363.0	86746.5	1138758.0	1507659.161024
sub-3614	610.0	2405.0	718.0	1396.0	907.0	838.0	5318.0	1537.0	1910.0	2986.0	5668.0	1432.0	496.0	520.0	83835.5	1066798.0	1466464.757419
sub-3615	711.0	2941.0	825.0	1604.0	1370.0	1164.0	7812.0	1683.0	3109.0	2614.0	6499.0	1450.0	498.0	567.0	107225.0	1320493.0	1809552.194087
sub-3620	585.0	2195.0	736.0	1437.0	896.0	818.0	5328.0	1439.0	1841.0	2265.0	4801.0	1187.0	329.0	420.0	83935.6	1115627.0	1567630.667703
sub-3624	717.0	3246.0	849.0	1748.0	1061.0	969.0	6338.0	1444.0	1795.0	2546.0	5524.0	1453.0	406.0	580.0	94209.6	1242054.0	1711917.308748
sub-3627	623.0	2570.0	782.0	1536.0	858.0	877.0	5972.0	1395.0	1895.0	2681.0	6019.0	1295.0	374.0	414.0	96480.8	1271922.0	1720225.095575
sub-3635	756.0	3111.0	836.0	1676.0	963.0	986.0	6426.0	1626.0	2270.0	2278.0	5730.0	2008.0	475.0	656.0	102471.0	1374248.0	1806403.207425
sub-3636	633.0	2696.0	758.0	1498.0	1018.0	870.0	5749.0	1342.0	2325.0	2869.0	5709.0	1340.0	427.0	489.0	90566.2	1178026.0	1608406.835235
sub-3637	642.0	2512.0	704.0	1551.0	983.0	824.0	5966.0	1291.0	1754.0	2185.0	4881.0	1135.0	383.0	462.0	82144.1	1043490.0	1385031.814016
sub-3750	723.0	3067.0	767.0	1680.0	1006.0	914.0	7463.0	1986.0	2038.0	2844.0	6018.0	1424.0	491.0	633.0	103661.0	1242495.0	1829108.11521
sub-3756	739.0	2832.0	802.0	1813.0	1118.0	1000.0	6892.0	1487.0	2355.0	2902.0	5742.0	1541.0	427.0	560.0	102116.0	1166395.0	1697443.460501
sub-3759	532.0	2448.0	664.0	1297.0	964.0	851.0	6543.0	1375.0	1902.0	2036.0	4839.0	916.0	367.0	413.0	80473.6	980833.0	1324377.2585
sub-3765	603.0	2456.0	718.0	1345.0	852.0	786.0	4853.0	1153.0	1512.0	2123.0	4487.0	976.0	318.0	370.0	76201.4	956163.0	1331668.716072
sub-3767	631.0	2642.0	697.0	1456.0	807.0	796.0	5469.0	1783.0	2749.0	2957.0	6065.0	1685.0	532.0	654.0	90619.1	1111458.0	1482417.752735
sub-3768	748.0	2927.0	790.0	1632.0	1122.0	954.0	6651.0	1734.0	2418.0	2789.0	5786.0	1453.0	385.0	497.0	94757.1	1189090.0	1711851.854273
sub-3769	633.0	3107.0	784.0	1617.0	928.0	902.0	5512.0	1381.0	1669.0	2159.0	5216.0	1566.0	332.0	396.0	88105.6	1023165.0	1459153.628129
sub-3779	837.0	2791.0	907.0	1864.0	1355.0	1126.0	7404.0	1662.0	2571.0	2268.0	5403.0	1692.0	639.0	732.0	102763.0	1258053.0	1843564.689981
sub-3803	610.0	2154.0	793.0	1485.0	925.0	844.0	5906.0	1999.0	2361.0	2030.0	4761.0	1219.0	451.0	641.0	85915.7	1034002.0	1477757.991102
sub-3804	632.0	2597.0	715.0	1538.0	927.0	890.0	5734.0	1439.0	1561.0	2965.0	5911.0	1402.0	423.0	561.0	92734.7	1079216.0	1446506.161759
sub-3805	576.0	2209.0	648.0	1303.0	823.0	780.0	4929.0	1171.0	1777.0	2377.0	4692.0	1266.0	365.0	452.0	77989.8	1008751.0	1325217.218464
sub-3806	587.0	2664.0	774.0	1507.0	925.0	928.0	5869.0	1243.0	1480.0	2423.0	5373.0	1330.0	366.0	431.0	82077.6	1001668.0	1378852.94245
sub-3807	592.0	2481.0	732.0	1312.0	886.0	853.0	5506.0	1142.0	1856.0	2265.0	5396.0	1322.0	332.0	389.0	85659.8	1131902.0	1534058.391503
sub-3809	609.0	2221.0	704.0	1414.0	855.0	793.0	6210.0	1459.0	1783.0	2894.0	6062.0	1286.0	390.0	451.0	87359.1	1100745.0	1513447.66005
sub-3811	933.0	3090.0	757.0	1776.0	1129.0	902.0	6429.0	1318.0	1763.0	2409.0	5626.0	1387.0	497.0	660.0	93348.8	1159948.0	1743581.168357
sub-3812	599.0	2316.0	725.0	1425.0	946.0	918.0	5502.0	1250.0	1336.0	2451.0	5149.0	1072.0	374.0	497.0	76940.4	966198.0	1332014.751895
sub-3813	754.0	2713.0	836.0	1658.0	1248.0	1049.0	7061.0	1374.0	1690.0	2329.0	5253.0	1609.0	345.0	496.0	91117.2	1069694.0	1533309.06124
sub-3816	661.0	2659.0	702.0	1448.0	929.0	811.0	6017.0	1533.0	1903.0	2601.0	5522.0	1400.0	382.0	498.0	89614.5	1120506.0	1594274.388073
sub-3817	635.0	2267.0	716.0	1401.0	1031.0	767.0	6327.0	1524.0	2488.0	2583.0	5684.0	1135.0	371.0	462.0	88079.2	1069093.0	1531423.721927
sub-3850	704.0	2507.0	784.0	1516.0	995.0	938.0	6151.0	1425.0	1818.0	2307.0	5420.0	1138.0	522.0	499.0	80360.4	1005951.0	1397323.809416
sub-3851	591.0	2299.0	714.0	1484.0	922.0	855.0	5773.0	1753.0	1805.0	1816.0	4283.0	1029.0	319.0	387.0	80785.8	993699.0	1373455.793974
sub-3852	677.0	2468.0	822.0	1691.0	1154.0	1037.0	6811.0	1963.0	1869.0	1371.0	3677.0	1464.0	345.0	398.0	90547.8	1066095.0	1627827.556423
sub-3853	680.0	2551.0	728.0	1530.0	937.0	839.0	6351.0	1062.0	1640.0	2341.0	5259.0	1320.0	345.0	444.0	90970.1	1105642.0	1484430.061982
sub-3854	708.0	3009.0	683.0	1548.0	923.0	878.0	6371.0	1236.0	2259.0	3193.0	6216.0	1265.0	463.0	628.0	96595.3	1246268.0	1639679.40429
sub-3855	563.0	2135.0	713.0	1394.0	928.0	895.0	5486.0	1199.0	2244.0	2451.0	5291.0	1206.0	418.0	561.0	86444.4	1070266.0	1490168.9519
sub-3857	509.0	1912.0	671.0	1244.0	871.0	763.0	5243.0	1009.0	1587.0	2024.0	4776.0	1050.0	327.0	418.0	76071.1	923704.0	1224845.801009
sub-3859	676.0	2394.0	803.0	1593.0	805.0	873.0	4827.0	1495.0	1875.0	2050.0	5343.0	1369.0	313.0	385.0	87048.9	1093625.0	1496401.414663
sub-4004	613.0	2114.0	668.0	1419.0	1039.0	738.0	6080.0	1342.0	1701.0	2584.0	5078.0	1447.0	328.0	393.0	84157.1	986114.0	1402578.950185
sub-4010	481.0	1847.0	739.0	1332.0	1038.0	877.0	6305.0	1328.0	1455.0	2317.0	4456.0	1033.0	339.0	418.0	80725.5	1070106.0	1453692.080473
sub-4018	677.0	2909.0	798.0	1460.0	1015.0	946.0	6399.0	1360.0	2458.0	2161.0	5365.0	1327.0	392.0	397.0	91871.8	1050746.0	1469438.251191
sub-4032	697.0	2479.0	746.0	1625.0	994.0	896.0	6034.0	1429.0	1876.0	2646.0	5321.0	1292.0	377.0	556.0	86922.9	991489.0	1345939.570579
sub-4067	752.0	2609.0	795.0	1653.0	1129.0	922.0	7383.0	1504.0	2412.0	2225.0	4999.0	1557.0	411.0	438.0	94386.5	1123070.0	1598247.41092
sub-4085	571.0	1832.0	738.0	1414.0	1004.0	949.0	6092.0	1470.0	1971.0	2336.0	5911.0	1447.0	450.0	617.0	83177.3	985185.0	1449533.278444
sub-4139	836.0	3786.0	905.0	1880.0	944.0	1062.0	6185.0	1239.0	1729.0	2441.0	5079.0	1336.0	413.0	561.0	92073.5	1004334.0	1543326.123461
