rh.aparc.DKTatlas.area	rh_caudalanteriorcingulate_area	rh_caudalmiddlefrontal_area	rh_cuneus_area	rh_entorhinal_area	rh_fusiform_area	rh_inferiorparietal_area	rh_inferiortemporal_area	rh_isthmuscingulate_area	rh_lateraloccipital_area	rh_lateralorbitofrontal_area	rh_lingual_area	rh_medialorbitofrontal_area	rh_middletemporal_area	rh_parahippocampal_area	rh_paracentral_area	rh_parsopercularis_area	rh_parsorbitalis_area	rh_parstriangularis_area	rh_pericalcarine_area	rh_postcentral_area	rh_posteriorcingulate_area	rh_precentral_area	rh_precuneus_area	rh_rostralanteriorcingulate_area	rh_rostralmiddlefrontal_area	rh_superiorfrontal_area	rh_superiorparietal_area	rh_superiortemporal_area	rh_supramarginal_area	rh_transversetemporal_area	rh_insula_area	rh_WhiteSurfArea_area	BrainSegVolNotVent	eTIV
sub-3000	825.0	2307.0	2182.0	444.0	3006.0	4528.0	4310.0	867.0	5297.0	3314.0	3389.0	1813.0	4112.0	712.0	1463.0	1624.0	761.0	1488.0	1614.0	4431.0	1179.0	4913.0	3833.0	875.0	4195.0	9301.0	5117.0	4859.0	3856.0	317.0	2060.0	88992.1	1108330.0	1569766.840465
sub-3004	607.0	2167.0	1619.0	512.0	2784.0	4953.0	4369.0	877.0	4853.0	3650.0	2570.0	1652.0	5027.0	678.0	1677.0	1774.0	801.0	1476.0	1150.0	4700.0	1194.0	4641.0	4094.0	938.0	3647.0	9086.0	5637.0	5112.0	4714.0	333.0	1981.0	89274.3	1175445.0	1617853.482109
sub-3008	518.0	2031.0	1618.0	390.0	2745.0	4084.0	3622.0	474.0	4671.0	2880.0	2317.0	1562.0	4517.0	595.0	1265.0	1775.0	705.0	1690.0	1206.0	3358.0	866.0	4853.0	2739.0	611.0	3576.0	7882.0	2607.0	4674.0	2700.0	325.0	1861.0	74716.5	873285.0	1282019.510828
sub-3011	1017.0	2890.0	1777.0	301.0	3346.0	6189.0	4104.0	756.0	4622.0	3520.0	2805.0	1830.0	5235.0	749.0	1734.0	1900.0	651.0	1532.0	1557.0	4569.0	1313.0	4698.0	3873.0	784.0	4379.0	9864.0	3645.0	5240.0	3609.0	313.0	2195.0	90998.7	1256798.0	1722963.923116
sub-3013	605.0	2310.0	2015.0	400.0	2714.0	5429.0	4178.0	872.0	5056.0	3867.0	2674.0	1729.0	4408.0	711.0	2005.0	2016.0	689.0	1296.0	1412.0	5008.0	1328.0	5211.0	4471.0	864.0	5507.0	9937.0	4636.0	5239.0	3835.0	415.0	2103.0	92936.4	1185073.0	1637599.895668
sub-3016	966.0	2053.0	1990.0	530.0	3024.0	5420.0	4083.0	700.0	5864.0	3408.0	2870.0	1808.0	4837.0	579.0	1862.0	2042.0	816.0	2305.0	1470.0	3556.0	1064.0	3928.0	3453.0	909.0	6628.0	10346.0	3454.0	4759.0	3021.0	379.0	1923.0	90046.0	1142925.0	1587662.051107
sub-3029	651.0	2547.0	1960.0	396.0	2799.0	4695.0	3596.0	938.0	5209.0	2718.0	3335.0	1598.0	4325.0	706.0	1514.0	1537.0	720.0	1333.0	1720.0	4486.0	1129.0	4611.0	3874.0	677.0	4007.0	9296.0	4879.0	4255.0	3988.0	290.0	2234.0	86022.1	1131226.0	1591404.683586
sub-3104	629.0	2098.0	1905.0	330.0	2748.0	5317.0	3447.0	791.0	5512.0	2424.0	2897.0	1221.0	3872.0	650.0	1638.0	1461.0	585.0	1172.0	1495.0	3882.0	982.0	4420.0	4256.0	680.0	2858.0	7790.0	4621.0	4599.0	3176.0	332.0	2157.0	79945.6	1017494.0	1530767.14906
sub-3106	651.0	2014.0	1867.0	300.0	2320.0	4669.0	2267.0	734.0	4755.0	2248.0	2846.0	1170.0	2605.0	549.0	1763.0	1336.0	526.0	1133.0	1396.0	4397.0	877.0	4945.0	3839.0	479.0	3516.0	7849.0	4248.0	3692.0	3149.0	286.0	1659.0	74082.7	967156.0	1540262.400118
sub-3112	569.0	1455.0	1821.0	309.0	2250.0	4687.0	2929.0	730.0	4013.0	1698.0	2393.0	1220.0	3436.0	552.0	1329.0	1197.0	447.0	1143.0	1411.0	3988.0	1081.0	4309.0	3443.0	441.0	2625.0	5925.0	3653.0	3924.0	3158.0	330.0	1864.0	68330.0	854197.0	1233595.151979
sub-3114	638.0	1613.0	1803.0	318.0	2463.0	4124.0	3081.0	1005.0	4745.0	2075.0	3026.0	1231.0	3794.0	665.0	1724.0	1135.0	537.0	1062.0	1641.0	3894.0	1327.0	4531.0	3467.0	628.0	2206.0	6956.0	3636.0	4140.0	2886.0	288.0	1764.0	72400.8	905428.0	1287590.079589
sub-3115	775.0	2497.0	2002.0	458.0	3324.0	5167.0	4229.0	1040.0	5234.0	3335.0	3593.0	1811.0	5411.0	692.0	1803.0	1752.0	726.0	1558.0	1485.0	6301.0	1552.0	5200.0	4748.0	1004.0	4634.0	10246.0	4634.0	4919.0	4913.0	313.0	2272.0	97626.8	1169364.0	1636462.312859
sub-3151	698.0	2134.0	1842.0	309.0	2649.0	5325.0	4041.0	1021.0	5237.0	2959.0	2797.0	1255.0	4431.0	654.0	1330.0	1827.0	588.0	1461.0	1327.0	4130.0	1222.0	4052.0	3766.0	856.0	4305.0	9206.0	4521.0	4422.0	3470.0	289.0	1823.0	83947.4	1080730.0	1520893.531615
sub-3156	657.0	2192.0	1659.0	277.0	2456.0	5251.0	3510.0	947.0	4385.0	2647.0	2949.0	1578.0	3971.0	641.0	1617.0	1563.0	619.0	1439.0	1220.0	4468.0	1109.0	4495.0	3610.0	852.0	4124.0	9026.0	3992.0	5369.0	3697.0	408.0	2174.0	82902.5	1032323.0	1558956.244154
sub-3157	839.0	1531.0	1652.0	296.0	2303.0	4556.0	2518.0	803.0	4383.0	2351.0	2594.0	1401.0	3183.0	547.0	1305.0	1535.0	630.0	1237.0	1534.0	3793.0	1034.0	4098.0	3188.0	762.0	3188.0	6727.0	4218.0	4063.0	3134.0	260.0	1830.0	71493.9	878085.0	1183410.395238
sub-3160	982.0	2366.0	2200.0	446.0	2951.0	6011.0	3698.0	848.0	5522.0	2969.0	3415.0	1628.0	4167.0	789.0	1817.0	1324.0	699.0	1450.0	1376.0	4413.0	1029.0	5284.0	4143.0	1087.0	4303.0	9684.0	4511.0	5232.0	3263.0	354.0	2271.0	90231.2	1133731.0	1809287.539735
sub-3161	690.0	2286.0	2273.0	336.0	3009.0	5680.0	3529.0	1127.0	5440.0	3249.0	3600.0	1523.0	4612.0	824.0	1864.0	1415.0	810.0	1794.0	1733.0	4259.0	1335.0	4921.0	4478.0	1013.0	4118.0	9846.0	5552.0	5414.0	4235.0	390.0	2219.0	93575.4	1193640.0	1692612.828334
sub-3165	746.0	2126.0	1739.0	432.0	2523.0	4826.0	3533.0	865.0	4494.0	2558.0	3015.0	1364.0	4144.0	651.0	1417.0	1672.0	646.0	1454.0	1568.0	4383.0	1120.0	4169.0	3521.0	769.0	3355.0	7911.0	3580.0	4311.0	2775.0	277.0	1860.0	77804.8	1082889.0	1450955.030984
sub-3169	865.0	2940.0	2469.0	381.0	3203.0	6048.0	3064.0	1216.0	6190.0	2921.0	3691.0	1536.0	4201.0	684.0	2011.0	1684.0	766.0	1705.0	2521.0	4336.0	1310.0	5385.0	4360.0	647.0	4127.0	10232.0	3936.0	4888.0	3381.0	300.0	2107.0	93105.0	1155226.0	1639347.801568
sub-3171	817.0	1989.0	1742.0	502.0	2761.0	4999.0	4049.0	942.0	5285.0	2589.0	2796.0	1360.0	4240.0	588.0	1391.0	1507.0	805.0	1555.0	1260.0	4339.0	1103.0	4720.0	3680.0	852.0	4021.0	8268.0	3876.0	4251.0	3426.0	319.0	1872.0	81904.8	1118880.0	1574591.31877
sub-3172	1148.0	2119.0	2030.0	345.0	3060.0	5715.0	3264.0	930.0	5122.0	3167.0	3145.0	1525.0	4200.0	593.0	1631.0	1636.0	940.0	1670.0	1640.0	4214.0	1370.0	4900.0	3780.0	1161.0	4572.0	8838.0	4445.0	4793.0	2938.0	318.0	2083.0	87294.9	1103831.0	1645046.07471
sub-3188	787.0	1621.0	1678.0	322.0	2609.0	4831.0	2811.0	807.0	4224.0	2687.0	2967.0	1301.0	3851.0	696.0	1647.0	1135.0	619.0	1099.0	1390.0	4277.0	1119.0	4233.0	3849.0	695.0	2882.0	7490.0	4217.0	4669.0	3688.0	311.0	1947.0	76458.8	967339.0	1411083.122871
sub-3191	833.0	2022.0	1807.0	242.0	2587.0	4555.0	2694.0	925.0	4897.0	2929.0	3235.0	1527.0	3645.0	649.0	1324.0	1339.0	744.0	1330.0	1623.0	3975.0	1089.0	4465.0	3465.0	839.0	3400.0	7410.0	3957.0	3940.0	3033.0	306.0	2043.0	76827.5	970695.0	1316481.977243
sub-3257	549.0	1723.0	1025.0	860.0	3204.0	4028.0	4865.0	809.0	4071.0	3492.0	1743.0	1463.0	3737.0	858.0	1717.0	796.0	775.0	1211.0	714.0	3394.0	1308.0	3108.0	4030.0	499.0	5056.0	9966.0	5113.0	4320.0	1892.0	115.0	1495.0	77935.2	1400587.0	1796076.608219
sub-3260	1254.0	2519.0	2196.0	421.0	2694.0	5387.0	3814.0	790.0	5211.0	3190.0	2842.0	1270.0	4820.0	692.0	1795.0	1390.0	797.0	1628.0	1533.0	4909.0	1082.0	4283.0	4709.0	959.0	5956.0	11044.0	4806.0	5036.0	3747.0	350.0	2159.0	93284.1	1111691.0	1510075.588013
sub-3264	719.0	1904.0	1158.0	1084.0	2498.0	3141.0	2793.0	94.0	4336.0	2472.0	1874.0	1008.0	2374.0	924.0	1727.0	1117.0	555.0	1093.0	814.0	4088.0	571.0	4173.0	3252.0	869.0	3754.0	9678.0	3940.0	3661.0	2565.0	263.0	1192.0	69687.8	1219336.0	1566172.153937
sub-3270	1095.0	2597.0	1628.0	415.0	2646.0	4279.0	4067.0	770.0	4978.0	3344.0	2684.0	1457.0	4410.0	573.0	1653.0	1716.0	715.0	1536.0	1605.0	4491.0	1149.0	5297.0	3386.0	975.0	5141.0	10277.0	4052.0	4886.0	3005.0	331.0	2349.0	87506.0	1121967.0	1546965.060867
sub-3271	850.0	2396.0	1437.0	691.0	3553.0	5458.0	4263.0	706.0	5364.0	3132.0	2644.0	1490.0	4471.0	880.0	1697.0	1916.0	665.0	1892.0	1120.0	4891.0	1204.0	4944.0	3700.0	984.0	5319.0	9958.0	4750.0	5943.0	3234.0	470.0	2383.0	92404.2	1253052.0	1718214.935342
sub-3274	1651.0	3022.0	3251.0	3298.0	4607.0	6305.0	5536.0	163.0	7173.0	2919.0	3542.0	962.0	5680.0	434.0	1735.0	2308.0	1413.0	1369.0	3250.0	4979.0	1167.0	8472.0	6124.0	725.0	4829.0	10880.0	5442.0	6208.0	3494.0	385.0	2458.0	113780.0	1519589.0	1996588.304558
sub-3276	821.0	3928.0	1676.0	509.0	2554.0	5427.0	3264.0	562.0	4269.0	3096.0	2137.0	1494.0	3969.0	667.0	2087.0	1705.0	1039.0	1435.0	881.0	4976.0	1290.0	5442.0	2669.0	990.0	4390.0	11367.0	3983.0	5174.0	4102.0	328.0	2611.0	88839.8	1196149.0	1532799.083546
sub-3277	997.0	2429.0	1852.0	662.0	4124.0	6403.0	5420.0	1057.0	5500.0	3875.0	3674.0	1872.0	4986.0	919.0	1933.0	1671.0	802.0	1603.0	1371.0	4667.0	1035.0	5232.0	5071.0	1169.0	5437.0	11436.0	5103.0	5676.0	4304.0	281.0	2376.0	102937.0	1398131.0	1749964.804139
sub-3300	745.0	2537.0	1910.0	371.0	3384.0	5508.0	3623.0	1049.0	5989.0	2687.0	3613.0	1513.0	3903.0	805.0	1572.0	1756.0	674.0	1758.0	1576.0	4369.0	1495.0	5018.0	3829.0	764.0	3818.0	9663.0	3984.0	4657.0	3320.0	322.0	2112.0	88326.3	1103909.0	1507889.394342
sub-3301	694.0	2876.0	2187.0	372.0	3196.0	4965.0	3862.0	1185.0	6324.0	3213.0	3861.0	1496.0	4385.0	703.0	1391.0	1612.0	726.0	1266.0	1939.0	5096.0	1182.0	5635.0	4324.0	970.0	4413.0	8732.0	4014.0	5070.0	3805.0	348.0	2032.0	91874.0	1138836.0	1569970.280325
sub-3310	700.0	1747.0	1462.0	488.0	2415.0	3911.0	2867.0	682.0	3925.0	2443.0	2236.0	1463.0	3256.0	568.0	1543.0	1420.0	744.0	1397.0	1054.0	3958.0	1049.0	3867.0	3443.0	839.0	3513.0	7813.0	4275.0	3986.0	3019.0	283.0	1693.0	72060.0	945687.0	1381921.039271
sub-3316	914.0	2684.0	1518.0	382.0	2752.0	5249.0	3632.0	947.0	4752.0	3237.0	3018.0	1609.0	4268.0	681.0	1518.0	1411.0	853.0	1329.0	1260.0	4298.0	1326.0	4587.0	3848.0	823.0	4115.0	9648.0	4540.0	4440.0	3148.0	303.0	2181.0	85270.6	1113571.0	1600319.319315
sub-3318	868.0	1655.0	1462.0	336.0	2217.0	4506.0	3085.0	850.0	4604.0	2343.0	2524.0	1352.0	3798.0	623.0	1530.0	1330.0	503.0	1106.0	1151.0	3856.0	1039.0	4377.0	3272.0	655.0	2987.0	8363.0	3260.0	4365.0	2931.0	269.0	2027.0	73244.0	954207.0	1465625.659036
sub-3320	714.0	2142.0	1726.0	339.0	2486.0	4825.0	3571.0	957.0	4760.0	2728.0	2949.0	1349.0	4540.0	606.0	1741.0	1488.0	707.0	1285.0	1431.0	4780.0	1317.0	5351.0	3436.0	593.0	4176.0	9372.0	3701.0	4873.0	3644.0	291.0	2118.0	83994.5	1067085.0	1482700.06768
sub-3350	761.0	2529.0	1992.0	494.0	3063.0	5566.0	3881.0	888.0	5387.0	2922.0	2986.0	1507.0	4470.0	635.0	2196.0	1728.0	633.0	1495.0	1386.0	4682.0	1306.0	5304.0	4049.0	1082.0	5012.0	10373.0	4106.0	5047.0	3339.0	322.0	2122.0	91263.4	1110241.0	1629867.024323
sub-3351	693.0	1922.0	1939.0	366.0	2221.0	5723.0	3120.0	529.0	4914.0	2679.0	3287.0	1430.0	3775.0	655.0	1665.0	1458.0	704.0	1111.0	1684.0	4812.0	1041.0	4611.0	4048.0	699.0	4255.0	8286.0	4577.0	4040.0	3059.0	276.0	1827.0	81406.7	943343.0	1585653.383279
sub-3353	856.0	1916.0	1653.0	412.0	2395.0	5096.0	3122.0	826.0	4442.0	2462.0	2841.0	1277.0	3844.0	639.0	1385.0	1259.0	536.0	1237.0	1208.0	3963.0	974.0	4293.0	3325.0	774.0	3344.0	7977.0	4078.0	4377.0	2847.0	306.0	1998.0	75662.4	1046218.0	1420575.293696
sub-3355	739.0	1613.0	966.0	345.0	2571.0	5579.0	3414.0	1007.0	3987.0	1703.0	2914.0	1194.0	3891.0	551.0	1694.0	1369.0	483.0	1187.0	1118.0	4373.0	1199.0	4401.0	5339.0	382.0	2589.0	7224.0	5320.0	4343.0	2890.0	294.0	1935.0	76615.7	1041331.0	1387517.341014
sub-3357	883.0	2501.0	1864.0	340.0	2539.0	5611.0	3389.0	1004.0	4235.0	2819.0	3000.0	1401.0	4505.0	779.0	1731.0	1462.0	730.0	1691.0	1402.0	4149.0	1435.0	5483.0	3868.0	662.0	4285.0	9676.0	4583.0	4937.0	3723.0	301.0	2102.0	87091.5	1088526.0	1658569.737646
sub-3358	1053.0	3088.0	2040.0	554.0	2989.0	7059.0	3836.0	936.0	5441.0	2852.0	3371.0	1732.0	4352.0	850.0	2506.0	1499.0	615.0	1213.0	1651.0	4988.0	1574.0	5937.0	4384.0	966.0	4031.0	10757.0	5618.0	5239.0	3793.0	387.0	2386.0	97699.5	1247153.0	1696766.506401
sub-3361	725.0	2343.0	1897.0	406.0	3051.0	6169.0	4143.0	1017.0	4880.0	2846.0	2852.0	1501.0	4466.0	619.0	1820.0	1625.0	728.0	1457.0	1386.0	5074.0	1386.0	4654.0	4589.0	1009.0	3978.0	9734.0	4744.0	4942.0	4597.0	333.0	2171.0	91143.1	1103762.0	1568950.294096
sub-3362	667.0	1968.0	2073.0	314.0	2640.0	5280.0	3686.0	762.0	4863.0	2876.0	3233.0	1477.0	4323.0	701.0	1502.0	1506.0	636.0	1576.0	1790.0	4278.0	1189.0	4613.0	3653.0	753.0	3657.0	8211.0	3968.0	4406.0	2911.0	280.0	2056.0	81845.6	1066753.0	1284820.070714
sub-3368	1047.0	2216.0	1879.0	559.0	2601.0	6582.0	3600.0	995.0	4682.0	2906.0	3465.0	1399.0	4821.0	782.0	1604.0	1424.0	588.0	1279.0	1720.0	4518.0	1241.0	4138.0	4434.0	960.0	3730.0	8643.0	4793.0	4556.0	3257.0	295.0	2008.0	86725.5	1117001.0	1390440.882489
sub-3369	747.0	1998.0	1776.0	375.0	2475.0	4164.0	2860.0	1082.0	4545.0	2643.0	3278.0	1319.0	3830.0	779.0	1338.0	1383.0	767.0	1713.0	1739.0	4049.0	1200.0	4390.0	4141.0	674.0	4573.0	8094.0	4022.0	4731.0	3382.0	277.0	2027.0	80374.1	1041747.0	1449827.130093
sub-3370	1107.0	2770.0	2504.0	452.0	3155.0	5066.0	3758.0	1027.0	5407.0	3301.0	3605.0	1577.0	4368.0	847.0	2083.0	1622.0	962.0	1689.0	1808.0	4745.0	1499.0	5164.0	3981.0	1107.0	4886.0	9788.0	4522.0	5471.0	3407.0	408.0	2333.0	94422.1	1294383.0	1672519.043824
sub-3389	869.0	2078.0	1773.0	327.0	2931.0	5226.0	3492.0	888.0	5232.0	2817.0	2990.0	1452.0	4132.0	688.0	1536.0	1509.0	713.0	1350.0	1328.0	4214.0	1535.0	4908.0	4015.0	772.0	4516.0	9052.0	4869.0	4845.0	3503.0	298.0	2188.0	86047.8	1042625.0	1499330.11181
sub-3390	703.0	2184.0	2232.0	342.0	3113.0	4717.0	3158.0	876.0	5577.0	2592.0	3430.0	1527.0	3788.0	806.0	1929.0	1598.0	711.0	1490.0	1735.0	3775.0	1110.0	4809.0	3862.0	598.0	3627.0	8073.0	4605.0	4797.0	3155.0	340.0	2315.0	83572.9	1070043.0	1398499.276138
sub-3503	621.0	1958.0	1372.0	314.0	2432.0	4145.0	3054.0	661.0	4185.0	2395.0	2608.0	1227.0	3263.0	608.0	1406.0	1161.0	549.0	953.0	970.0	3689.0	995.0	3950.0	3264.0	722.0	2880.0	6839.0	3531.0	4076.0	2870.0	286.0	1595.0	68576.5	887460.0	1207402.00558
sub-3515	1259.0	1948.0	1612.0	379.0	2318.0	4761.0	3401.0	701.0	3963.0	2650.0	3004.0	1472.0	4048.0	607.0	1344.0	1321.0	574.0	1281.0	1519.0	3884.0	1252.0	3573.0	3151.0	853.0	4364.0	8017.0	3876.0	4317.0	3023.0	260.0	1880.0	76612.2	947111.0	1259891.297764
sub-3517	648.0	1670.0	2160.0	480.0	3379.0	5251.0	3548.0	854.0	5193.0	2695.0	2516.0	1380.0	4141.0	855.0	1631.0	1292.0	815.0	1416.0	1396.0	4247.0	1267.0	4094.0	3604.0	668.0	3665.0	8126.0	4472.0	4927.0	3229.0	345.0	2084.0	82046.9	1103553.0	1293758.236574
sub-3518	675.0	1597.0	1874.0	300.0	2816.0	5502.0	3457.0	785.0	4325.0	2891.0	2922.0	1390.0	4334.0	745.0	1753.0	1527.0	700.0	1552.0	1654.0	4506.0	1278.0	4782.0	4098.0	835.0	3656.0	9024.0	4359.0	4583.0	2945.0	306.0	1947.0	83118.5	1030412.0	1569493.960978
sub-3519	726.0	2603.0	1770.0	409.0	3195.0	5501.0	4177.0	918.0	4983.0	3178.0	2959.0	1774.0	4362.0	736.0	1670.0	2019.0	719.0	1398.0	1501.0	5034.0	1176.0	5042.0	4339.0	861.0	4770.0	10132.0	4308.0	4902.0	3436.0	359.0	2154.0	91109.9	1200494.0	1730278.343036
sub-3521	1028.0	1927.0	1807.0	416.0	2648.0	4840.0	3583.0	869.0	4291.0	2823.0	2813.0	1281.0	4323.0	594.0	1471.0	1404.0	705.0	1497.0	1213.0	4283.0	1373.0	4407.0	3569.0	919.0	4162.0	8521.0	4116.0	5247.0	4009.0	409.0	1942.0	82484.9	1090441.0	1422627.172057
sub-3523	765.0	2078.0	1665.0	288.0	2792.0	5058.0	3198.0	1028.0	5385.0	2913.0	3033.0	1534.0	4000.0	575.0	1349.0	1480.0	611.0	1480.0	1318.0	4045.0	1208.0	4133.0	3517.0	816.0	3811.0	8159.0	3739.0	4565.0	3211.0	267.0	1981.0	80002.1	1030688.0	1199770.937643
sub-3525	756.0	1827.0	1648.0	437.0	2473.0	5011.0	3183.0	767.0	4888.0	2596.0	3268.0	1226.0	4038.0	838.0	1735.0	1514.0	619.0	1442.0	1263.0	4206.0	1343.0	4271.0	3446.0	639.0	3998.0	8679.0	3942.0	4251.0	3673.0	307.0	1985.0	80270.9	1081407.0	1379710.094974
sub-3526	741.0	1842.0	1869.0	406.0	2667.0	4789.0	2961.0	1014.0	4783.0	2724.0	3056.0	1580.0	3761.0	733.0	1528.0	1583.0	746.0	2333.0	1468.0	4405.0	1525.0	4482.0	4072.0	763.0	4657.0	8928.0	4393.0	5246.0	3932.0	392.0	2463.0	85840.8	1048202.0	1632215.592885
sub-3527	764.0	1884.0	1441.0	410.0	2757.0	3813.0	2928.0	890.0	4244.0	2794.0	2885.0	1360.0	3514.0	764.0	1330.0	1249.0	695.0	1363.0	1173.0	3630.0	1242.0	3943.0	2987.0	722.0	4959.0	8922.0	2803.0	4955.0	2726.0	293.0	1837.0	75279.0	1030495.0	1428415.630161
sub-3541	1737.0	2634.0	2748.0	482.0	3608.0	5896.0	4895.0	1214.0	6988.0	3795.0	4332.0	2001.0	5509.0	853.0	1973.0	2388.0	1013.0	2412.0	2636.0	5956.0	1626.0	5207.0	5442.0	1243.0	5832.0	10387.0	5793.0	5812.0	3874.0	355.0	2495.0	111135.0	1335957.0	1828574.136988
sub-3551	1014.0	2712.0	1751.0	423.0	2640.0	6214.0	3559.0	791.0	4931.0	2995.0	2709.0	1305.0	4201.0	656.0	1794.0	1488.0	693.0	1603.0	1261.0	4581.0	1137.0	5176.0	3788.0	955.0	4685.0	9240.0	4253.0	5025.0	3195.0	326.0	2443.0	87543.6	1053718.0	1567589.916258
sub-3554	910.0	2253.0	1747.0	417.0	2553.0	5962.0	3283.0	967.0	4846.0	2702.0	3147.0	1549.0	4081.0	648.0	1766.0	1480.0	740.0	1150.0	1154.0	4662.0	1188.0	5025.0	4141.0	1045.0	4052.0	8347.0	4120.0	4584.0	3218.0	290.0	2319.0	84347.2	1047717.0	1563271.478061
sub-3555	666.0	2387.0	2725.0	372.0	3460.0	6746.0	4114.0	1133.0	7131.0	3976.0	3438.0	1856.0	5148.0	747.0	2066.0	1891.0	980.0	1808.0	1800.0	4923.0	1418.0	5948.0	4372.0	846.0	4904.0	11915.0	5498.0	5998.0	4077.0	459.0	2758.0	105559.0	1409698.0	1898035.479902
sub-3563	1085.0	3012.0	1748.0	463.0	3235.0	4702.0	3567.0	1011.0	4208.0	3345.0	3245.0	1630.0	3918.0	604.0	1685.0	1766.0	751.0	1458.0	1250.0	4177.0	1435.0	5049.0	4343.0	1215.0	5554.0	10681.0	4401.0	5325.0	3227.0	351.0	2280.0	90721.3	1153953.0	1657344.013656
sub-3565	981.0	2526.0	2793.0	299.0	3585.0	5513.0	3461.0	1121.0	5964.0	3326.0	3804.0	1609.0	5351.0	793.0	1815.0	2002.0	863.0	1780.0	2052.0	4534.0	1665.0	5194.0	4373.0	796.0	4407.0	10872.0	3922.0	5317.0	3925.0	319.0	2464.0	97424.8	1259027.0	1783763.889443
sub-3569	652.0	2029.0	1721.0	487.0	3028.0	4663.0	3421.0	884.0	4681.0	2906.0	3109.0	1264.0	3614.0	812.0	1667.0	1338.0	751.0	1437.0	1404.0	4704.0	1265.0	4372.0	3695.0	739.0	4028.0	8544.0	4158.0	4603.0	3195.0	322.0	2108.0	81596.9	1036115.0	1373078.549832
sub-3570	775.0	2166.0	2655.0	471.0	3074.0	6086.0	3955.0	1207.0	5690.0	3740.0	4075.0	1849.0	4752.0	896.0	2147.0	1655.0	781.0	2089.0	2623.0	4754.0	1367.0	5248.0	4739.0	1074.0	5775.0	11294.0	5246.0	5323.0	3870.0	395.0	2306.0	102076.0	1315000.0	1948132.126488
sub-3571	806.0	3486.0	2508.0	434.0	3343.0	6923.0	4458.0	1153.0	5732.0	3491.0	3981.0	1800.0	5432.0	897.0	2063.0	1855.0	780.0	1565.0	2005.0	4579.0	1465.0	5747.0	4440.0	1188.0	4057.0	10416.0	4526.0	5433.0	4346.0	321.0	2356.0	101586.0	1258630.0	1814170.330641
sub-3572	683.0	2086.0	1674.0	389.0	2673.0	4876.0	3368.0	871.0	4385.0	2634.0	3022.0	1287.0	4034.0	653.0	1553.0	1545.0	766.0	1531.0	1267.0	4070.0	1011.0	4851.0	3969.0	855.0	3254.0	9213.0	4309.0	4750.0	3248.0	309.0	2302.0	81437.3	992492.0	1307872.862664
sub-3600	717.0	2144.0	2179.0	390.0	2740.0	5610.0	3926.0	792.0	4968.0	2725.0	3537.0	1443.0	4184.0	663.0	1779.0	1335.0	702.0	1469.0	1761.0	4029.0	1216.0	4832.0	3289.0	841.0	4533.0	9829.0	3921.0	4956.0	3959.0	321.0	2091.0	86880.2	1146450.0	1472714.691638
sub-3610	535.0	2611.0	1705.0	474.0	2993.0	4737.0	3688.0	884.0	4227.0	3294.0	2844.0	1539.0	4409.0	687.0	1673.0	1724.0	774.0	1372.0	1272.0	4415.0	1336.0	4749.0	3662.0	751.0	4326.0	9078.0	4249.0	5123.0	3727.0	325.0	2170.0	85351.5	1165035.0	1578057.312215
sub-3611	626.0	2520.0	2006.0	334.0	2607.0	5443.0	3235.0	1047.0	5105.0	3044.0	3506.0	1573.0	4487.0	640.0	1442.0	1876.0	638.0	1886.0	1898.0	4097.0	1331.0	4362.0	4592.0	690.0	4458.0	8343.0	4783.0	4856.0	3300.0	332.0	2104.0	87162.1	1189372.0	1582941.090089
sub-3613	815.0	2310.0	1718.0	304.0	2209.0	5443.0	3323.0	868.0	4645.0	2768.0	3036.0	1479.0	4137.0	586.0	1421.0	1859.0	731.0	1504.0	1419.0	4096.0	1288.0	4686.0	3455.0	604.0	3180.0	8347.0	3874.0	4790.0	3520.0	332.0	2131.0	80876.6	1138758.0	1507659.161024
sub-3614	687.0	1766.0	1829.0	373.0	2715.0	4314.0	3251.0	962.0	4543.0	2607.0	3515.0	1429.0	4169.0	744.0	1463.0	1455.0	644.0	1270.0	1817.0	4104.0	1098.0	4397.0	3471.0	688.0	3202.0	7715.0	3365.0	4628.0	3306.0	313.0	1926.0	77765.4	1066798.0	1466464.757419
sub-3615	1484.0	3116.0	2274.0	384.0	3113.0	6080.0	4371.0	935.0	5970.0	3391.0	3480.0	1876.0	4944.0	842.0	2065.0	1778.0	649.0	1910.0	1645.0	5113.0	1538.0	5374.0	5580.0	1258.0	4982.0	10290.0	5426.0	5257.0	4125.0	340.0	2490.0	102078.0	1320493.0	1809552.194087
sub-3620	861.0	1781.0	1794.0	254.0	3084.0	4942.0	3432.0	709.0	4449.0	2707.0	2960.0	1409.0	3932.0	666.0	1547.0	1282.0	558.0	1262.0	1470.0	4058.0	1168.0	4261.0	3802.0	762.0	3853.0	7913.0	4830.0	4250.0	3482.0	282.0	1798.0	79559.5	1115627.0	1567630.667703
sub-3624	727.0	1941.0	2336.0	515.0	2949.0	5606.0	4437.0	915.0	5260.0	2826.0	3084.0	1527.0	4422.0	646.0	1514.0	1308.0	636.0	1493.0	1967.0	5616.0	1157.0	5309.0	3876.0	713.0	3832.0	9466.0	4138.0	4669.0	3897.0	324.0	2138.0	89243.5	1242054.0	1711917.308748
sub-3627	1085.0	1891.0	2152.0	335.0	3175.0	5339.0	3458.0	955.0	5793.0	3680.0	3677.0	1539.0	3816.0	695.0	1373.0	1319.0	826.0	1464.0	1685.0	4411.0	1285.0	4669.0	4650.0	1010.0	4549.0	9616.0	4584.0	5156.0	3946.0	433.0	2374.0	90941.7	1271922.0	1720225.095575
sub-3635	1256.0	2447.0	2197.0	535.0	3269.0	6850.0	4523.0	1037.0	5112.0	3427.0	3753.0	1670.0	5205.0	825.0	1704.0	1733.0	790.0	1546.0	1458.0	5413.0	1464.0	5356.0	4422.0	1155.0	3977.0	8767.0	5246.0	5527.0	3792.0	357.0	2322.0	97137.3	1374248.0	1806403.207425
sub-3636	525.0	1806.0	1649.0	323.0	2830.0	6098.0	3442.0	937.0	5240.0	3073.0	3595.0	1499.0	4560.0	805.0	1484.0	1466.0	714.0	1397.0	1801.0	4551.0	1074.0	4792.0	3831.0	596.0	3377.0	8422.0	4517.0	5154.0	4244.0	321.0	2048.0	86172.5	1178026.0	1608406.835235
sub-3637	946.0	1911.0	1834.0	320.0	2246.0	4972.0	3472.0	753.0	4379.0	2577.0	2947.0	1483.0	3528.0	677.0	1480.0	1148.0	701.0	1098.0	1318.0	4258.0	1161.0	4325.0	3343.0	759.0	3770.0	8671.0	3525.0	3747.0	2812.0	227.0	1971.0	76361.1	1043490.0	1385031.814016
sub-3750	803.0	2164.0	1890.0	490.0	3519.0	5448.0	3823.0	1076.0	5045.0	3306.0	3515.0	1624.0	4376.0	799.0	1699.0	2077.0	793.0	1994.0	1806.0	4747.0	1497.0	5524.0	4994.0	878.0	4298.0	10772.0	6180.0	5927.0	4009.0	416.0	2563.0	98050.4	1242495.0	1829108.11521
sub-3756	613.0	2394.0	2143.0	558.0	2852.0	6142.0	3934.0	1033.0	6541.0	3087.0	3503.0	1474.0	4240.0	732.0	1833.0	1639.0	742.0	1526.0	2097.0	4460.0	1202.0	5549.0	3856.0	824.0	4839.0	10875.0	4374.0	5569.0	4161.0	435.0	2287.0	95516.1	1166395.0	1697443.460501
sub-3759	618.0	1873.0	1836.0	357.0	2268.0	4440.0	2952.0	823.0	4249.0	2778.0	2966.0	1300.0	3231.0	570.0	1396.0	1271.0	640.0	1462.0	1436.0	3443.0	973.0	4328.0	3762.0	640.0	3527.0	8554.0	3841.0	4391.0	2556.0	266.0	1864.0	74611.8	980833.0	1324377.2585
sub-3765	599.0	1825.0	1656.0	267.0	2216.0	4266.0	3100.0	810.0	3866.0	2705.0	2920.0	1279.0	3645.0	636.0	1385.0	1253.0	620.0	1263.0	1528.0	4253.0	1010.0	4084.0	3421.0	447.0	3318.0	7405.0	3456.0	4268.0	3026.0	264.0	1793.0	72581.9	956163.0	1331668.716072
sub-3767	796.0	2422.0	2198.0	441.0	2400.0	5016.0	3514.0	917.0	5228.0	3209.0	3428.0	1721.0	3954.0	685.0	1310.0	1568.0	889.0	1517.0	2035.0	4580.0	1114.0	4740.0	4113.0	808.0	3593.0	8810.0	4421.0	4411.0	3748.0	292.0	2005.0	85883.8	1111458.0	1482417.752735
sub-3768	876.0	2047.0	1973.0	350.0	2986.0	5464.0	3699.0	1020.0	5265.0	3359.0	3295.0	1715.0	4532.0	682.0	1798.0	1497.0	781.0	1726.0	1897.0	4364.0	1380.0	4726.0	4056.0	800.0	4793.0	9174.0	4236.0	4947.0	3162.0	322.0	2245.0	89168.5	1189090.0	1711851.854273
sub-3769	697.0	1994.0	1891.0	381.0	2881.0	4849.0	3586.0	959.0	4744.0	2594.0	2965.0	1440.0	4123.0	550.0	1354.0	1391.0	717.0	1325.0	1491.0	4322.0	1225.0	4653.0	3975.0	847.0	3645.0	8962.0	4348.0	4813.0	3331.0	296.0	2183.0	82530.5	1023165.0	1459153.628129
sub-3779	949.0	2278.0	2281.0	597.0	3657.0	5077.0	4970.0	961.0	5858.0	2424.0	2845.0	1547.0	5010.0	836.0	2344.0	1828.0	684.0	1506.0	1492.0	5529.0	1704.0	5824.0	4411.0	981.0	3641.0	9600.0	5231.0	5309.0	3982.0	405.0	2288.0	96048.2	1258053.0	1843564.689981
sub-3803	917.0	2015.0	1722.0	482.0	2640.0	4732.0	3507.0	783.0	4310.0	2884.0	2823.0	1552.0	4049.0	605.0	1814.0	1408.0	668.0	1500.0	1338.0	4361.0	1172.0	4480.0	3846.0	751.0	3558.0	8898.0	3728.0	4375.0	2975.0	309.0	2420.0	80619.4	1034002.0	1477757.991102
sub-3804	910.0	1794.0	2081.0	482.0	2567.0	5366.0	3889.0	902.0	4792.0	3068.0	3605.0	1507.0	4717.0	601.0	1642.0	1481.0	782.0	1360.0	1859.0	4490.0	1291.0	4514.0	3942.0	904.0	4891.0	8867.0	4284.0	4978.0	3530.0	305.0	1887.0	87286.6	1079216.0	1446506.161759
sub-3805	651.0	1883.0	1946.0	311.0	2690.0	4548.0	3109.0	860.0	4256.0	2547.0	2742.0	1273.0	3549.0	752.0	1194.0	1344.0	519.0	1088.0	1380.0	3727.0	1116.0	4027.0	3599.0	657.0	3237.0	7007.0	3832.0	4384.0	2889.0	267.0	1845.0	73227.3	1008751.0	1325217.218464
sub-3806	825.0	2178.0	1772.0	324.0	2599.0	4450.0	3293.0	770.0	5014.0	2293.0	3660.0	1239.0	3816.0	660.0	1372.0	1277.0	610.0	1163.0	1358.0	3998.0	1374.0	4024.0	3837.0	773.0	3605.0	7876.0	4228.0	4406.0	3344.0	309.0	2013.0	78458.9	1001668.0	1378852.94245
sub-3807	782.0	2093.0	1637.0	289.0	2607.0	5250.0	3358.0	865.0	4459.0	2955.0	2790.0	1512.0	4086.0	616.0	1620.0	1367.0	751.0	1504.0	1293.0	3894.0	1209.0	4014.0	4054.0	833.0	4206.0	8095.0	4738.0	4616.0	3503.0	322.0	2022.0	81341.0	1131902.0	1534058.391503
sub-3809	922.0	2283.0	1784.0	449.0	2666.0	5362.0	3911.0	797.0	4721.0	2459.0	3330.0	1339.0	4064.0	697.0	1575.0	1575.0	618.0	1516.0	1791.0	4213.0	1218.0	4237.0	4076.0	885.0	3052.0	7997.0	4208.0	4290.0	3354.0	279.0	1871.0	81540.1	1100745.0	1513447.66005
sub-3811	801.0	2513.0	2127.0	413.0	2487.0	5550.0	3396.0	913.0	6081.0	3071.0	2835.0	1455.0	3975.0	740.0	1637.0	1437.0	682.0	1129.0	1438.0	4883.0	1253.0	5334.0	4021.0	1040.0	4331.0	9277.0	4586.0	5270.0	3414.0	313.0	2042.0	88441.8	1159948.0	1743581.168357
sub-3812	691.0	1635.0	1610.0	390.0	2861.0	3921.0	3218.0	694.0	3939.0	2276.0	3235.0	1238.0	3311.0	637.0	1668.0	1181.0	550.0	1166.0	1536.0	4216.0	1114.0	4384.0	4082.0	530.0	2960.0	6990.0	4773.0	3919.0	3266.0	260.0	1705.0	73959.5	966198.0	1332014.751895
sub-3813	748.0	2125.0	1936.0	400.0	2552.0	5043.0	3520.0	888.0	5183.0	3037.0	3532.0	1519.0	4291.0	671.0	1810.0	1452.0	602.0	1224.0	1664.0	4805.0	1081.0	4957.0	3945.0	887.0	4888.0	8771.0	4295.0	4528.0	3487.0	308.0	1766.0	85917.6	1069694.0	1533309.06124
sub-3816	523.0	2305.0	2252.0	319.0	2417.0	5107.0	3835.0	990.0	5071.0	2873.0	3141.0	1291.0	4316.0	634.0	1547.0	1979.0	731.0	1535.0	1847.0	4214.0	1089.0	4183.0	4221.0	680.0	4259.0	8923.0	4717.0	4484.0	2999.0	279.0	1987.0	84745.6	1120506.0	1594274.388073
sub-3817	742.0	2186.0	1893.0	405.0	3299.0	4802.0	4057.0	1042.0	4635.0	3183.0	3009.0	1660.0	3632.0	682.0	1436.0	1738.0	777.0	1596.0	1580.0	4135.0	1078.0	4547.0	3632.0	783.0	3534.0	8533.0	4363.0	4006.0	2973.0	281.0	1980.0	82200.0	1069093.0	1531423.721927
sub-3850	772.0	2142.0	1893.0	447.0	2366.0	4364.0	3124.0	710.0	4842.0	2666.0	3478.0	1100.0	3594.0	666.0	1476.0	1218.0	533.0	991.0	1501.0	4123.0	1080.0	4800.0	3351.0	742.0	3294.0	7689.0	4051.0	3933.0	2737.0	246.0	1617.0	75542.6	1005951.0	1397323.809416
sub-3851	674.0	2109.0	1586.0	340.0	2059.0	4628.0	2826.0	806.0	4887.0	2615.0	3056.0	1440.0	3845.0	714.0	1547.0	1751.0	607.0	1570.0	1336.0	4222.0	1134.0	4579.0	3212.0	721.0	3848.0	8809.0	3447.0	4370.0	2975.0	277.0	1939.0	77931.0	993699.0	1373455.793974
sub-3852	543.0	2464.0	1679.0	434.0	2779.0	4826.0	3825.0	927.0	4339.0	2894.0	2492.0	1500.0	4185.0	807.0	1789.0	1708.0	733.0	1505.0	1183.0	4197.0	1267.0	5473.0	4286.0	920.0	3484.0	9056.0	4293.0	5221.0	3315.0	318.0	2675.0	85117.8	1066095.0	1627827.556423
sub-3853	772.0	2456.0	2008.0	393.0	2981.0	4894.0	3327.0	1034.0	4451.0	2844.0	2844.0	1630.0	4238.0	742.0	1368.0	1511.0	796.0	1581.0	1473.0	4924.0	1180.0	4464.0	4461.0	775.0	3970.0	9324.0	4698.0	4512.0	3230.0	301.0	2218.0	85398.7	1105642.0	1484430.061982
sub-3854	638.0	2080.0	2245.0	414.0	2875.0	4726.0	3248.0	834.0	6128.0	3436.0	3795.0	1583.0	4067.0	693.0	1762.0	1553.0	919.0	1717.0	2036.0	4506.0	1167.0	4539.0	4381.0	728.0	4752.0	10179.0	4956.0	5337.0	4302.0	394.0	2308.0	92297.7	1246268.0	1639679.40429
sub-3855	606.0	1429.0	2073.0	380.0	2508.0	4962.0	3236.0	1045.0	4814.0	2756.0	2678.0	1470.0	4263.0	605.0	1370.0	1649.0	775.0	1753.0	1600.0	4077.0	1021.0	3802.0	4468.0	660.0	3578.0	8808.0	4341.0	4822.0	3633.0	349.0	2164.0	81693.1	1070266.0	1490168.9519
sub-3857	622.0	1790.0	1843.0	376.0	2453.0	4523.0	3018.0	706.0	4291.0	2381.0	3009.0	1262.0	3516.0	684.0	1460.0	1193.0	642.0	1324.0	1437.0	3381.0	1015.0	3498.0	3320.0	627.0	3575.0	7659.0	3414.0	4377.0	2739.0	302.0	1873.0	72308.7	923704.0	1224845.801009
sub-3859	766.0	2114.0	1879.0	303.0	2672.0	5572.0	3807.0	811.0	4860.0	2886.0	2937.0	1391.0	4428.0	754.0	1491.0	1440.0	621.0	1165.0	1376.0	4260.0	1328.0	4216.0	3824.0	661.0	3642.0	8644.0	4196.0	4552.0	3404.0	341.0	2053.0	82393.1	1093625.0	1496401.414663
sub-4004	911.0	2347.0	1990.0	317.0	2328.0	4473.0	3088.0	828.0	4500.0	2652.0	2945.0	1632.0	3882.0	579.0	1391.0	1290.0	538.0	1242.0	1648.0	3763.0	1059.0	4604.0	3968.0	799.0	3464.0	8222.0	3955.0	4621.0	3229.0	284.0	2040.0	78589.6	986114.0	1402578.950185
sub-4010	737.0	2567.0	1429.0	302.0	2448.0	3893.0	3054.0	867.0	4987.0	2821.0	2645.0	1308.0	3702.0	657.0	1452.0	1445.0	577.0	1238.0	1097.0	3873.0	1144.0	4311.0	3778.0	729.0	3866.0	8818.0	3708.0	4291.0	2904.0	276.0	1854.0	76778.2	1070106.0	1453692.080473
sub-4018	918.0	2106.0	1919.0	406.0	2991.0	4659.0	3754.0	957.0	4911.0	3387.0	2954.0	1520.0	3745.0	718.0	1551.0	1559.0	669.0	1637.0	1455.0	4088.0	1150.0	4610.0	3745.0	752.0	4332.0	9168.0	3937.0	5250.0	4000.0	424.0	2324.0	85598.6	1050746.0	1469438.251191
sub-4032	647.0	1877.0	1966.0	406.0	2871.0	5153.0	3542.0	922.0	5103.0	2990.0	3584.0	1424.0	3803.0	737.0	1384.0	1575.0	547.0	1433.0	1759.0	4072.0	1015.0	4306.0	4114.0	645.0	4042.0	8400.0	4302.0	4862.0	3216.0	331.0	2092.0	83119.2	991489.0	1345939.570579
sub-4067	782.0	2842.0	1788.0	364.0	2902.0	5175.0	3804.0	949.0	4946.0	3226.0	2867.0	1487.0	4784.0	714.0	1467.0	1545.0	770.0	1253.0	1483.0	4722.0	1100.0	5180.0	4703.0	957.0	4328.0	10132.0	5052.0	5216.0	4080.0	380.0	2475.0	91472.0	1123070.0	1598247.41092
sub-4085	843.0	1902.0	2107.0	377.0	2470.0	3742.0	3398.0	886.0	4656.0	2450.0	2986.0	1436.0	3462.0	512.0	1748.0	1266.0	602.0	1305.0	1331.0	4194.0	1226.0	4834.0	3520.0	766.0	3586.0	8395.0	3297.0	4479.0	3644.0	364.0	2093.0	77874.6	985185.0	1449533.278444
sub-4139	771.0	2376.0	1695.0	416.0	2816.0	5783.0	3295.0	1111.0	4962.0	2917.0	3132.0	1376.0	4071.0	586.0	1342.0	1660.0	679.0	1236.0	1499.0	5309.0	1330.0	4957.0	4212.0	884.0	4028.0	8256.0	4853.0	4823.0	3564.0	337.0	2226.0	86502.4	1004334.0	1543326.123461
