rh.aparc.DKTatlas.thickness	rh_caudalanteriorcingulate_thickness	rh_caudalmiddlefrontal_thickness	rh_cuneus_thickness	rh_entorhinal_thickness	rh_fusiform_thickness	rh_inferiorparietal_thickness	rh_inferiortemporal_thickness	rh_isthmuscingulate_thickness	rh_lateraloccipital_thickness	rh_lateralorbitofrontal_thickness	rh_lingual_thickness	rh_medialorbitofrontal_thickness	rh_middletemporal_thickness	rh_parahippocampal_thickness	rh_paracentral_thickness	rh_parsopercularis_thickness	rh_parsorbitalis_thickness	rh_parstriangularis_thickness	rh_pericalcarine_thickness	rh_postcentral_thickness	rh_posteriorcingulate_thickness	rh_precentral_thickness	rh_precuneus_thickness	rh_rostralanteriorcingulate_thickness	rh_rostralmiddlefrontal_thickness	rh_superiorfrontal_thickness	rh_superiorparietal_thickness	rh_superiortemporal_thickness	rh_supramarginal_thickness	rh_transversetemporal_thickness	rh_insula_thickness	rh_MeanThickness_thickness	BrainSegVolNotVent	eTIV
sub-002S0413	2.795	2.63	2.032	3.535	2.713	2.47	2.819	2.493	2.202	2.782	2.065	2.271	2.836	2.657	2.754	2.642	2.708	2.479	1.833	2.175	2.439	2.744	2.463	2.859	2.437	2.689	2.336	2.763	2.585	2.608	3.076	2.53282	1043570.0	1434783.667073
sub-003S0907	2.544	2.088	1.624	2.563	2.248	1.964	2.494	2.033	1.748	2.479	1.822	2.272	2.325	2.464	1.933	2.295	1.972	2.061	1.465	1.711	2.249	1.921	1.911	3.335	1.992	2.218	1.691	2.409	2.117	1.996	2.669	2.06417	830648.0	1408413.108412
sub-003S4081	2.615	2.232	1.99	3.546	2.754	2.388	2.864	2.827	2.067	2.642	2.077	2.506	2.677	2.749	2.642	2.457	2.455	2.024	1.82	1.78	2.74	2.458	2.272	2.724	2.009	2.286	2.09	2.598	2.437	2.226	2.881	2.36195	802208.0	1175637.939837
sub-003S4119	2.066	2.203	1.881	3.583	2.804	2.44	2.779	2.486	2.135	2.307	1.985	2.262	2.779	2.95	2.282	2.289	2.331	1.998	1.572	1.799	2.327	2.25	2.224	2.394	1.908	2.192	1.731	2.739	2.438	2.628	3.03	2.27727	1097280.0	1554660.626879
sub-003S4840	2.339	2.059	1.759	3.883	2.838	2.141	2.757	2.3	2.226	2.36	2.023	2.427	2.725	2.677	2.189	2.226	2.473	2.109	1.57	1.831	2.265	2.231	2.096	2.547	1.872	2.162	1.805	2.704	2.254	2.3	2.953	2.2506	1093699.0	1465878.997079
sub-003S4900	2.366	2.052	1.782	4.315	2.865	2.447	2.874	2.687	2.339	2.641	2.204	2.36	2.879	2.83	2.272	2.612	2.453	1.967	1.672	1.892	2.521	2.332	2.337	2.622	1.86	2.212	2.163	2.759	2.5	2.01	2.974	2.38039	965584.0	1215871.483799
sub-005S0553	2.876	1.985	1.768	2.903	2.36	1.989	2.654	2.17	1.906	2.379	1.87	2.163	2.376	2.909	2.116	2.274	2.457	2.171	1.5	1.777	2.428	2.151	2.042	2.685	1.979	2.243	1.839	2.585	2.141	2.512	2.81	2.15954	914545.0	1540761.958465
sub-006S0731	2.863	2.227	1.73	3.82	2.659	2.127	2.8	2.287	2.097	2.349	1.913	2.336	2.823	2.674	1.959	2.162	2.53	2.373	1.702	1.752	2.456	2.145	1.95	3.372	2.335	2.379	1.884	2.586	2.129	2.1	2.874	2.24791	982815.0	1494517.802949
sub-006S4357	2.669	2.346	1.845	3.739	2.624	2.289	2.591	2.848	2.056	2.55	1.976	2.248	2.489	3.299	2.155	2.24	2.39	2.171	1.678	1.885	2.408	2.382	2.269	2.772	2.186	2.364	2.12	2.541	2.257	2.415	2.643	2.30424	876200.0	1148315.525837
sub-007S1222	2.283	2.097	1.647	3.182	2.492	2.144	2.634	2.173	1.912	2.524	1.816	2.193	2.506	2.298	2.104	2.115	2.528	2.236	1.586	1.864	2.102	2.142	2.076	2.539	2.193	2.238	1.861	2.409	2.313	1.963	2.877	2.18829	878698.0	1288190.030933
sub-007S4387	2.208	2.288	1.807	3.979	2.761	2.162	2.678	2.385	2.091	2.434	2.033	2.34	2.524	2.695	2.037	2.385	2.375	2.313	1.573	1.896	2.307	2.296	2.148	2.672	2.174	2.259	1.981	2.685	2.251	2.256	2.741	2.27724	953907.0	1382234.644424
sub-007S4620	2.819	2.293	1.881	2.637	2.625	2.453	2.865	2.259	2.138	2.541	1.896	2.362	2.824	2.148	2.36	2.325	2.399	2.193	1.454	1.896	2.707	2.376	2.371	2.947	2.045	2.385	2.042	2.648	2.453	2.41	2.693	2.34702	934333.0	1454466.949158
sub-007S4637	2.56	2.244	1.815	4.242	2.596	2.33	2.837	2.858	2.179	2.515	2.15	2.276	2.665	3.252	2.168	2.261	2.681	2.074	1.611	1.781	2.461	2.236	2.224	2.605	2.105	2.388	1.919	2.709	2.331	2.595	2.852	2.31727	925630.0	1309197.040793
sub-009S4337	1.869	2.273	1.959	3.64	2.578	2.297	2.736	2.128	2.216	2.505	1.872	2.284	2.793	2.741	2.311	2.374	2.59	2.278	1.726	2.148	1.903	2.342	2.38	2.376	2.151	2.316	2.217	2.674	2.379	2.28	2.591	2.35215	981663.0	1519435.175716
sub-009S4388	2.393	2.524	1.861	3.433	2.592	2.47	2.806	2.196	2.127	2.392	2.028	2.317	2.696	2.653	2.316	2.459	2.536	2.095	1.714	2.087	2.287	2.452	2.317	2.796	2.272	2.471	2.225	2.746	2.528	2.221	2.771	2.3981	1125127.0	1661044.528962
sub-011S0021	2.598	2.435	1.708	2.821	2.959	2.352	2.852	2.43	1.985	2.498	1.862	2.494	2.793	2.662	2.258	2.423	2.531	2.288	1.475	1.808	2.476	2.252	2.24	2.713	2.463	2.474	1.953	2.697	2.262	1.911	2.859	2.33679	881832.0	1399725.995319
sub-013S4616	2.039	2.263	1.926	3.485	2.328	2.151	2.491	1.934	2.006	2.366	1.974	2.508	2.448	2.264	2.292	2.31	2.652	2.236	1.715	1.839	1.717	2.281	2.259	2.242	2.123	2.259	2.057	2.267	2.135	1.79	2.563	2.1923	1023904.0	1835733.260113
sub-014S0548	2.534	2.166	1.721	2.438	2.265	2.039	2.296	1.943	1.966	2.249	1.891	2.135	2.216	2.236	2.005	2.193	2.245	1.924	1.504	1.675	2.204	2.007	1.834	2.778	1.849	2.136	1.777	2.245	1.986	1.511	2.38	2.03277	1009317.0	1551078.622055
sub-014S4577	2.06	2.271	1.752	2.509	2.45	2.188	2.596	2.044	2.074	2.545	1.927	2.606	2.422	2.119	2.023	2.415	2.555	2.153	1.625	1.783	2.26	2.227	1.998	2.776	2.201	2.401	1.943	2.425	2.27	1.942	2.689	2.22462	975236.0	1457798.214596
sub-016S0359	2.422	2.251	1.698	2.765	2.55	2.146	2.533	2.645	1.956	2.722	1.859	2.394	2.491	2.891	2.111	2.204	2.328	2.408	1.471	1.763	2.371	2.186	2.193	3.148	2.195	2.422	1.74	2.447	2.274	2.061	2.616	2.2287	779887.0	1204786.766552
sub-016S4638	2.242	1.984	1.69	3.683	2.493	2.047	2.523	2.342	1.956	2.435	1.839	2.379	2.448	2.747	2.225	2.294	2.363	2.003	1.619	1.785	2.101	2.265	2.102	2.153	1.933	2.094	1.676	2.655	2.201	2.166	2.716	2.15584	1123776.0	1551342.631427
sub-018S0055	2.166	2.279	1.489	3.284	2.344	2.227	2.707	2.218	1.919	2.328	1.944	2.171	2.662	2.292	2.098	2.245	2.328	2.221	1.408	1.691	2.284	2.119	2.019	2.511	2.005	2.405	1.737	2.37	2.241	1.652	2.641	2.17666	1070673.0	1860745.580041
sub-021S0337	1.895	2.253	1.781	2.863	2.316	2.292	2.554	1.788	2.05	2.443	1.821	2.436	2.676	2.114	2.169	2.398	2.453	2.09	1.857	1.78	2.087	2.15	2.007	2.6	2.241	2.289	1.877	2.414	2.265	2.019	2.975	2.22247	972890.0	1733725.17371
sub-021S0984	1.924	2.222	1.617	3.005	2.341	2.17	2.427	1.963	1.879	2.296	1.794	2.0	2.515	2.264	2.029	2.253	2.235	1.926	1.425	1.886	1.826	2.316	2.093	2.415	1.959	2.137	1.988	2.374	2.319	1.722	2.618	2.13312	1119046.0	1780061.527691
sub-021S4254	2.891	2.192	1.67	2.144	2.488	1.911	2.53	2.108	2.144	2.579	1.955	2.281	2.33	2.601	2.326	2.242	2.163	2.281	1.661	1.684	2.462	2.154	2.06	2.994	2.155	2.373	1.833	2.151	2.065	1.653	2.618	2.15013	802264.0	1226951.352632
sub-021S4276	2.257	2.404	1.91	3.231	2.644	2.344	2.697	2.452	2.31	2.625	1.889	2.54	2.835	2.525	2.45	2.381	2.891	2.22	1.44	2.053	2.377	2.417	2.345	3.191	2.16	2.526	2.186	2.669	2.343	2.598	3.006	2.40133	958909.0	1419124.800091
sub-021S4421	3.037	2.297	1.893	3.638	2.688	2.506	2.749	2.506	2.121	2.639	2.025	2.381	2.734	2.967	2.613	2.438	2.728	2.232	1.804	2.195	2.617	2.448	2.62	2.954	2.252	2.449	2.294	2.851	2.654	2.524	2.825	2.46553	1118963.0	1559761.67399
sub-021S4558	2.135	2.326	1.8	3.532	2.398	2.354	2.67	2.187	2.237	2.448	1.897	2.166	2.497	2.566	2.282	2.228	2.212	2.218	1.824	1.85	2.327	2.484	2.361	2.521	2.205	2.404	2.057	2.572	2.159	2.128	2.439	2.29702	984865.0	1346075.933956
sub-022S0096	2.205	2.309	1.907	3.128	2.423	2.195	2.369	1.927	2.085	2.516	1.858	2.362	2.583	2.393	2.097	2.232	2.277	2.232	1.53	1.878	1.97	2.218	2.374	2.422	2.136	2.228	2.155	2.42	2.089	1.985	2.725	2.22721	1044110.0	1865691.684976
sub-022S0130	2.224	2.302	1.921	3.436	2.687	2.302	2.706	2.226	2.013	2.507	1.855	2.358	2.953	2.737	2.433	2.323	2.431	2.199	1.581	2.01	2.331	2.283	2.131	2.426	2.195	2.405	2.037	2.621	2.394	2.235	2.688	2.33145	1224257.0	1824513.724349
sub-023S0061	2.759	2.327	1.781	3.236	2.441	2.217	2.563	1.975	1.911	2.588	1.854	2.541	2.55	2.297	2.253	2.243	2.477	2.16	1.608	1.851	2.259	2.316	2.257	2.605	2.171	2.508	2.012	2.584	2.452	2.429	3.05	2.29306	903813.0	1468317.32641
sub-023S4020	2.148	2.53	1.852	3.934	2.645	2.315	2.842	2.676	2.139	2.56	2.063	2.454	2.777	2.622	2.377	2.539	2.636	2.349	1.579	2.038	2.513	2.505	2.323	2.8	2.275	2.475	2.1	2.883	2.438	2.332	2.744	2.41851	1184013.0	1629247.110685
sub-024S4084	2.852	2.645	2.06	3.577	2.874	2.426	2.813	2.435	2.422	2.726	2.217	2.277	2.772	2.65	2.643	2.603	2.552	2.285	1.605	2.151	2.472	2.6	2.487	3.053	2.299	2.638	2.14	2.851	2.525	2.55	3.064	2.5248	1052934.0	1473387.09007
sub-024S4158	2.737	2.057	1.787	3.101	2.465	2.194	2.578	2.28	1.973	2.74	1.877	2.224	2.558	2.535	2.214	2.473	2.405	2.252	1.476	1.71	2.248	2.202	2.131	2.876	2.178	2.291	1.829	2.373	2.167	2.001	2.69	2.20671	935150.0	1445480.922305
sub-027S0120	2.189	2.128	1.729	3.671	2.545	2.121	2.577	2.082	1.989	2.392	1.956	2.43	2.457	2.212	2.098	2.271	2.289	1.999	1.43	1.79	2.158	2.062	2.042	2.799	1.937	2.177	1.849	2.51	2.171	2.27	2.745	2.15188	1049728.0	1537996.243965
sub-029S4279	2.384	2.24	1.747	2.91	2.338	2.113	2.559	2.045	2.131	2.451	1.686	2.27	2.62	2.249	2.163	2.502	2.484	2.434	1.374	1.776	2.601	2.347	2.094	2.924	2.234	2.357	1.813	2.6	2.128	2.213	3.115	2.24214	948903.0	1473247.886144
sub-029S4290	2.622	2.25	1.849	3.027	2.516	2.329	2.627	2.329	2.139	2.536	2.251	2.585	2.553	2.471	2.401	2.46	2.651	2.231	1.67	1.769	2.447	2.366	2.194	3.017	2.151	2.437	2.999	2.573	2.35	2.303	2.976	2.36051	1043145.0	1629681.569519
sub-029S4585	2.268	2.008	1.781	3.884	2.608	2.196	2.674	2.228	1.967	2.389	1.685	2.241	2.7	2.887	2.213	2.405	2.394	2.291	1.7	1.849	2.314	2.32	2.18	2.978	2.044	2.105	1.944	2.651	2.358	2.402	2.968	2.24096	1019269.0	1493982.898757
sub-031S4218	2.257	2.681	1.985	3.651	2.55	2.464	2.864	2.209	1.998	2.514	1.981	2.083	2.82	2.157	2.54	2.637	2.366	2.336	1.601	2.19	1.972	2.767	2.518	2.846	2.143	2.523	2.271	2.928	2.524	2.546	2.979	2.43732	1062316.0	1676577.148778
sub-031S4474	2.193	2.227	1.549	3.001	2.206	1.872	2.575	1.848	1.825	2.521	1.781	2.186	2.277	2.0	2.058	2.126	2.254	1.988	1.495	1.687	2.165	2.045	1.818	2.505	1.914	2.173	1.699	2.192	1.997	1.536	2.669	2.04848	1035531.0	1769607.560528
sub-032S1169	3.436	2.379	1.855	2.587	2.558	2.222	2.535	2.286	2.05	2.677	2.039	2.365	2.548	2.567	2.337	2.56	2.265	2.412	1.527	2.003	2.7	2.407	2.152	3.1	2.311	2.595	1.791	2.429	2.401	1.865	2.811	2.31579	949083.0	1580492.676993
sub-032S4304	2.123	2.398	1.988	3.786	2.588	2.361	2.774	2.342	2.067	2.528	2.043	2.366	2.629	2.579	2.386	2.495	2.391	2.356	1.661	1.916	2.123	2.258	2.302	2.893	2.185	2.375	2.007	2.665	2.408	2.217	2.743	2.32808	980358.0	1533461.717825
sub-032S4348	2.33	2.16	1.871	3.36	2.58	2.285	2.625	2.063	2.117	2.555	2.139	2.309	2.629	2.392	2.252	2.411	2.351	2.211	1.892	1.987	2.284	2.225	2.253	2.527	2.032	2.237	2.075	2.671	2.363	2.255	2.689	2.29748	893037.0	1301466.470618
sub-032S4429	2.525	2.259	2.065	3.789	2.77	2.352	2.695	2.205	2.138	2.395	2.078	2.002	2.697	2.434	2.245	2.277	2.299	2.125	1.826	2.134	2.46	2.441	2.397	2.689	2.11	2.267	2.129	2.827	2.477	2.6	2.773	2.36169	1089492.0	1618187.341209
sub-032S4921	2.195	2.168	1.892	3.151	2.423	2.193	2.65	2.094	2.009	2.115	1.878	2.074	2.609	2.683	2.36	2.331	2.229	2.155	1.708	1.913	2.224	2.418	2.267	2.367	2.015	2.263	2.006	2.592	2.285	2.198	2.628	2.23928	1146116.0	1722084.793286
sub-033S0741	2.621	2.384	1.748	1.506	2.317	2.22	2.47	2.095	2.089	2.237	1.967	2.054	2.338	1.758	2.114	2.51	2.387	2.179	1.503	1.801	2.235	2.273	2.073	2.683	1.985	2.309	1.974	2.22	2.219	2.346	2.459	2.15922	981540.0	1493875.144498
sub-033S0920	2.616	2.281	1.693	1.807	2.38	2.199	2.417	2.326	1.891	2.65	1.785	2.481	2.274	2.239	2.212	2.216	2.581	2.183	1.485	1.893	2.167	2.275	2.163	2.632	2.104	2.424	2.044	2.198	2.248	1.973	2.588	2.1864	815844.0	1384241.903544
sub-033S0923	2.51	2.082	1.644	3.397	2.356	1.984	2.507	2.224	2.032	2.392	1.808	2.378	2.623	2.625	2.012	2.135	2.097	2.096	1.468	1.815	2.196	1.784	1.979	3.69	2.151	2.32	1.763	2.446	2.542	1.891	2.785	2.16527	982231.0	1518761.598051
sub-033S1016	2.328	2.144	1.742	3.486	2.533	2.142	2.737	2.337	2.0	2.368	1.825	2.444	2.49	2.627	2.19	2.192	2.223	2.069	1.458	1.703	2.272	2.242	2.141	2.587	1.937	2.176	1.799	2.531	2.24	1.876	2.568	2.17431	973286.0	1346424.173932
sub-033S1098	2.271	2.249	1.77	3.153	2.124	2.076	2.286	1.96	1.847	2.71	1.8	2.82	2.416	2.417	2.149	2.215	2.657	2.223	1.596	1.846	2.151	2.329	2.052	3.113	2.267	2.326	1.85	2.597	2.182	2.486	2.897	2.19816	852234.0	1209465.326417
sub-033S4176	2.177	2.124	1.734	3.7	2.502	2.1	2.499	2.204	1.945	2.21	1.88	2.101	2.49	2.351	2.206	2.503	2.46	2.037	1.59	1.795	2.312	2.379	1.994	2.494	2.079	2.294	1.853	2.489	2.243	2.169	2.692	2.18431	1076897.0	1686863.417342
sub-035S0555	2.69	2.299	1.815	2.865	2.246	2.177	2.55	2.428	1.996	2.506	1.934	2.288	2.628	2.21	2.277	2.454	2.48	2.234	1.537	1.756	2.519	2.324	2.161	2.767	2.205	2.266	1.924	2.593	2.26	2.074	2.684	2.23638	1098291.0	1797852.000764
sub-035S4464	2.303	2.537	1.859	3.027	2.735	2.498	2.819	2.48	2.299	2.621	2.112	2.588	2.707	2.85	2.491	2.574	2.703	2.437	1.6	2.079	2.413	2.61	2.425	2.726	2.272	2.514	2.241	2.948	2.676	2.347	3.13	2.49143	1039995.0	1468826.877637
sub-036S4389	2.645	2.205	1.708	3.341	2.606	2.126	2.541	2.259	2.029	2.594	1.927	2.299	2.629	2.634	2.18	2.415	2.561	2.102	1.386	1.894	2.347	2.096	2.203	2.754	2.252	2.434	1.912	2.574	2.351	1.938	2.966	2.25911	1179991.0	1729175.073613
sub-037S0467	2.397	2.434	2.159	3.266	2.676	2.43	2.732	2.133	2.248	2.572	2.136	2.151	2.687	2.579	2.579	2.404	2.429	2.322	1.809	2.034	2.23	2.358	2.35	2.543	2.308	2.45	2.356	2.553	2.426	1.953	2.814	2.3945	978344.0	1521761.415559
sub-037S4028	2.532	2.266	1.913	3.243	2.595	2.235	2.518	2.409	2.039	2.597	1.937	2.224	2.653	2.559	2.428	2.53	2.54	2.463	1.481	2.008	2.303	2.471	2.347	2.667	2.216	2.466	2.099	2.72	2.448	2.344	2.939	2.35441	972720.0	1281632.81895
sub-037S4071	1.985	2.229	1.752	3.469	2.621	2.299	2.659	2.034	1.99	2.185	1.993	2.19	2.655	3.064	2.341	2.278	2.145	2.17	1.554	1.864	2.129	2.232	2.142	2.328	1.908	2.168	1.973	2.563	2.297	2.186	2.774	2.22138	1078518.0	1666989.101814
sub-037S4410	2.798	2.453	1.677	3.568	2.803	2.408	2.67	2.518	2.158	2.699	2.024	2.229	2.676	2.533	2.628	2.454	2.651	2.294	1.584	2.096	2.57	2.626	2.329	2.837	2.213	2.464	2.054	2.733	2.417	2.516	2.678	2.41456	949949.0	1324266.288626
sub-041S4014	2.324	2.326	1.811	2.988	2.821	2.228	3.009	2.223	2.105	2.546	2.126	2.541	2.668	2.585	2.199	2.535	2.659	2.264	1.58	1.879	2.151	2.417	2.194	2.828	2.245	2.288	1.897	2.669	2.448	2.378	2.84	2.33483	1106171.0	1801751.175572
sub-041S4041	2.518	2.404	1.926	2.864	2.738	2.396	2.85	2.135	2.299	2.931	2.118	3.014	2.675	2.697	2.114	2.51	2.687	2.488	1.739	1.868	2.118	2.42	2.332	3.202	2.495	2.528	2.049	2.726	2.502	2.526	2.973	2.4145	790821.0	1203112.679803
sub-041S4083	2.032	2.26	1.862	3.468	2.761	2.286	2.627	2.062	2.237	2.563	2.162	2.103	2.682	2.765	2.436	2.473	2.748	2.291	1.703	1.985	2.174	2.31	2.277	2.586	2.194	2.417	1.892	2.759	2.355	2.193	2.716	2.33179	1047720.0	1677963.978527
sub-041S4427	2.252	2.257	1.966	3.499	2.572	2.259	2.87	2.541	2.195	2.42	1.923	2.269	2.774	2.606	2.436	2.522	2.408	2.442	1.729	1.883	2.385	2.258	2.272	2.494	2.301	2.419	1.982	2.945	2.332	2.282	2.802	2.35608	1220515.0	1774986.284713
sub-041S4509	2.074	2.395	1.696	3.408	2.621	2.32	2.744	2.376	2.012	2.479	1.915	2.27	2.745	2.76	2.279	2.317	2.578	2.25	1.609	1.958	2.277	2.468	2.228	2.913	2.189	2.329	2.062	2.63	2.399	2.272	2.782	2.31872	942469.0	1389059.627127
sub-053S4578	2.176	2.333	1.723	3.297	2.435	2.011	2.795	2.015	1.97	2.386	1.749	2.103	2.607	2.649	2.176	2.299	2.569	2.307	1.514	1.876	2.254	2.489	2.084	2.237	1.997	2.314	1.853	2.736	2.178	2.266	2.912	2.22595	1155709.0	1622265.618668
sub-067S0059	3.195	2.523	1.915	3.328	2.688	2.465	3.042	2.518	2.336	2.685	2.188	2.428	2.731	2.876	2.442	2.48	2.831	2.444	1.749	1.98	2.713	2.521	2.444	3.177	2.434	2.607	2.296	2.988	2.534	2.306	3.045	2.51844	842259.0	1211959.177919
sub-067S0257	2.43	2.175	1.825	2.499	2.465	2.129	2.475	2.478	2.049	2.641	1.865	2.337	2.493	2.449	2.221	2.397	2.814	2.371	1.728	1.763	2.168	1.984	2.135	2.585	2.075	2.178	1.923	2.394	2.311	1.912	2.936	2.18982	788431.0	1309398.763014
sub-068S0127	2.664	2.17	1.665	3.52	2.745	2.172	2.637	2.173	2.001	2.461	1.945	2.0	2.621	2.813	2.009	2.218	2.543	2.241	1.372	1.751	2.19	1.997	2.139	2.902	2.208	2.403	1.872	2.553	2.318	1.845	2.782	2.23681	906936.0	1487978.19322
sub-068S0473	2.214	2.316	1.792	3.182	2.519	2.179	2.693	2.56	2.02	2.531	1.92	2.263	2.611	2.651	2.355	2.365	2.483	2.211	1.529	1.836	2.147	2.379	2.299	2.562	2.192	2.404	2.053	2.58	2.224	2.219	2.894	2.29647	1039114.0	1594956.226897
sub-068S4340	2.484	2.355	1.643	3.279	2.789	2.266	2.821	2.245	2.076	2.42	2.016	2.453	2.647	2.212	2.315	2.583	2.475	2.155	1.514	1.849	2.345	2.512	2.252	2.778	2.091	2.335	1.916	2.775	2.385	2.24	2.858	2.33992	1149412.0	1598231.936423
sub-070S4856	2.434	2.461	2.035	3.707	2.785	2.568	3.106	2.485	2.337	2.659	2.089	2.359	2.978	3.063	2.145	2.571	2.363	2.358	1.597	2.075	2.203	2.523	2.418	2.724	2.228	2.556	2.276	2.92	2.519	2.413	3.002	2.49607	987809.0	1502186.473274
sub-073S0311	2.731	2.384	1.864	3.711	2.473	2.3	2.74	2.199	2.039	2.591	2.034	2.076	2.756	2.744	2.153	2.622	2.575	2.337	1.788	1.898	2.577	2.17	2.203	2.874	2.286	2.538	2.026	2.68	2.272	2.208	3.164	2.32894	779850.0	1353785.343773
sub-073S4382	2.512	2.508	1.956	3.427	2.439	2.351	2.59	2.082	2.112	2.599	2.124	2.408	2.646	2.853	2.426	2.496	2.688	2.368	1.557	2.084	2.337	2.423	2.357	3.044	2.415	2.509	2.202	2.729	2.423	2.243	2.828	2.39676	855838.0	1240396.964162
sub-073S4552	2.579	2.549	1.885	4.017	2.734	2.471	2.913	2.404	2.157	2.501	2.08	2.335	2.683	2.009	2.533	2.451	2.629	2.175	1.562	2.031	2.595	2.564	2.435	2.632	2.187	2.462	2.179	2.695	2.588	2.268	2.889	2.42229	1124721.0	1686013.078852
sub-073S4739	2.338	2.391	2.008	3.322	2.587	2.349	2.717	2.424	2.193	2.333	2.119	2.157	2.633	2.603	2.381	2.451	2.499	2.338	1.766	1.962	2.403	2.396	2.314	2.645	2.279	2.371	2.057	2.699	2.432	2.266	2.871	2.35791	1061739.0	1595360.439445
sub-094S4234	2.183	2.118	1.717	3.037	2.735	2.05	2.697	2.113	2.213	2.506	2.008	2.285	2.633	2.774	2.133	2.182	2.572	2.245	1.704	1.646	2.414	2.199	2.006	2.655	2.018	2.147	1.751	2.516	1.97	2.198	2.505	2.19094	1016493.0	1480659.842449
sub-094S4460	2.316	2.377	1.682	2.869	2.497	2.227	2.79	2.337	1.861	2.356	1.819	2.095	2.815	2.696	2.128	2.156	2.217	2.331	1.626	1.941	2.629	2.056	2.299	2.572	2.173	2.341	1.97	2.79	2.406	1.816	2.686	2.29517	957220.0	1251929.392674
sub-094S4503	2.422	2.223	1.943	3.686	2.743	2.372	2.931	2.043	2.174	2.432	1.96	2.506	2.803	3.113	2.443	2.467	2.74	2.159	1.811	2.035	2.216	2.4	2.338	3.087	2.11	2.339	2.118	2.729	2.389	2.509	3.071	2.39002	983969.0	1511371.479389
sub-094S4560	2.246	2.406	1.737	3.689	2.672	2.252	2.864	2.133	2.013	2.727	1.882	2.557	2.821	2.733	2.25	2.533	2.436	2.126	1.38	1.887	2.314	2.48	2.174	2.621	2.108	2.373	1.959	2.858	2.475	2.239	2.918	2.33915	900796.0	1299119.648656
sub-098S4003	2.623	2.23	2.067	3.409	2.656	2.188	2.676	2.482	2.185	2.585	2.033	2.302	2.565	2.774	2.436	2.327	2.792	2.127	1.782	1.862	2.256	2.473	2.167	2.699	2.067	2.381	1.934	2.675	2.288	2.499	2.781	2.32363	938372.0	1412115.771445
sub-098S4018	2.891	2.154	1.781	3.057	2.292	2.186	2.649	2.465	2.061	2.485	1.938	2.134	2.544	2.885	2.167	2.346	2.502	2.046	1.739	1.759	2.585	2.228	2.218	2.735	2.02	2.394	1.837	2.444	2.165	2.431	2.623	2.2269	999956.0	1520072.022625
sub-098S4506	2.672	2.273	1.843	3.596	2.461	2.114	2.478	2.002	1.929	2.438	1.949	2.298	2.471	2.926	2.334	2.31	2.465	2.139	1.548	1.676	2.223	2.305	2.064	2.777	2.11	2.369	1.817	2.422	2.284	2.025	2.559	2.20729	996595.0	1487482.213176
sub-099S4076	2.658	2.387	1.805	3.654	2.667	2.453	2.671	2.154	2.107	2.558	2.045	2.344	2.755	2.668	2.405	2.538	2.601	2.443	1.664	1.986	2.272	2.527	2.401	2.686	2.159	2.519	2.006	2.764	2.422	2.205	3.044	2.40491	960431.0	1458660.399777
sub-099S4086	2.797	1.897	1.873	3.032	2.444	1.999	2.608	1.997	1.952	2.289	1.755	2.256	2.591	2.512	1.993	1.897	2.185	1.918	1.598	1.603	2.111	2.042	2.12	2.634	1.99	2.21	1.9	2.198	2.014	1.679	2.385	2.09466	739117.0	1276256.281275
sub-123S0298	2.445	2.288	1.629	3.652	2.505	2.209	2.668	2.155	1.973	2.515	1.803	2.007	2.64	2.386	2.018	2.469	2.403	2.143	1.355	1.631	2.241	2.208	2.022	2.497	2.242	2.411	1.89	2.671	2.308	2.642	2.779	2.22801	1011628.0	1471212.513437
sub-123S4362	2.433	2.271	1.884	3.613	2.654	2.415	2.643	2.432	2.257	2.55	2.038	2.149	2.738	2.705	2.35	2.424	2.519	2.258	1.577	1.98	2.455	2.499	2.419	2.475	2.236	2.363	2.165	2.686	2.561	2.201	2.983	2.39312	1008700.0	1381582.346649
sub-126S0605	2.273	2.03	1.721	3.389	2.379	2.113	2.347	2.301	1.753	2.324	1.831	2.254	2.425	2.699	2.15	2.123	2.214	2.046	1.364	1.872	2.329	2.203	2.028	2.572	1.89	2.229	1.905	2.419	2.233	2.329	2.745	2.13754	1122573.0	1772423.167376
sub-127S0259	2.599	1.932	1.599	2.779	2.169	1.856	2.393	2.584	1.825	2.359	1.68	2.163	2.291	2.068	2.025	2.11	1.871	1.783	1.459	1.549	2.264	1.789	1.804	2.345	1.76	1.956	1.625	2.14	1.847	2.135	2.578	1.9504	866432.0	1372588.868711
sub-127S4604	2.286	2.472	1.843	3.585	2.799	2.355	2.879	2.389	2.402	2.693	2.124	2.555	2.795	2.843	2.584	2.668	2.812	2.371	1.891	2.066	2.408	2.627	2.435	2.918	2.294	2.712	2.261	2.969	2.453	2.52	2.946	2.51567	1207184.0	1811092.169726
sub-127S4645	2.838	2.257	1.763	3.674	2.672	2.285	2.583	2.53	2.131	2.355	1.946	2.352	2.586	2.843	2.333	2.173	2.564	2.364	1.428	1.884	2.279	2.286	2.232	2.96	2.076	2.349	2.031	2.625	2.116	2.165	2.882	2.2822	1029591.0	1493284.888821
sub-127S4843	2.476	2.336	1.803	3.486	2.477	2.169	2.647	2.438	2.128	2.394	1.826	2.249	2.626	2.89	2.35	2.367	2.18	2.181	1.66	1.902	2.33	2.358	2.087	1.675	2.284	2.297	2.033	2.699	2.29	2.502	2.757	2.27725	1071255.0	1577433.084299
sub-128S0229	2.835	2.555	1.739	3.263	2.657	2.411	2.83	2.532	2.075	2.672	1.906	2.569	2.72	2.501	2.257	2.494	2.795	2.467	1.553	2.044	2.471	2.427	2.294	2.699	2.353	2.579	2.139	2.853	2.515	2.502	2.971	2.42861	921077.0	1386402.831908
sub-128S0230	2.054	2.083	1.669	1.666	1.762	1.875	2.153	2.026	1.746	2.095	1.696	1.878	2.076	1.8	1.985	1.922	2.379	1.94	1.398	1.56	2.385	1.976	1.894	2.196	1.985	2.033	1.519	1.993	1.891	1.42	2.548	1.91061	1032116.0	1767317.164632
sub-128S0272	2.353	2.491	1.787	3.316	2.664	2.319	2.682	2.362	2.144	2.503	1.912	2.273	2.719	2.785	2.405	2.378	2.46	2.399	1.812	2.036	2.343	2.42	2.207	2.633	2.278	2.424	1.967	2.627	2.423	2.406	2.882	2.34679	1073818.0	1591402.823901
sub-128S0522	2.33	1.757	1.642	3.171	2.098	1.9	2.385	1.911	1.664	2.25	1.572	2.076	2.281	2.355	1.713	2.148	2.046	1.888	1.433	1.446	2.093	1.513	1.84	2.442	1.782	1.892	1.584	2.246	1.848	1.626	2.68	1.89552	1041199.0	1782665.663273
sub-128S4586	2.63	2.199	1.684	3.165	2.624	2.122	2.647	2.121	2.109	2.773	1.997	2.666	2.618	2.458	2.144	2.329	2.553	2.255	1.591	1.835	2.537	2.155	2.136	2.728	2.308	2.434	1.865	2.487	2.151	2.345	2.836	2.26864	1015171.0	1596258.505287
sub-128S4599	2.51	2.663	1.934	4.201	3.016	2.642	2.996	2.561	2.455	2.469	2.398	2.531	2.91	2.575	2.541	2.67	2.661	2.445	1.494	2.034	2.203	2.673	2.532	2.51	2.358	2.493	2.293	3.078	2.608	2.474	3.163	2.55347	1256620.0	1724565.254916
sub-128S4607	2.18	2.457	1.913	2.778	2.727	2.405	2.804	2.191	2.172	2.534	2.081	2.293	2.792	2.419	2.442	2.655	2.834	2.138	1.639	2.11	2.33	2.731	2.337	2.504	2.253	2.41	2.149	2.861	2.562	2.661	3.093	2.43352	1052295.0	1436736.098484
sub-129S0778	2.802	2.14	2.05	3.702	2.76	2.181	2.691	2.479	2.236	2.383	2.103	2.286	2.616	2.679	2.404	2.239	2.607	2.263	1.813	1.896	2.758	2.197	2.233	3.021	2.171	2.389	2.07	2.405	2.197	2.129	2.988	2.31672	960316.0	1533577.273602
sub-130S0969	2.563	2.054	1.953	3.931	2.609	2.23	2.615	2.593	2.133	2.651	2.022	2.109	2.514	2.541	2.16	2.304	2.431	1.988	1.553	1.919	2.9	2.077	2.445	2.727	2.107	2.292	2.288	2.43	2.283	2.164	2.499	2.27421	1044544.0	1649002.749342
sub-131S0123	2.705	1.914	1.708	2.67	2.484	2.104	2.436	2.153	2.11	2.332	1.918	2.183	2.464	2.17	2.108	2.228	2.54	1.938	1.609	1.809	2.229	2.061	2.142	2.781	1.946	2.096	1.757	2.417	2.222	2.572	2.745	2.13644	854460.0	1301050.972383
sub-131S0441	2.344	2.01	1.594	2.668	2.251	2.093	2.674	1.945	1.938	2.669	1.752	2.568	2.606	2.389	2.034	2.208	2.433	2.26	1.441	1.692	2.256	2.0	2.001	3.146	2.091	2.367	1.851	2.544	2.185	1.959	2.854	2.15948	915273.0	1387284.002844
sub-136S4269	2.645	2.446	1.95	3.171	2.646	2.425	2.85	2.263	2.122	2.551	2.047	2.504	2.756	2.941	2.503	2.505	2.63	2.413	1.696	2.082	2.229	2.636	2.329	2.77	2.337	2.574	2.319	2.886	2.524	2.637	2.982	2.46481	1020457.0	1503077.923742
sub-136S4433	2.403	2.439	1.793	3.499	2.406	2.105	2.823	2.293	2.112	2.92	1.881	2.364	2.703	2.704	1.962	2.394	2.711	2.375	1.426	1.951	2.245	2.408	2.24	2.609	2.251	2.575	1.895	2.647	2.132	2.04	2.851	2.30874	970767.0	1394015.639521
sub-136S4727	2.474	2.414	1.768	3.558	2.791	2.266	2.626	2.653	2.137	2.535	1.999	2.227	2.737	2.363	2.223	2.557	2.906	2.518	1.557	1.933	2.399	2.498	2.221	2.666	2.137	2.5	2.052	2.711	2.323	2.281	2.881	2.36278	905352.0	1377380.590077
sub-137S0301	2.488	2.265	1.947	3.504	2.501	2.235	2.588	2.217	2.11	2.506	1.995	2.254	2.533	2.712	2.294	2.077	2.234	2.152	1.608	1.932	2.429	2.242	2.158	2.415	2.101	2.378	1.953	2.545	2.268	2.491	2.615	2.25724	1011048.0	1412721.870687
sub-137S0972	2.057	2.09	1.65	3.428	2.512	2.044	2.521	2.034	1.995	2.451	1.839	2.268	2.437	2.452	2.106	2.225	2.376	2.068	1.707	1.604	1.999	2.036	1.828	2.594	2.078	2.118	1.735	2.474	1.96	2.158	2.487	2.10592	939852.0	1431845.879816
sub-153S4151	2.239	2.317	1.871	3.061	2.527	2.317	2.771	2.195	2.129	2.557	2.188	2.204	2.757	2.482	2.266	2.454	2.595	2.416	1.691	2.057	2.337	2.341	2.294	2.721	2.468	2.468	2.174	2.848	2.394	2.368	2.618	2.39452	858567.0	1314784.546112
sub-941S1203	2.422	2.341	1.852	3.231	2.649	2.366	2.666	2.261	2.066	2.907	1.944	2.748	2.689	3.088	2.36	2.672	2.828	2.699	1.647	1.946	2.415	2.383	2.218	3.314	2.4	2.474	2.095	2.805	2.325	2.272	3.047	2.4019	869647.0	1406361.694575
sub-941S4100	2.796	2.34	1.816	3.493	2.729	2.283	2.684	2.146	2.161	2.55	2.033	2.224	2.673	2.766	2.275	2.403	2.669	2.239	1.401	2.051	2.212	2.426	2.203	2.463	2.197	2.363	2.05	2.618	2.284	2.051	2.917	2.33665	1011213.0	1579475.76931
sub-941S4255	2.486	2.305	1.903	3.337	2.695	2.386	2.742	2.273	2.187	2.371	1.969	2.285	2.695	2.598	2.212	2.458	2.367	2.336	1.732	1.993	2.169	2.318	2.169	2.519	2.193	2.308	2.065	2.669	2.51	2.333	2.964	2.34148	1046262.0	1592014.584867
